vectors:

 0.015416 -0.675537 -0.194262

 0.244911 -1.221890 -0.037268

 0.014669 -0.608881 0.145137

 0.133746 -1.142583 0.200380

 0.199129 -1.050040 0.181767

 0.293396 -0.549205 0.092838

 0.293396 -0.683736 -0.177967

 0.116481 -0.096161 -0.372810

 0.108106 -0.051990 -0.283895

 0.511153 -0.550697 0.190763

 0.468843 -0.556567 -0.011521

 0.659298 -0.664294 0.160120

 0.616988 -0.670164 -0.042164

 0.226181 -0.123483 -0.424489

 0.229365 -0.060680 -0.301387

 0.223930 -1.281364 0.195724

 0.074560 -1.283845 -0.041441

 0.172262 -1.312702 -0.218923

 0.215978 -0.527760 -0.314274

 0.215978 -0.452869 -0.165303

 0.057083 -0.524125 -0.300249

 0.057083 -0.452869 -0.165303

 0.186003 -0.243913 -0.350525

 0.067742 -0.238146 -0.338915

 0.087609 -0.183095 -0.226200

 0.205305 -0.188652 -0.239286

 0.068789 -0.260087 -0.597563

 0.150014 -0.265908 -0.609280

 0.152240 -0.286341 -0.583699

 0.071015 -0.280520 -0.571982

 0.235645 -0.354193 -0.115902

 0.235645 -0.404693 -0.317153

 0.042420 -0.404693 -0.317153

 0.042420 -0.354193 -0.115902

 0.529479 -0.817918 0.150099

 0.438714 -0.747996 0.169304

 0.505861 -0.819998 0.033245

 0.415097 -0.750075 0.052451

 0.560193 -0.796843 0.190333

 0.517883 -0.802712 -0.011952

 0.436371 -0.649301 0.221855

 0.394061 -0.655171 0.019570

 0.283248 -0.913378 0.230715

 0.283638 -0.869671 0.089036

 0.408486 -0.993161 0.206472

 0.412325 -0.939902 0.067696

 0.020199 -1.237099 -0.226059

 0.022351 -1.246413 -0.141706

 0.209485 -1.500692 -0.234539

 0.220902 -1.460250 0.261955

 0.195090 -1.421470 -0.249490

 0.208687 -1.340274 -0.042145

 0.553048 -1.513571 0.118995

 0.257337 -1.415866 0.012671

 0.169989 -1.283582 -0.084100

 0.209054 -1.636686 -0.302694

 0.229664 -1.032668 0.210065

 0.230972 -0.974035 0.007426

 0.312511 -1.193682 0.132244

 0.313070 -1.143009 -0.032120

 0.036214 -0.140503 -0.462067

 0.058726 -0.218964 -0.437106

 0.178289 -0.233340 -0.466045

 0.231798 -0.164019 -0.509405

 0.205302 -1.919503 0.167505

 0.230985 -1.937942 0.020529

 0.218398 -1.912318 -0.164797

 0.279731 -1.614413 0.300785

 0.325578 -1.556893 0.008715

 0.251830 -1.455434 -0.013251

 0.261308 -1.474154 0.095851

 0.248160 -1.790618 -0.249546

 0.266367 -1.738570 0.293159

 0.320699 -1.758513 0.035804

 0.032307 -1.393741 -0.288359

 0.000000 -0.612240 0.155535

 0.000000 -1.123520 0.290432

 0.000000 -0.612240 -0.153783

 0.000000 -1.189034 -0.078950

 0.000000 -0.996978 -0.235326

 0.000000 -1.049246 0.179143

 0.000000 -1.280043 0.261487

 0.000000 -1.249284 -0.087707

 0.190155 -1.360510 0.227782

 0.000000 -1.320781 -0.307622

 0.000000 -1.235178 -0.242585

 0.000000 -1.500124 -0.308784

 0.000000 -1.400205 -0.371024

 0.000000 -1.456321 0.308211

 0.000000 -1.593260 -0.325755

 0.000000 -1.951314 0.225295

 0.000000 -1.948943 -0.243541

 0.000000 -1.985640 0.019350

 0.000000 -1.590400 0.363802

 0.000000 -1.670297 -0.361894

 0.000000 -1.713515 0.371016

 0.000000 -1.871059 -0.330995

 0.000000 -1.360266 -0.337140

 0.000000 -1.454697 -0.314341

 0.073408 -1.384393 -0.320559

 0.067638 -1.586561 -0.328331

 0.128324 -1.384393 -0.304213

 0.170219 -1.578742 -0.302599

 0.056943 -1.533540 -0.325246

 0.133588 -1.511270 -0.305006

 0.187418 -1.419635 -0.286622

 0.252049 -1.552909 -0.273774

 0.190757 -1.479556 -0.282296

 0.220761 -1.661015 -0.339856

 0.000000 -1.754223 -0.391898

 0.495330 -1.533971 0.172025

 0.394505 -1.530729 0.139595

 0.520858 -1.631302 0.134318

 0.373570 -1.617727 0.059360

 0.401262 -1.564238 0.030251

 0.483924 -1.546521 0.095078

 0.412943 -1.523977 0.065299

 0.482739 -1.530486 0.107398

 0.090672 -1.230179 -0.028314

 0.127008 -1.147316 -0.136193

 0.022285 -1.104790 -0.172894

 0.014173 -0.999096 -0.257010

 0.051338 -0.939249 -0.256689

 0.141798 -0.919722 -0.207163

 0.243170 -1.049769 -0.047080

 0.201307 -1.134747 -0.109028

 0.243645 -1.223326 0.135380

 0.184824 -0.985642 0.149178

 0.211969 -0.959406 -0.126546

 0.000000 -0.960283 0.140566

 0.208472 -0.953329 -0.163363

 0.183607 -1.036274 -0.264151

 0.163475 -1.066263 -0.264841

 0.130644 -1.075430 -0.271513

 0.102644 -1.059532 -0.283751

 0.100121 -1.028236 -0.294351

 0.116091 -0.999538 -0.292870

 0.145716 -0.989967 -0.279013

 0.173450 -1.003962 -0.268262

 0.148472 -1.037873 -0.292313

 0.196840 -1.116821 -0.171324

 0.138299 -1.126809 -0.182935

 0.036400 -1.099507 -0.215415

 0.025614 -1.005677 -0.274357

 0.063809 -0.947912 -0.273312

 0.143335 -0.927564 -0.232297

 0.208472 -0.960492 -0.210143

 0.232910 -1.042479 -0.177080

 0.195605 -0.976395 -0.242827

 0.050358 -1.018509 -0.290784

 0.119520 -1.108846 -0.235223

 0.215892 -1.036767 -0.232235

 0.180302 -1.092507 -0.223782

 0.087150 -1.071248 -0.282923

 0.089233 -0.967878 -0.288697

 0.144401 -0.950600 -0.262324

 0.230975 -0.818293 0.133182

 0.230975 -0.818293 -0.149604

 0.225466 -0.468935 -0.145680

 0.229350 -0.563650 -0.282591

 0.059052 -0.565461 -0.284844

 0.054569 -0.463391 -0.148722

 0.052057 -0.184182 -0.540903

 0.164901 -0.244906 -0.534809

 0.063798 -0.236767 -0.518426

 0.191622 -0.195646 -0.563979

 0.010915 -1.044774 -0.223558

 0.024842 -1.031107 -0.253622

 0.000000 -1.088099 -0.177626

 0.027783 -0.967414 -0.256905

 0.035842 -0.981241 -0.274127

 0.000000 -0.936598 -0.225614

 0.242108 -1.043936 -0.123493

 0.000000 -1.214573 -0.074858

 0.000000 -1.347566 0.268011

 0.079536 -1.254645 -0.032274

 0.297522 -1.626473 0.020175

 0.259393 -1.552937 -0.063173

 0.490781 -1.586552 0.105672

 0.373923 -1.669228 0.078522

 0.408448 -1.477547 0.076875

 0.483089 -1.486652 0.127050

 0.680338 -1.431504 0.223330

 0.293292 -1.461109 -0.087671

 0.328869 -1.504085 0.015443

 0.345643 -1.483386 0.052354

 0.176764 -0.871929 0.132210

 0.155468 -0.904901 0.092164

 0.000000 -0.829524 -0.206311

 0.000000 -0.904492 -0.225542

 0.256946 -0.746081 0.199893

 0.000000 -0.904684 0.110824

 0.000000 -0.832372 0.169312

 0.174511 -0.866485 -0.158312

 0.155291 -0.904237 -0.167523

 0.256946 -0.746081 -0.145910

 0.000000 -0.746272 0.214791

 0.196699 -0.734274 0.225693

 0.130978 -0.758709 -0.194001

 0.000000 -0.744825 -0.238424

 0.119107 -1.049377 0.184923

 0.204051 -0.311864 -0.336082

 0.054235 -0.308761 -0.329836

 0.064924 -0.256617 -0.179424

 0.214435 -0.259607 -0.186464

 0.229310 -1.219180 0.121593

 0.162125 -1.210498 -0.038040

 0.151781 -1.144089 -0.119946

 0.000000 -0.651892 0.173065

 0.123569 -0.646886 0.182191

 0.000000 -1.052156 0.298654

 0.103768 -1.096030 0.228552

 0.093256 -1.310049 0.081905

 0.086372 -1.368156 0.075985

 0.217154 -1.405503 0.085110

 0.096284 -1.266897 0.086645

 0.099049 -1.246562 0.078414

 0.221327 -1.209263 0.209759

 0.000000 -1.217340 0.261240

 0.262310 -1.337065 0.111617

 0.294723 -1.273989 0.114264

 0.273332 -1.382395 0.115369

 0.280110 -1.214373 0.153709

 0.173003 -1.039510 0.208274

 0.062383 -0.970725 0.276619

 0.248324 -1.104104 0.234537

 0.321873 -1.742975 0.181547

 0.315936 -1.459567 0.154898

 0.343083 -1.635311 0.213440

 0.249705 -1.434501 -0.044522

 0.348537 -1.460403 -0.010122

 0.308351 -1.431496 0.015593

 0.343165 -1.263021 -0.066263

 0.320042 -1.253361 -0.020023

 0.287569 -1.270057 -0.104736

 0.250755 -1.254313 -0.029327

 0.302617 -1.352411 -0.090452

 0.263176 -1.350557 -0.065442

 0.260675 -1.350338 -0.152048

 0.216020 -1.351945 -0.112970

 0.274690 -1.174313 -0.148069

 0.252157 -1.164303 -0.122213

 0.257420 -1.216214 -0.156919

 0.221101 -1.199487 -0.114905

 0.211369 -1.170293 -0.225677

 0.182999 -1.159395 -0.206892

 0.211573 -1.214792 -0.213345

 0.165585 -1.196595 -0.183046

 0.151965 -1.262830 -0.271188

 0.234544 -1.209449 -0.065720

 0.271111 -1.225684 -0.124432

 0.307544 -1.201216 -0.100770

 0.284715 -1.191381 -0.064722

 0.276827 -1.304174 -0.136508

 0.276147 -1.388621 -0.129795

 0.313169 -1.375575 -0.074069

 0.322465 -1.321472 -0.094375

 0.275844 -1.367803 -0.057283

 0.286930 -1.321218 -0.066305

 0.235380 -1.379869 -0.100203

 0.235026 -1.308768 -0.097290

 0.320811 -1.602823 -0.181370

 0.027795 -1.655327 -0.419524

 0.027132 -1.635814 -0.391824

 0.251636 -1.694620 -0.258334

 0.223904 -1.615824 -0.253365

 0.105636 -1.496616 -0.357686

 0.091948 -1.596183 -0.420227

 0.086206 -1.595423 -0.370801

 0.179559 -1.595878 -0.337180

 0.183439 -1.597742 -0.385467

 0.222859 -0.429174 -0.157391

 0.212472 -0.463478 -0.312701

 0.062952 -0.463286 -0.311957

 0.052564 -0.429174 -0.157391

 0.232591 -0.466438 -0.094089

 0.247778 -0.629799 -0.247202

 0.044893 -0.632891 -0.252005

 0.053433 -0.465518 -0.094785

 0.484360 -0.883267 0.171120

 0.470981 -0.864710 0.046092

 0.380740 -0.809667 0.192205

 0.366075 -0.794673 0.066094

 0.410315 -1.034448 -0.010937

 0.444415 -0.959685 0.001646

 0.330288 -1.032477 -0.010481

 0.292608 -0.961957 0.001098

 0.410315 -1.096514 0.193320

 0.444415 -1.021751 0.205903

 0.292249 -1.030544 0.220127

 0.331017 -1.094019 0.185959

 0.229664 -0.999679 0.168022

 0.312511 -1.176364 0.140375

 0.313070 -1.175666 -0.031622

 0.243170 -1.049769 -0.047080

 0.410315 -1.034448 -0.010937

 0.444415 -0.959685 0.001646

 0.330288 -1.032477 -0.010481

 0.292608 -0.961957 0.001098

 0.410315 -1.096514 0.193320

 0.444415 -1.021751 0.205903

 0.292249 -1.030544 0.220127

 0.331017 -1.094019 0.185959

 0.263275 -0.204944 0.358201

 0.316143 -0.221952 0.366377

 0.420120 -0.969752 0.259143

 0.507248 -0.846363 0.206179

 0.550662 -0.734018 0.202962

 0.316224 -0.924225 0.256322

 0.384962 -0.669508 0.177742

 0.365534 -0.788186 0.183989

 0.535952 -0.653600 0.176453

 0.428013 -0.408760 0.216297

 0.510634 -0.571577 0.165567

 0.470784 -0.481959 0.180150

 0.307187 -0.367273 0.202027

 0.370642 -0.590675 0.151581

 0.329391 -0.430808 0.160820

 0.352469 -0.512579 0.142356

 0.229664 -0.999679 0.168022

 0.292249 -1.030544 0.220127

 0.263275 -0.204944 0.358201

 0.316143 -0.221952 0.366377

 0.420120 -0.969752 0.259143

 0.507248 -0.846363 0.206179

 0.550662 -0.734018 0.202962

 0.316224 -0.924225 0.256322

 0.384962 -0.669508 0.177742

 0.365534 -0.788186 0.183989

 0.535952 -0.653600 0.176453

 0.428013 -0.408760 0.216297

 0.510634 -0.571577 0.165567

 0.470784 -0.481959 0.180150

 0.307187 -0.367273 0.202027

 0.370642 -0.590675 0.151581

 0.329391 -0.430808 0.160820

 0.352469 -0.512579 0.142356

 -0.014669 -0.615612 -0.156816

 -0.244911 -1.221890 -0.037268

 -0.014669 -0.608034 0.157090

 -0.133746 -1.142583 0.200380

 -0.199129 -1.050040 0.181767

 -0.293396 -0.635843 0.198897

 -0.293396 -0.559961 -0.064729

 -0.116481 -0.068183 0.311252

 -0.108106 -0.116811 0.397809

 -0.511153 -0.592037 -0.213245

 -0.468843 -0.720330 -0.369752

 -0.659298 -0.700672 -0.168060

 -0.616988 -0.828965 -0.324567

 -0.226181 -0.040846 0.259580

 -0.229365 -0.107244 0.380780

 -0.223930 -1.281364 0.195724

 -0.074560 -1.283845 -0.041441

 -0.172262 -1.312702 -0.218923

 -0.215978 -0.359502 -0.012533

 -0.215978 -0.440478 0.133220

 -0.057083 -0.369049 -0.001634

 -0.057083 -0.440478 0.133220

 -0.186003 -0.169768 0.201673

 -0.067742 -0.176118 0.212975

 -0.087609 -0.238294 0.321922

 -0.205305 -0.230606 0.309963

 -0.068789 0.025315 0.049252

 -0.150014 0.031723 0.037845

 -0.152240 -0.000922 0.035355

 -0.071015 -0.007331 0.046762

 -0.235645 -0.425768 0.242587

 -0.235645 -0.287851 0.087566

 -0.042420 -0.287851 0.087566

 -0.042420 -0.425768 0.242587

 -0.529479 -0.828380 -0.082088

 -0.438714 -0.761302 -0.109628

 -0.505861 -0.901454 -0.173298

 -0.415097 -0.834375 -0.200839

 -0.560193 -0.787107 -0.063128

 -0.517883 -0.915401 -0.219635

 -0.436371 -0.651070 -0.128366

 -0.394061 -0.779363 -0.284873

 -0.283248 -0.854653 0.040065

 -0.283638 -0.906664 -0.098780

 -0.408486 -0.932615 0.069646

 -0.412325 -0.975291 -0.072741

 -0.020199 -1.237099 -0.226059

 -0.022351 -1.246413 -0.141706

 -0.209485 -1.500692 -0.234539

 -0.220902 -1.460250 0.261955

 -0.195090 -1.421470 -0.249490

 -0.208687 -1.340274 -0.042145

 -0.553048 -1.513571 0.118995

 -0.257337 -1.415866 0.012671

 -0.169989 -1.283582 -0.084100

 -0.209054 -1.636686 -0.302694

 -0.229664 -0.961686 0.096638

 -0.230972 -1.039146 -0.099576

 -0.312511 -1.136687 0.133470

 -0.313070 -1.197051 -0.027588

 -0.036214 -0.019367 0.224361

 -0.058726 -0.084162 0.173559

 -0.178289 -0.068335 0.145388

 -0.231798 0.006523 0.178278

 -0.205302 -1.919503 0.167505

 -0.230985 -1.937942 0.020529

 -0.218398 -1.912318 -0.164797

 -0.279731 -1.614413 0.300785

 -0.325578 -1.556893 0.008715

 -0.251830 -1.455434 -0.013251

 -0.261308 -1.474154 0.095851

 -0.248160 -1.790618 -0.249546

 -0.266367 -1.738570 0.293159

 -0.320699 -1.758513 0.035804

 -0.032307 -1.393741 -0.288359

 -0.190155 -1.360510 0.227782

 -0.073408 -1.384393 -0.320559

 -0.067638 -1.586561 -0.328331

 -0.128324 -1.384393 -0.304213

 -0.170219 -1.578742 -0.302599

 -0.056943 -1.533540 -0.325246

 -0.133588 -1.511270 -0.305006

 -0.187418 -1.419635 -0.286622

 -0.252049 -1.552909 -0.273774

 -0.190757 -1.479556 -0.282296

 -0.220761 -1.661015 -0.339856

 -0.495330 -1.533971 0.172025

 -0.394505 -1.530729 0.139595

 -0.520858 -1.631302 0.134318

 -0.373570 -1.617727 0.059360

 -0.401262 -1.564238 0.030251

 -0.483924 -1.546521 0.095078

 -0.412943 -1.523977 0.065299

 -0.482739 -1.530486 0.107398

 -0.090672 -1.230179 -0.028314

 -0.127008 -1.147316 -0.136193

 -0.022285 -1.104790 -0.172894

 -0.014173 -0.999096 -0.257010

 -0.051338 -0.939249 -0.256689

 -0.141798 -0.919722 -0.207163

 -0.243170 -1.084826 -0.086703

 -0.201307 -1.134747 -0.109028

 -0.243645 -1.223326 0.135380

 -0.184824 -0.985642 0.149178

 -0.211969 -0.959406 -0.126546

 -0.208472 -0.953329 -0.163363

 -0.183607 -1.036274 -0.264151

 -0.163475 -1.066263 -0.264841

 -0.130644 -1.075430 -0.271513

 -0.102644 -1.059532 -0.283751

 -0.100121 -1.028236 -0.294351

 -0.116091 -0.999538 -0.292870

 -0.145716 -0.989967 -0.279013

 -0.173450 -1.003962 -0.268262

 -0.148472 -1.037873 -0.292313

 -0.196840 -1.116821 -0.171324

 -0.138299 -1.126809 -0.182935

 -0.036400 -1.099507 -0.215415

 -0.025614 -1.005677 -0.274357

 -0.063809 -0.947912 -0.273312

 -0.143335 -0.927564 -0.232297

 -0.208472 -0.960492 -0.210143

 -0.232910 -1.042479 -0.177080

 -0.195605 -0.976395 -0.242827

 -0.050358 -1.018509 -0.290784

 -0.119520 -1.108846 -0.235223

 -0.215892 -1.036767 -0.232235

 -0.180302 -1.092507 -0.223782

 -0.087150 -1.071248 -0.282923

 -0.089233 -0.967878 -0.288697

 -0.144401 -0.950600 -0.262324

 -0.230975 -0.818293 0.133182

 -0.230975 -0.818293 -0.149604

 -0.225466 -0.465740 0.130987

 -0.229350 -0.405892 -0.024364

 -0.059052 -0.405048 -0.027129

 -0.054569 -0.460106 0.133856

 -0.052057 0.021208 0.143883

 -0.164901 -0.018009 0.097122

 -0.063798 -0.026969 0.113071

 -0.191622 0.033829 0.121419

 -0.010915 -1.044774 -0.223558

 -0.024842 -1.031107 -0.253622

 -0.027783 -0.967414 -0.256905

 -0.035842 -0.981241 -0.274127

 -0.242108 -1.043936 -0.123493

 -0.079536 -1.254645 -0.032274

 -0.297522 -1.626473 0.020175

 -0.259393 -1.552937 -0.063173

 -0.490781 -1.586552 0.105672

 -0.373923 -1.669228 0.078522

 -0.408448 -1.477547 0.076875

 -0.483089 -1.486652 0.127050

 -0.680338 -1.431504 0.223330

 -0.293292 -1.461109 -0.087671

 -0.328869 -1.504085 0.015443

 -0.345643 -1.483386 0.052354

 -0.176764 -0.871929 0.132210

 -0.155468 -0.904901 0.092164

 -0.256946 -0.746081 0.199893

 -0.174511 -0.866485 -0.158312

 -0.155291 -0.904237 -0.167523

 -0.256946 -0.746081 -0.145910

 -0.196699 -0.734274 0.225693

 -0.130978 -0.758709 -0.194001

 -0.119107 -1.049377 0.184923

 -0.204051 -0.219954 0.153639

 -0.054235 -0.223370 0.159719

 -0.064924 -0.318340 0.287482

 -0.214435 -0.314204 0.281048

 -0.229310 -1.219180 0.121593

 -0.162125 -1.210498 -0.038040

 -0.151781 -1.144089 -0.119946

 -0.123569 -0.646886 0.182191

 -0.103768 -1.096030 0.228552

 -0.093256 -1.310049 0.081905

 -0.086372 -1.368156 0.075985

 -0.217154 -1.405503 0.085110

 -0.096284 -1.266897 0.086645

 -0.099049 -1.246562 0.078414

 -0.221327 -1.209263 0.209759

 -0.262310 -1.337065 0.111617

 -0.294723 -1.273989 0.114264

 -0.273332 -1.382395 0.115369

 -0.280110 -1.214373 0.153709

 -0.173003 -1.039510 0.208274

 -0.062383 -0.970725 0.276619

 -0.248324 -1.104104 0.234537

 -0.321873 -1.742975 0.181547

 -0.315936 -1.459567 0.154898

 -0.343083 -1.635311 0.213440

 -0.249705 -1.434501 -0.044522

 -0.348537 -1.460403 -0.010122

 -0.308351 -1.431496 0.015593

 -0.343165 -1.263021 -0.066263

 -0.320042 -1.253361 -0.020023

 -0.287569 -1.270057 -0.104736

 -0.250755 -1.254313 -0.029327

 -0.302617 -1.352411 -0.090452

 -0.263176 -1.350557 -0.065442

 -0.260675 -1.350338 -0.152048

 -0.216020 -1.351945 -0.112970

 -0.274690 -1.174313 -0.148069

 -0.252157 -1.164303 -0.122213

 -0.257420 -1.216214 -0.156919

 -0.221101 -1.199487 -0.114905

 -0.211369 -1.170293 -0.225677

 -0.182999 -1.159395 -0.206892

 -0.211573 -1.214792 -0.213345

 -0.165585 -1.196595 -0.183046

 -0.151965 -1.262830 -0.271188

 -0.234544 -1.209449 -0.065720

 -0.271111 -1.225684 -0.124432

 -0.307544 -1.201216 -0.100770

 -0.284715 -1.191381 -0.064722

 -0.276827 -1.304174 -0.136508

 -0.276147 -1.388621 -0.129795

 -0.313169 -1.375575 -0.074069

 -0.322465 -1.321472 -0.094375

 -0.275844 -1.367803 -0.057283

 -0.286930 -1.321218 -0.066305

 -0.235380 -1.379869 -0.100203

 -0.235026 -1.308768 -0.097290

 -0.320811 -1.602823 -0.181370

 -0.027795 -1.655327 -0.419524

 -0.027132 -1.635814 -0.391824

 -0.251636 -1.694620 -0.258334

 -0.223904 -1.615824 -0.253365

 -0.105636 -1.496616 -0.357686

 -0.091948 -1.596183 -0.420227

 -0.086206 -1.595423 -0.370801

 -0.179559 -1.595878 -0.337180

 -0.183439 -1.597742 -0.385467

 -0.222859 -0.433680 0.157258

 -0.212472 -0.324620 0.041484

 -0.062952 -0.325126 0.042062

 -0.052564 -0.433680 0.157258

 -0.232591 -0.506977 0.162090

 -0.247778 -0.472376 -0.059118

 -0.044893 -0.470146 -0.064378

 -0.053433 -0.505884 0.162458

 -0.484360 -0.867250 -0.025506

 -0.470981 -0.928988 -0.135800

 -0.380740 -0.796113 -0.053807

 -0.366075 -0.861332 -0.162781

 -0.410315 -1.098183 -0.077182

 -0.444415 -1.031322 -0.112922

 -0.330288 -1.096345 -0.078025

 -0.292608 -1.033455 -0.111967

 -0.410315 -1.022451 0.122412

 -0.444415 -0.955590 0.086672

 -0.292249 -0.953854 0.103304

 -0.331017 -1.024976 0.115062

 -0.229664 -0.999679 0.168022

 -0.312511 -1.176364 0.140375

 -0.313070 -1.175666 -0.031622

 -0.243170 -1.049769 -0.047080

 -0.410315 -1.098183 -0.077182

 -0.444415 -1.031322 -0.112922

 -0.330288 -1.096345 -0.078025

 -0.292608 -1.033455 -0.111967

 -0.410315 -1.022451 0.122412

 -0.444415 -0.955590 0.086672

 -0.292249 -0.953854 0.103304

 -0.331017 -1.024976 0.115062

 -0.504661 -0.204944 0.358201

 -0.557529 -0.221952 0.366377

 -0.420120 -0.925212 0.196687

 -0.507248 -0.846363 0.206179

 -0.560674 -0.734018 0.202962

 -0.316224 -0.882472 0.180752

 -0.412510 -0.669508 0.177742

 -0.366110 -0.788186 0.183989

 -0.572942 -0.653600 0.176453

 -0.594675 -0.408760 0.216297

 -0.585215 -0.571577 0.165567

 -0.593512 -0.481959 0.180150

 -0.487452 -0.367273 0.202027

 -0.432382 -0.590675 0.151581

 -0.472832 -0.430808 0.160820

 -0.452823 -0.512579 0.142356

 -0.229664 -0.999679 0.168022

 -0.292249 -0.953854 0.103304

 -0.504661 -0.204944 0.358201

 -0.557529 -0.221952 0.366377

 -0.420120 -0.925212 0.196687

 -0.507248 -0.846363 0.206179

 -0.560674 -0.734018 0.202962

 -0.316224 -0.882472 0.180752

 -0.412510 -0.669508 0.177742

 -0.366110 -0.788186 0.183989

 -0.572942 -0.653600 0.176453

 -0.594675 -0.408760 0.216297

 -0.585215 -0.571577 0.165567

 -0.593512 -0.481959 0.180150

 -0.487452 -0.367273 0.202027

 -0.432382 -0.590675 0.151581

 -0.472832 -0.430808 0.160820

 -0.452823 -0.512579 0.142356

tris:

 210 76 3

 210 3 211

 75 2 77

 2 0 77

 127 4 57

 127 57 128

 57 4 56

 40 38 11

 40 11 9

 25 22 13

 25 13 14

 10 9 11

 10 11 12

 7 8 14

 7 14 13

 164 162 26

 164 26 29

 38 39 12

 38 12 11

 23 24 8

 23 8 7

 41 40 9

 41 9 10

 39 41 10

 39 10 12

 24 25 14

 24 14 8

 190 195 6

 190 6 5

 173 175 16

 173 16 82

 83 174 88

 83 88 49

 222 220 212

 222 212 215

 161 158 19

 161 19 21

 160 161 21

 160 21 20

 159 160 20

 159 20 18

 203 204 25

 203 25 24

 202 203 24

 202 24 23

 201 202 23

 201 23 22

 28 29 26

 28 26 27

 165 163 28

 165 28 27

 162 165 27

 162 27 26

 163 164 29

 163 29 28

 271 272 31

 271 31 30

 272 273 32

 272 32 31

 273 274 33

 273 33 32

 274 271 30

 274 30 33

 280 282 37

 280 37 36

 282 281 35

 282 35 37

 36 37 41

 36 41 39

 37 35 40

 37 40 41

 34 36 39

 34 39 38

 35 34 38

 35 38 40

 279 34 35

 279 35 281

 56 58 44

 56 44 42

 58 59 45

 58 45 44

 57 56 42

 57 42 43

 16 54 47

 16 47 82

 17 84 85

 17 85 46

 87 74 98

 15 81 174

 15 174 83

 17 51 53

 17 53 50

 54 17 46

 54 46 47

 16 212 213

 175 215 212

 175 212 16

 51 54 16

 51 16 213

 54 51 17

 47 46 85

 47 85 82

 86 265 89

 279 280 36

 279 36 34

 22 23 61

 22 61 62

 7 13 63

 7 63 60

 13 22 62

 13 62 63

 23 7 60

 23 60 61

 65 92 91

 65 91 66

 64 90 92

 64 92 65

 49 88 93

 49 93 67

 49 227 221

 50 53 69

 50 69 48

 176 70 227

 176 227 228

 70 69 53

 53 51 213

 73 226 64

 73 64 65

 67 93 95

 67 95 72

 91 96 71

 91 71 66

 270 267 266

 72 95 90

 72 90 64

 176 228 226

 176 226 73

 265 94 89

 48 69 177

 48 177 265

 97 74 87

 17 50 74

 50 48 86

 71 73 65

 71 65 66

 97 84 74

 84 17 74

 86 48 265

 86 98 74

 74 50 86

 104 102 100

 104 100 103

 101 104 103

 101 103 99

 102 104 107

 102 107 106

 104 101 105

 104 105 107

 204 201 22

 204 22 25

 158 159 18

 158 18 19

 176 264 261

 264 176 73

 264 73 71

 109 264 71

 109 71 96

 115 178 113

 115 113 114

 117 115 114

 117 114 116

 112 110 111

 112 111 179

 110 181 180

 110 180 111

 70 176 179

 70 179 111

 110 112 182

 70 111 180

 181 110 182

 68 114 113

 178 115 52

 68 184 116

 68 116 114

 115 117 52

 256 258 237

 256 237 236

 70 180 69

 205 200 223

 4 126 58

 4 58 56

 206 118 119

 206 119 207

 155 148 138

 155 138 137

 120 119 118

 120 118 78

 121 166 168

 121 168 79

 124 130 57

 131 132 139

 154 155 137

 154 137 136

 153 149 135

 153 135 134

 151 152 132

 151 132 131

 148 151 131

 148 131 138

 149 154 136

 149 136 135

 150 153 134

 150 134 133

 120 166 167

 120 167 142

 137 138 139

 136 137 139

 134 135 139

 132 133 139

 138 131 139

 135 136 139

 133 134 139

 207 119 141

 125 147 172

 130 147 146

 121 169 170

 121 170 143

 119 120 142

 119 142 141

 122 145 144

 123 130 145

 141 142 153

 141 153 150

 143 170 149

 146 147 151

 146 151 148

 147 140 152

 147 152 151

 205 126 4

 205 4 200

 142 167 149

 142 149 153

 144 145 155

 144 155 154

 145 146 148

 145 148 155

 275 276 159

 275 159 158

 276 277 160

 276 160 159

 277 278 161

 277 161 160

 278 275 158

 278 158 161

 62 61 164

 62 164 163

 60 63 165

 60 165 162

 63 62 163

 63 163 165

 61 60 162

 61 162 164

 59 124 57

 45 59 57

 45 57 43

 168 166 120

 168 120 78

 167 166 121

 167 121 143

 149 167 143

 149 170 144

 149 144 154

 171 169 121

 171 121 79

 170 169 122

 170 122 144

 145 130 146

 57 130 128

 145 122 123

 125 140 147

 130 172 147

 172 130 124

 172 124 125

 118 216 215

 118 215 175

 3 76 218

 3 218 217

 78 118 175

 78 175 173

 68 176 177

 113 178 112

 113 112 179

 117 116 180

 117 180 181

 68 113 179

 68 179 176

 178 52 182

 178 182 112

 52 117 181

 52 181 182

 177 69 229

 177 229 183

 185 184 69

 184 185 116

 116 185 180

 180 185 69

 193 198 195

 193 195 157

 194 189 188

 194 188 193

 187 194 193

 187 193 186

 191 187 186

 191 186 192

 196 192 186

 196 186 197

 187 127 128

 187 128 194

 186 193 157

 186 157 156

 191 129 127

 191 127 187

 197 186 156

 197 156 190

 198 193 188

 198 188 199

 123 122 189

 123 189 194

 122 169 171

 122 171 189

 198 0 6

 198 6 195

 130 123 194

 130 194 128

 0 198 199

 0 199 77

 2 209 5

 75 208 209

 75 209 2

 156 157 195

 156 195 190

 129 200 127

 200 129 80

 200 4 127

 30 31 201

 30 201 204

 31 32 202

 31 202 201

 32 33 203

 32 203 202

 33 30 204

 33 204 203

 140 141 150

 140 150 152

 125 207 141

 125 141 140

 152 150 133

 152 133 132

 1 206 207

 1 207 125

 59 1 125

 59 125 124

 209 208 196

 209 196 197

 5 209 197

 5 197 190

 211 200 224

 219 213 212

 219 212 220

 214 70 53

 213 214 53

 58 126 1

 58 1 59

 126 205 206

 126 206 1

 205 216 118

 205 118 206

 222 205 225

 217 218 81

 217 81 15

 215 216 205

 215 205 222

 83 219 220

 83 220 15

 49 221 219

 49 219 83

 217 15 220

 217 220 222

 200 80 224

 200 211 223

 211 3 223

 3 205 223

 210 211 224

 224 80 210

 217 222 225

 3 217 225

 205 3 225

 221 214 213

 221 213 219

 228 227 49

 228 49 67

 221 227 70

 221 70 214

 226 228 67

 226 67 72

 64 226 72

 184 68 230

 184 230 231

 68 177 183

 68 183 230

 69 184 231

 69 231 229

 250 249 243

 250 243 242

 258 260 239

 258 239 237

 253 256 236

 253 236 238

 260 253 238

 260 238 239

 243 241 245

 243 245 247

 252 251 240

 252 240 241

 249 252 241

 249 241 243

 251 250 242

 251 242 240

 246 247 248

 240 242 246

 240 246 244

 242 243 247

 242 247 246

 241 240 244

 241 244 245

 245 244 248

 247 245 248

 244 246 248

 232 234 250

 232 250 251

 235 233 252

 235 252 249

 233 232 251

 233 251 252

 234 235 249

 234 249 250

 239 238 254

 239 254 259

 237 239 259

 237 259 257

 236 237 257

 236 257 255

 238 236 255

 238 255 254

 253 260 235

 253 235 234

 230 183 254

 230 254 255

 256 253 234

 256 234 232

 183 229 259

 183 259 254

 258 256 232

 258 232 233

 231 230 255

 231 255 257

 260 258 233

 260 233 235

 229 231 257

 229 257 259

 265 177 261

 264 265 261

 177 176 261

 262 94 263

 262 108 264

 262 264 109

 55 263 94

 55 94 265

 55 264 108

 267 268 266

 269 270 266

 262 109 94

 55 265 264

 268 269 266

 108 262 267

 108 267 270

 55 108 270

 55 270 269

 262 263 268

 262 268 267

 263 55 269

 263 269 268

 21 19 271

 21 271 274

 20 21 274

 20 274 273

 18 20 273

 18 273 272

 19 18 272

 19 272 271

 2 5 275

 2 275 278

 0 2 278

 0 278 277

 6 0 277

 6 277 276

 5 6 276

 5 276 275

 44 45 280

 44 280 279

 44 279 281

 44 281 42

 43 42 281

 43 281 282

 45 43 282

 45 282 280

 285 286 284

 285 284 283

 59 124 286

 59 286 285

 283 284 288

 283 288 287

 56 58 290

 56 290 289

 288 289 290

 288 290 287

 297 295 296

 297 296 298

 293 297 298

 293 298 294

 295 299 300

 295 300 296

 291 301 302

 291 302 292

 300 299 302

 300 302 301

 309 307 306

 309 306 310

 310 306 305

 310 305 308

 301 291 308

 301 308 305

 315 312 314

 315 314 317

 317 314 313

 317 313 318

 318 313 311

 318 311 316

 312 315 303

 312 303 304

 316 311 307

 316 307 309

 327 328 324

 327 324 325

 328 326 323

 328 323 324

 320 323 326

 320 326 319

 333 335 332

 333 332 330

 335 336 331

 335 331 332

 336 334 329

 336 329 331

 330 322 321

 330 321 333

 334 327 325

 334 325 329

 210 511 340

 210 340 76

 75 77 337

 75 337 339

 440 441 394

 440 394 341

 394 393 341

 377 346 348

 377 348 375

 362 351 350

 362 350 359

 347 349 348

 347 348 346

 344 350 351

 344 351 345

 476 366 363

 476 363 474

 375 348 349

 375 349 376

 360 344 345

 360 345 361

 378 347 346

 378 346 377

 376 349 347

 376 347 378

 361 345 351

 361 351 362

 496 342 343

 496 343 499

 173 82 353

 173 353 483

 412 386 88

 412 88 174

 521 515 512

 521 512 519

 473 358 356

 473 356 470

 472 357 358

 472 358 473

 471 355 357

 471 357 472

 505 361 362

 505 362 506

 504 360 361

 504 361 505

 503 359 360

 503 360 504

 365 364 363

 365 363 366

 477 364 365

 477 365 475

 474 363 364

 474 364 477

 475 365 366

 475 366 476

 570 367 368

 570 368 571

 571 368 369

 571 369 572

 572 369 370

 572 370 573

 573 370 367

 573 367 570

 579 373 374

 579 374 581

 581 374 372

 581 372 580

 373 376 378

 373 378 374

 374 378 377

 374 377 372

 371 375 376

 371 376 373

 372 377 375

 372 375 371

 578 580 372

 578 372 371

 393 379 381

 393 381 395

 395 381 382

 395 382 396

 394 380 379

 394 379 393

 353 82 384

 353 384 391

 354 383 85

 354 85 84

 87 98 411

 352 412 174

 352 174 81

 354 387 390

 354 390 388

 391 384 383

 391 383 354

 353 513 512

 483 353 512

 483 512 515

 388 513 353

 388 353 391

 391 354 388

 384 82 85

 384 85 383

 86 89 564

 578 371 373

 578 373 579

 359 399 398

 359 398 360

 344 397 400

 344 400 350

 350 400 399

 350 399 359

 360 398 397

 360 397 344

 402 403 91

 402 91 92

 401 402 92

 401 92 90

 386 404 93

 386 93 88

 386 520 526

 387 385 406

 387 406 390

 484 527 526

 484 526 407

 407 390 406

 390 513 388

 410 402 401

 410 401 525

 404 409 95

 404 95 93

 91 403 408

 91 408 96

 569 565 566

 409 401 90

 409 90 95

 484 410 525

 484 525 527

 564 89 94

 385 564 485

 385 485 406

 97 87 411

 354 411 387

 387 86 385

 408 403 402

 408 402 410

 97 411 84

 84 411 354

 86 564 385

 86 411 98

 411 86 387

 418 417 414

 418 414 416

 415 413 417

 415 417 418

 416 420 421

 416 421 418

 418 421 419

 418 419 415

 506 362 359

 506 359 503

 470 356 355

 470 355 471

 484 560 563

 563 408 410

 563 410 484

 109 96 408

 109 408 563

 428 427 426

 428 426 486

 430 429 427

 430 427 428

 425 487 424

 425 424 423

 423 424 488

 423 488 489

 407 424 487

 407 487 484

 423 490 425

 407 488 424

 489 490 423

 405 426 427

 486 389 428

 405 427 429

 405 429 492

 428 389 430

 555 535 536

 555 536 557

 407 406 488

 507 522 502

 341 393 395

 341 395 439

 508 509 432

 508 432 431

 467 449 450

 467 450 460

 433 78 431

 433 431 432

 434 79 168

 434 168 478

 437 394 442

 443 451 444

 466 448 449

 466 449 467

 465 446 447

 465 447 461

 463 443 444

 463 444 464

 460 450 443

 460 443 463

 461 447 448

 461 448 466

 462 445 446

 462 446 465

 433 454 479

 433 479 478

 449 451 450

 448 451 449

 446 451 447

 444 451 445

 450 451 443

 447 451 448

 445 451 446

 509 453 432

 438 482 459

 442 458 459

 434 455 481

 434 481 480

 432 453 454

 432 454 433

 435 456 457

 436 457 442

 453 462 465

 453 465 454

 455 461 481

 458 460 463

 458 463 459

 459 463 464

 459 464 452

 507 502 341

 507 341 439

 454 465 461

 454 461 479

 456 466 467

 456 467 457

 457 467 460

 457 460 458

 574 470 471

 574 471 575

 575 471 472

 575 472 576

 576 472 473

 576 473 577

 577 473 470

 577 470 574

 399 475 476

 399 476 398

 397 474 477

 397 477 400

 400 477 475

 400 475 399

 398 476 474

 398 474 397

 396 394 437

 382 380 394

 382 394 396

 168 78 433

 168 433 478

 479 455 434

 479 434 478

 461 455 479

 461 466 456

 461 456 481

 171 79 434

 171 434 480

 481 456 435

 481 435 480

 457 458 442

 394 441 442

 457 436 435

 438 459 452

 442 459 482

 482 437 442

 482 438 437

 431 483 515

 431 515 516

 340 517 218

 340 218 76

 78 173 483

 78 483 431

 405 485 484

 426 487 425

 426 425 486

 430 489 488

 430 488 429

 405 484 487

 405 487 426

 486 425 490

 486 490 389

 389 490 489

 389 489 430

 485 491 528

 485 528 406

 493 406 492

 492 429 493

 429 488 493

 488 406 493

 497 469 499

 497 499 501

 498 497 188

 498 188 189

 495 494 497

 495 497 498

 191 192 494

 191 494 495

 196 500 494

 196 494 192

 495 498 441

 495 441 440

 494 468 469

 494 469 497

 191 495 440

 191 440 129

 500 496 468

 500 468 494

 501 199 188

 501 188 497

 436 498 189

 436 189 435

 435 189 171

 435 171 480

 501 499 343

 501 343 337

 442 441 498

 442 498 436

 337 77 199

 337 199 501

 339 342 510

 75 339 510

 75 510 208

 468 496 499

 468 499 469

 129 440 502

 502 80 129

 502 440 341

 367 506 503

 367 503 368

 368 503 504

 368 504 369

 369 504 505

 369 505 370

 370 505 506

 370 506 367

 452 464 462

 452 462 453

 438 452 453

 438 453 509

 464 444 445

 464 445 462

 338 438 509

 338 509 508

 396 437 438

 396 438 338

 510 500 196

 510 196 208

 342 496 500

 342 500 510

 511 523 502

 518 519 512

 518 512 513

 514 390 407

 513 390 514

 395 396 338

 395 338 439

 439 338 508

 439 508 507

 507 508 431

 507 431 516

 521 524 507

 517 352 81

 517 81 218

 515 521 507

 515 507 516

 412 352 519

 412 519 518

 386 412 518

 386 518 520

 517 521 519

 517 519 352

 502 523 80

 502 522 511

 511 522 340

 340 522 507

 210 523 511

 523 210 80

 517 524 521

 340 524 517

 507 524 340

 520 518 513

 520 513 514

 527 404 386

 527 386 526

 520 514 407

 520 407 526

 525 409 404

 525 404 527

 401 409 525

 492 530 529

 492 529 405

 405 529 491

 405 491 485

 406 528 530

 406 530 492

 549 541 542

 549 542 548

 557 536 538

 557 538 559

 552 537 535

 552 535 555

 559 538 537

 559 537 552

 542 546 544

 542 544 540

 551 540 539

 551 539 550

 548 542 540

 548 540 551

 550 539 541

 550 541 549

 545 547 546

 539 543 545

 539 545 541

 541 545 546

 541 546 542

 540 544 543

 540 543 539

 544 547 543

 546 547 544

 543 547 545

 531 550 549

 531 549 533

 534 548 551

 534 551 532

 532 551 550

 532 550 531

 533 549 548

 533 548 534

 538 558 553

 538 553 537

 536 556 558

 536 558 538

 535 554 556

 535 556 536

 537 553 554

 537 554 535

 552 533 534

 552 534 559

 529 554 553

 529 553 491

 555 531 533

 555 533 552

 491 553 558

 491 558 528

 557 532 531

 557 531 555

 530 556 554

 530 554 529

 559 534 532

 559 532 557

 528 558 556

 528 556 530

 564 560 485

 563 560 564

 485 560 484

 561 562 94

 561 109 563

 561 563 422

 392 564 94

 392 94 562

 392 422 563

 566 565 567

 568 565 569

 561 94 109

 392 563 564

 567 565 568

 422 569 566

 422 566 561

 392 568 569

 392 569 422

 561 566 567

 561 567 562

 562 567 568

 562 568 392

 358 573 570

 358 570 356

 357 572 573

 357 573 358

 355 571 572

 355 572 357

 356 570 571

 356 571 355

 339 577 574

 339 574 342

 337 576 577

 337 577 339

 343 575 576

 343 576 337

 342 574 575

 342 575 343

 381 578 579

 381 579 382

 381 379 580

 381 580 578

 380 581 580

 380 580 379

 382 579 581

 382 581 380

 584 582 583

 584 583 585

 396 584 585

 396 585 437

 582 586 587

 582 587 583

 393 588 589

 393 589 395

 587 586 589

 587 589 588

 596 597 595

 596 595 594

 592 593 597

 592 597 596

 594 595 599

 594 599 598

 590 591 601

 590 601 600

 599 600 601

 599 601 598

 608 609 605

 608 605 606

 609 607 604

 609 604 605

 600 604 607

 600 607 590

 614 616 613

 614 613 611

 616 617 612

 616 612 613

 617 615 610

 617 610 612

 611 603 602

 611 602 614

 615 608 606

 615 606 610

 626 624 623

 626 623 627

 627 623 622

 627 622 625

 619 618 625

 619 625 622

 632 629 631

 632 631 634

 634 631 630

 634 630 635

 635 630 628

 635 628 633

 629 632 620

 629 620 621

 633 628 624

 633 624 626

vector2s:

 0.835923 0.578957

 0.039088 0.307467

 0.055306 0.434246

 0.090306 0.432540

 0.320389 0.569114

 0.197350 0.065883

 0.311777 0.455918

 0.330232 0.446074

 0.320389 0.569113

 0.532017 0.415315

 0.811315 0.554349

 0.811316 0.554349

 0.329002 0.453457

 0.942018 0.193966

 0.053756 0.570664

 0.805779 0.561731

 0.331463 0.453457

 0.325311 0.565422

 0.803318 0.561731

 0.056128 0.438407

 0.053394 0.433770

 0.057631 0.438122

 0.298788 0.561161

 0.055306 0.434247

 0.318839 0.429596

 0.065149 0.332124

 0.066244 0.417205

 0.061458 0.328433

 0.054625 0.438692

 0.050384 0.423173

 0.063919 0.413330

 0.063918 0.413330

 0.046693 0.318590

 0.049018 0.322465

 0.326940 0.554349

 0.044396 0.428447

 0.066157 0.428046

 0.329002 0.460839

 0.056505 0.438336

 0.297662 0.561375

 0.810700 0.575266

 0.073081 0.435001

 0.076157 0.430079

 0.057086 0.428849

 0.060161 0.423927

 0.057701 0.428849

uv:

 0 0 0

 0 0 0

 1 1 1

 1 1 1

 2 2 2

 2 2 2

 3 3 3

 4 4 4

 4 4 4

 5 5 5

 5 5 5

 4 4 4

 4 4 4

 5 5 5

 5 5 5

 5 5 5

 5 5 5

 4 4 4

 4 4 4

 5 5 5

 5 5 5

 4 4 4

 4 4 4

 4 4 4

 4 4 4

 5 5 5

 5 5 5

 4 4 4

 4 4 4

 6 6 6

 6 6 6

 0 0 0

 0 0 0

 0 0 0

 0 0 0

 4 4 4

 4 4 4

 7 7 7

 7 7 7

 4 8 4

 4 4 4

 5 5 5

 5 5 5

 5 5 5

 5 5 5

 5 5 5

 5 5 5

 5 5 5

 5 5 5

 5 5 5

 5 5 5

 5 5 5

 5 5 5

 5 5 5

 5 5 5

 4 4 4

 4 4 4

 4 4 4

 4 4 4

 7 7 7

 7 7 7

 4 4 4

 4 4 4

 9 9 9

 9 9 9

 9 9 9

 9 9 9

 4 4 4

 4 4 4

 4 4 4

 4 4 4

 4 4 4

 4 4 4

 4 4 4

 4 4 4

 9 9 9

 9 9 9

 4 4 4

 4 4 4

 4 4 4

 4 4 4

 4 4 4

 4 4 4

 4 4 4

 4 4 4

 4 4 4

 4 4 4

 4 4 4

 0 0 0

 0 0 0

 4 4 4

 4 4 4

 4 4 4

 4 4 4

 6 6 6

 6 6 6

 6 6 6

 4 4 4

 4 4 4

 4 4 4

 4 4 4

 4 4 4

 4 4 4

 9 9 9

 9 9 9

 5 5 5

 5 5 5

 5 5 5

 5 5 5

 5 5 5

 5 5 5

 5 5 5

 5 5 5

 10 10 10

 10 10 10

 10 10 10

 10 10 10

 0 0 0

 0 0 0

 0 0 0

 4 4 4

 4 4 4

 0 0 0

 0 0 0

 4 4 4

 4 4 4

 10 10 10

 10 10 10

 10 10 10

 10 10 10

 10 10 10

 10 10 10

 10 11 10

 10 10 10

 10 10 10

 10 10 10

 10 10 10

 4 4 4

 4 4 4

 4 4 4

 12 12 12

 4 4 4

 4 4 4

 10 10 10

 10 10 10

 4 4 4

 4 4 4

 4 4 4

 4 4 4

 4 4 4

 13 13 13

 13 13 13

 13 13 13

 13 13 13

 13 13 13

 13 13 13

 14 14 14

 14 14 14

 5 5 5

 5 5 5

 4 4 4

 4 4 4

 15 15 15

 10 10 10

 10 10 10

 10 10 10

 10 10 10

 16 16 16

 16 16 16

 16 16 16

 16 16 16

 4 4 4

 4 4 4

 4 4 8

 4 8 4

 17 17 17

 17 17 17

 4 4 4

 4 4 8

 4 4 4

 16 16 16

 16 16 16

 16 16 16

 16 16 16

 16 16 16

 18 18 18

 18 18 18

 4 8 4

 19 20 19

 21 21 21

 21 21 21

 22 22 22

 22 22 22

 23 23 23

 23 23 23

 4 8 4

 4 4 4

 24 24 24

 24 24 24

 25 25 25

 23 2 23

 23 23 23

 23 23 23

 23 23 23

 23 23 23

 21 21 21

 21 21 21

 23 23 23

 23 23 23

 23 23 23

 23 23 23

 21 21 21

 21 21 21

 4 4 4

 4 4 8

 23 23 23

 23 23 23

 23 23 23

 2 2 23

 23 23 23

 23 23 23

 2 23 23

 22 22 22

 26 26 26

 23 2 23

 27 27 27

 27 27 27

 8 4 8

 8 8 8

 23 23 2

 25 25 25

 8 8 4

 8 4 8

 27 27 27

 23 2 23

 23 23 23

 21 21 21

 21 21 21

 19 28 20

 19 20 20

 8 4 4

 8 4 4

 2 23 23

 2 23 23

 23 23 23

 23 23 23

 4 4 4

 4 4 4

 4 8 8

 4 8 4

 7 7 7

 7 7 7

 8 4 4

 8 4 4

 5 5 5

 5 5 5

 5 5 5

 5 5 5

 5 5 5

 5 5 5

 5 5 5

 5 5 5

 4 4 4

 4 4 4

 4 4 4

 4 4 4

 4 4 4

 24 24 24

 24 24 24

 24 24 24

 23 23 2

 23 2 23

 27 27 27

 27 27 27

 23 23 23

 23 23 2

 23 23 23

 29 29 29

 25 25 25

 21 21 21

 30 31 31

 32 32 32

 33 33 33

 4 4 4

 4 4 4

 0 0 0

 0 0 0

 4 4 4

 4 4 4

 10 10 10

 4 4 4

 4 4 4

 4 4 8

 4 8 4

 34 34 34

 34 34 34

 4 4 4

 4 4 4

 4 4 4

 4 4 4

 18 18 18

 18 18 18

 4 4 4

 16 16 16

 4 4 8

 8 4 4

 4 4 4

 4 4 4

 35 35 35

 35 35 35

 35 35 35

 35 35 35

 35 35 35

 35 35 35

 36 36 36

 36 36 36

 2 2 2

 2 2 23

 8 4 4

 8 4 4

 2 2 2

 2 2 2

 8 8 4

 8 4 4

 36 36 36

 36 36 36

 23 23 2

 23 2 23

 23 23 2

 23 2 2

 4 4 4

 4 4 4

 23 23 23

 23 23 2

 36 36 36

 36 36 36

 37 37 37

 36 36 36

 36 36 36

 4 4 4

 4 4 4

 20 20 20

 4 8 4

 20 20 20

 4 4 4

 4 4 8

 4 4 8

 4 8 4

 7 7 7

 7 7 7

 4 4 8

 4 8 4

 21 21 21

 21 21 21

 21 21 21

 21 21 21

 21 21 21

 21 21 21

 21 21 21

 21 21 21

 21 21 21

 21 21 21

 36 36 36

 36 36 36

 4 4 8

 4 8 4

 0 0 0

 0 0 0

 0 0 0

 4 4 4

 4 4 4

 21 21 21

 21 21 21

 21 38 21

 21 21 21

 39 22 22

 39 22 22

 0 0 0

 0 0 0

 0 0 0

 0 0 0

 0 0 0

 0 0 0

 0 0 0

 0 0 0

 0 0 0

 0 0 0

 0 0 0

 4 4 4

 0 0 0

 0 0 0

 0 0 0

 0 0 0

 40 40 40

 0 0 0

 0 0 0

 0 0 0

 0 0 0

 0 0 0

 0 0 0

 0 0 0

 0 0 0

 0 0 0

 10 10 10

 10 10 10

 10 10 10

 18 18 18

 18 18 18

 18 18 18

 18 18 18

 18 18 18

 18 18 18

 18 18 18

 18 18 18

 18 18 18

 18 18 18

 18 18 18

 18 18 18

 18 18 18

 18 18 18

 18 18 18

 18 18 18

 18 18 18

 18 18 18

 18 18 18

 18 18 18

 18 18 18

 18 18 18

 18 18 18

 18 18 18

 18 18 18

 18 18 18

 18 18 18

 18 18 18

 18 18 18

 18 18 18

 18 18 18

 18 18 18

 18 18 18

 18 18 18

 18 18 18

 18 18 18

 18 18 18

 18 18 18

 18 18 18

 18 18 18

 18 18 18

 18 18 18

 18 18 18

 18 18 18

 18 18 18

 18 18 18

 18 18 18

 18 18 18

 18 18 18

 18 18 18

 18 18 18

 18 18 18

 18 18 18

 18 18 18

 18 18 18

 18 18 18

 18 18 18

 18 18 18

 18 18 18

 18 18 18

 18 18 18

 18 18 18

 18 18 18

 18 18 18

 15 15 15

 15 15 15

 15 15 15

 11 10 11

 11 10 10

 11 10 10

 10 11 10

 10 10 10

 10 10 10

 11 11 10

 11 10 10

 11 10 10

 10 10 10

 11 11 10

 10 11 11

 10 11 10

 10 10 10

 10 10 11

 11 11 11

 11 11 11

 11 10 11

 11 11 11

 4 4 4

 4 4 4

 7 7 7

 7 7 7

 4 4 4

 4 4 4

 4 4 4

 4 4 4

 4 4 4

 4 4 8

 7 7 7

 7 7 7

 4 4 8

 4 8 4

 4 4 4

 4 4 4

 4 4 4

 4 4 4

 4 4 4

 4 4 4

 4 4 4

 4 4 4

 4 4 4

 4 4 4

 41 41 41

 41 41 41

 41 41 41

 41 41 41

 41 41 41

 41 41 41

 42 42 42

 42 42 42

 42 42 42

 42 42 42

 43 43 43

 43 43 43

 43 43 43

 43 43 43

 43 43 43

 43 43 43

 44 44 44

 44 44 44

 44 44 44

 44 44 44

 44 44 44

 44 44 44

 44 44 44

 44 44 44

 44 44 44

 44 44 44

 44 44 44

 44 44 44

 44 44 44

 44 44 44

 44 44 44

 44 44 44

 44 44 44

 44 44 44

 44 44 44

 44 44 44

 45 45 45

 45 45 45

 45 45 45

 45 45 45

 45 45 45

 45 45 45

 45 45 45

 45 45 45

 45 45 45

 45 45 45

 45 45 45

 45 45 45

 45 45 45

 45 45 45

 45 45 45

 45 45 45

 0 0 0

 0 0 0

 1 1 1

 1 1 1

 2 2 2

 2 2 2

 3 3 3

 4 4 4

 4 4 4

 5 5 5

 5 5 5

 4 4 4

 4 4 4

 5 5 5

 5 5 5

 5 5 5

 5 5 5

 4 4 4

 4 4 4

 5 5 5

 5 5 5

 4 4 4

 4 4 4

 4 4 4

 4 4 4

 5 5 5

 5 5 5

 4 4 4

 4 4 4

 6 6 6

 6 6 6

 0 0 0

 0 0 0

 0 0 0

 0 0 0

 4 4 4

 4 4 4

 7 7 7

 7 7 7

 4 4 4

 4 4 8

 5 5 5

 5 5 5

 5 5 5

 5 5 5

 5 5 5

 5 5 5

 5 5 5

 5 5 5

 5 5 5

 5 5 5

 5 5 5

 5 5 5

 5 5 5

 5 5 5

 4 4 4

 4 4 4

 4 4 4

 4 4 4

 7 7 7

 7 7 7

 4 4 4

 4 4 4

 9 9 9

 9 9 9

 9 9 9

 9 9 9

 4 4 4

 4 4 4

 4 4 4

 4 4 4

 4 4 4

 4 4 4

 4 4 4

 4 4 4

 9 9 9

 9 9 9

 4 4 4

 4 4 4

 4 4 4

 4 4 4

 4 4 4

 4 4 4

 4 4 4

 4 4 4

 4 4 4

 4 4 4

 4 4 4

 0 0 0

 0 0 0

 4 4 4

 4 4 4

 4 4 4

 4 4 4

 6 6 6

 6 6 6

 6 6 6

 4 4 4

 4 4 4

 4 4 4

 4 4 4

 4 4 4

 4 4 4

 9 9 9

 9 9 9

 5 5 5

 5 5 5

 5 5 5

 5 5 5

 5 5 5

 5 5 5

 5 5 5

 5 5 5

 10 10 10

 10 10 10

 10 10 10

 10 10 10

 0 0 0

 0 0 0

 0 0 0

 4 4 4

 4 4 4

 0 0 0

 0 0 0

 4 4 4

 4 4 4

 10 10 10

 10 10 10

 10 10 10

 10 10 10

 10 10 10

 10 10 10

 10 10 11

 10 10 10

 10 10 10

 10 10 10

 10 10 10

 4 4 4

 4 4 4

 4 4 4

 12 12 12

 4 4 4

 4 4 4

 10 10 10

 10 10 10

 4 4 4

 4 4 4

 4 4 4

 4 4 4

 4 4 4

 13 13 13

 13 13 13

 13 13 13

 13 13 13

 13 13 13

 13 13 13

 14 14 14

 14 14 14

 5 5 5

 5 5 5

 4 4 4

 4 4 4

 15 15 15

 10 10 10

 10 10 10

 10 10 10

 10 10 10

 16 16 16

 16 16 16

 16 16 16

 16 16 16

 4 4 4

 4 4 4

 4 4 8

 4 8 4

 17 17 17

 17 17 17

 4 4 4

 4 8 4

 4 4 4

 16 16 16

 16 16 16

 16 16 16

 16 16 16

 16 16 16

 18 18 18

 18 18 18

 4 4 8

 19 19 20

 21 21 21

 21 21 21

 22 22 22

 22 22 22

 23 23 23

 23 23 23

 4 4 4

 4 4 8

 24 24 24

 24 24 24

 25 25 25

 23 23 2

 23 23 23

 23 23 23

 23 23 23

 23 23 23

 21 21 21

 21 21 21

 23 23 23

 23 23 23

 23 23 23

 23 23 23

 21 21 21

 21 21 21

 4 8 4

 4 4 4

 23 23 23

 23 23 23

 23 23 23

 2 23 2

 23 23 23

 23 23 23

 2 23 23

 22 22 22

 26 26 26

 23 23 2

 27 27 27

 27 27 27

 8 8 8

 8 8 4

 23 2 23

 25 25 25

 8 8 4

 8 4 8

 27 27 27

 23 23 23

 23 23 2

 21 21 21

 21 21 21

 19 20 20

 19 20 28

 8 4 4

 8 4 4

 2 23 23

 2 23 23

 23 23 23

 23 23 23

 4 4 4

 4 4 4

 4 4 8

 4 8 8

 7 7 7

 7 7 7

 8 4 4

 8 4 4

 5 5 5

 5 5 5

 5 5 5

 5 5 5

 5 5 5

 5 5 5

 5 5 5

 5 5 5

 4 4 4

 4 4 4

 4 4 4

 4 4 4

 4 4 4

 24 24 24

 24 24 24

 24 24 24

 23 23 2

 23 2 23

 27 27 27

 27 27 27

 23 2 23

 23 23 23

 23 23 23

 29 29 29

 25 25 25

 21 21 21

 30 31 31

 32 32 32

 33 33 33

 4 4 4

 4 4 4

 0 0 0

 0 0 0

 4 4 4

 4 4 4

 10 10 10

 4 4 4

 4 4 4

 4 4 8

 4 8 4

 34 34 34

 34 34 34

 4 4 4

 4 4 4

 4 4 4

 4 4 4

 18 18 18

 18 18 18

 4 4 4

 16 16 16

 4 8 4

 8 4 4

 4 4 4

 4 4 4

 35 35 35

 35 35 35

 35 35 35

 35 35 35

 35 35 35

 35 35 35

 36 36 36

 36 36 36

 2 23 2

 2 2 2

 8 4 4

 8 4 4

 2 2 2

 2 2 2

 8 4 4

 8 4 8

 36 36 36

 36 36 36

 23 23 2

 23 2 23

 23 2 2

 23 2 23

 4 4 4

 4 4 4

 23 2 23

 23 23 23

 36 36 36

 36 36 36

 37 37 37

 36 36 36

 36 36 36

 4 4 4

 4 4 4

 20 20 20

 4 4 8

 20 20 20

 4 8 4

 4 4 4

 4 4 8

 4 8 4

 7 7 7

 7 7 7

 4 4 8

 4 8 4

 21 21 21

 21 21 21

 21 21 21

 21 21 21

 21 21 21

 21 21 21

 21 21 21

 21 21 21

 21 21 21

 21 21 21

 36 36 36

 36 36 36

 4 4 8

 4 8 4

 0 0 0

 0 0 0

 0 0 0

 4 4 4

 4 4 4

 21 21 21

 21 21 21

 21 21 21

 21 21 38

 39 22 22

 39 22 22

 0 0 0

 0 0 0

 0 0 0

 0 0 0

 0 0 0

 0 0 0

 0 0 0

 0 0 0

 0 0 0

 0 0 0

 0 0 0

 4 4 4

 0 0 0

 0 0 0

 0 0 0

 0 0 0

 40 40 40

 0 0 0

 0 0 0

 0 0 0

 0 0 0

 0 0 0

 0 0 0

 0 0 0

 0 0 0

 0 0 0

 10 10 10

 10 10 10

 10 10 10

 18 18 18

 18 18 18

 18 18 18

 18 18 18

 18 18 18

 18 18 18

 18 18 18

 18 18 18

 18 18 18

 18 18 18

 18 18 18

 18 18 18

 18 18 18

 18 18 18

 18 18 18

 18 18 18

 18 18 18

 18 18 18

 18 18 18

 18 18 18

 18 18 18

 18 18 18

 18 18 18

 18 18 18

 18 18 18

 18 18 18

 18 18 18

 18 18 18

 18 18 18

 18 18 18

 18 18 18

 18 18 18

 18 18 18

 18 18 18

 18 18 18

 18 18 18

 18 18 18

 18 18 18

 18 18 18

 18 18 18

 18 18 18

 18 18 18

 18 18 18

 18 18 18

 18 18 18

 18 18 18

 18 18 18

 18 18 18

 18 18 18

 18 18 18

 18 18 18

 18 18 18

 18 18 18

 18 18 18

 18 18 18

 18 18 18

 18 18 18

 18 18 18

 18 18 18

 18 18 18

 18 18 18

 18 18 18

 18 18 18

 18 18 18

 15 15 15

 15 15 15

 15 15 15

 11 11 10

 11 10 10

 11 10 10

 10 10 10

 10 10 11

 10 10 10

 11 10 11

 11 10 10

 11 10 10

 10 10 10

 11 10 11

 10 10 11

 10 11 11

 10 11 10

 10 10 10

 11 11 11

 11 11 11

 11 11 11

 11 11 10

 4 4 4

 4 4 4

 7 7 7

 7 7 7

 4 4 4

 4 4 4

 4 4 4

 4 4 4

 4 8 4

 4 4 4

 7 7 7

 7 7 7

 4 4 8

 4 8 4

 4 4 4

 4 4 4

 4 4 4

 4 4 4

 4 4 4

 4 4 4

 4 4 4

 4 4 4

 4 4 4

 4 4 4

 41 41 41

 41 41 41

 41 41 41

 41 41 41

 41 41 41

 41 41 41

 42 42 42

 42 42 42

 42 42 42

 42 42 42

 43 43 43

 43 43 43

 43 43 43

 43 43 43

 43 43 43

 43 43 43

 44 44 44

 44 44 44

 44 44 44

 44 44 44

 44 44 44

 44 44 44

 44 44 44

 44 44 44

 44 44 44

 44 44 44

 44 44 44

 44 44 44

 44 44 44

 44 44 44

 44 44 44

 44 44 44

 44 44 44

 44 44 44

 44 44 44

 44 44 44

 45 45 45

 45 45 45

 45 45 45

 45 45 45

 45 45 45

 45 45 45

 45 45 45

 45 45 45

 45 45 45

 45 45 45

 45 45 45

 45 45 45

 45 45 45

 45 45 45

 45 45 45

 45 45 45

palette:

 216 210 239 255

 147 142 248 255

 144 72 66 255

 146 73 68 255

 170 131 139 255

 181 151 154 255

 255 255 255 255

 222 198 196 255

 208 166 177 255

 146 173 226 255

 239 255 237 255

 253 255 255 255

 196 198 198 255

 164 168 166 255

 226 229 229 255

 212 212 212 255

 220 222 222 255

 202 204 204 255

 177 179 179 255

 184 186 186 255

 163 166 164 255

 244 246 250 255

 253 248 248 255

 214 181 175 255

 206 173 166 255

 149 78 72 255

 168 108 103 255

 202 198 242 255

 130 128 147 255

 82 80 147 255

 64 61 119 255

 112 108 194 255

 253 253 253 255

 184 168 171 255

 168 149 152 255

 248 244 244 255

 253 250 253 255

 179 181 181 255

 200 202 202 255

 181 183 183 255

 237 239 239 255

 222 222 222 255

 237 222 226 255

 250 253 253 255

 248 246 248 255

 208 171 181 255

 255 239 239 255

 212 181 177 255

 255 202 208 255

 139 134 235 255

 255 226 231 255

 253 231 237 255

 255 173 181 255

 107 104 161 255

 72 70 93 255

 239 239 255 255

 192 194 194 255

 218 222 220 255

 255 250 235 255

 109 107 125 255

 54 52 96 255

 69 67 101 255

 202 173 250 255

 208 204 198 255

 68 66 93 255

 147 144 152 255

 184 181 186 255

 192 188 186 255

 122 119 133 255

 204 179 255 255

 163 121 255 255

 208 188 255 255

 214 196 255 255

 255 214 216 255

 246 242 255 255

 194 164 255 255

 255 208 212 255

 206 202 198 255

 168 90 107 255

 173 96 114 255

 173 103 118 255

 168 88 107 255

 173 97 114 255

 184 115 131 255

 210 170 177 255

 190 186 186 255

 105 104 125 255

 127 122 196 255

 85 81 138 255

 103 99 163 255

 134 130 229 255

 250 246 242 255

 246 237 229 255

 253 250 239 255

 255 253 244 255

 210 224 248 255

 226 237 253 255

 235 216 214 255

 248 239 231 255

 196 142 154 255

 216 179 183 255

 216 179 184 255

 186 124 138 255

 231 210 214 255

 124 184 255 255

 200 208 233 255

 246 237 235 255

 224 194 198 255

 250 246 246 255

 250 246 244 255

 246 250 255 255

 255 255 250 255

 202 156 164 255

 235 216 216 255

 255 255 246 255

 255 253 253 255

 231 208 216 255

 183 214 255 255

 224 196 204 255

 214 188 202 255

 214 173 179 255

 224 229 244 255

 177 206 248 255

 190 198 229 255

 154 198 255 255

 224 214 214 255

 233 216 214 255

 250 246 248 255

 114 111 196 255

 214 208 239 255

 43 41 77 255

 88 85 118 255

 190 127 141 255

 128 186 255 255

 222 222 237 255

 233 244 255 255

 239 229 226 255

 186 139 138 255

 248 248 250 255

 181 128 124 255

 147 77 72 255

 151 146 248 255

 188 183 244 255

 51 49 96 255

 26 25 59 255

 147 142 177 255

 59 56 96 255

 124 119 198 255

 139 134 212 255

 134 130 206 255

 46 45 88 255

 35 34 71 255

 76 73 128 255

 164 159 246 255

 144 139 218 255

 141 136 214 255

 163 157 244 255

 118 114 196 255

 125 121 196 255

 73 72 125 255

 33 32 68 255

 121 116 186 255

 107 104 168 255

 244 239 226 255

 119 116 130 255

 136 133 144 255

 131 250 105 255

 124 244 122 255

 105 231 183 255

 104 229 186 255

 86 216 244 255

 84 214 255 255

 79 134 204 255

 80 138 202 255

 105 186 149 255

 104 184 151 255

 130 235 101 255

 124 224 112 255

 136 250 90 255

 134 246 92 255

 57 93 255 255

color:

 0 0 1

 0 1 1

 2 3 4

 3 5 4

 6 7 8

 6 8 9

 8 7 10

 6 11 6

 6 6 6

 12 13 14

 12 14 15

 11 6 6

 11 6 11

 16 17 15

 16 15 14

 18 19 16

 18 16 16

 11 11 11

 11 11 6

 20 12 17

 20 17 16

 11 6 6

 11 6 11

 11 11 11

 11 11 11

 12 12 15

 12 15 17

 6 21 22

 6 22 6

 23 24 25

 23 25 26

 27 0 0

 27 0 28

 1 29 30

 1 30 31

 32 6 33

 32 33 34

 35 32 34

 35 34 11

 36 35 11

 36 11 11

 12 37 12

 12 12 12

 38 12 12

 38 12 20

 16 38 20

 16 20 13

 16 16 16

 16 16 16

 16 39 16

 16 16 16

 19 16 16

 19 16 16

 39 18 16

 39 16 16

 40 11 11

 40 11 41

 11 40 16

 11 16 11

 40 14 16

 40 16 16

 14 40 41

 14 41 16

 11 42 11

 11 11 11

 42 43 11

 42 11 11

 11 11 11

 11 11 11

 11 11 6

 11 6 11

 11 11 11

 11 11 11

 11 11 11

 11 11 6

 11 11 11

 11 11 43

 10 6 11

 10 11 44

 6 6 11

 6 11 11

 8 10 44

 8 44 45

 25 46 47

 25 47 26

 48 6 6

 48 6 6

 6 6 6

 49 0 0

 49 0 27

 48 50 51

 48 51 52

 46 48 6

 46 6 47

 25 30 53

 24 31 30

 24 30 25

 50 46 25

 50 25 53

 46 50 48

 47 6 6

 47 6 26

 6 54 55

 11 11 11

 11 11 11

 13 20 56

 13 56 18

 16 14 57

 16 57 12

 14 13 18

 14 18 57

 20 16 12

 20 12 56

 58 58 58

 58 58 58

 58 58 58

 58 58 58

 28 0 58

 28 58 58

 28 59 60

 52 51 61

 52 61 62

 63 64 59

 63 59 58

 64 61 51

 51 50 53

 58 58 58

 58 58 58

 58 58 58

 58 58 58

 58 58 58

 58 58 58

 65 58 66

 58 58 58

 58 58 58

 63 58 58

 63 58 58

 54 67 55

 62 61 68

 62 68 54

 6 6 6

 48 52 6

 52 62 6

 58 58 58

 58 58 58

 6 6 6

 6 48 6

 6 62 54

 6 6 6

 6 52 6

 69 70 71

 69 71 72

 73 69 72

 73 72 6

 70 69 74

 70 74 75

 69 73 76

 69 76 74

 37 16 13

 37 13 12

 6 36 11

 6 11 33

 63 58 77

 58 63 58

 58 58 58

 58 58 58

 58 58 58

 78 79 58

 78 58 80

 81 78 80

 81 80 82

 83 81 65

 83 65 58

 81 81 82

 81 82 65

 64 63 58

 64 58 65

 81 83 84

 64 65 82

 81 81 84

 85 80 58

 79 78 81

 85 86 82

 85 82 80

 78 81 81

 87 87 88

 87 88 89

 64 82 61

 90 1 1

 7 6 6

 7 6 10

 91 92 93

 91 93 94

 95 96 11

 95 11 6

 97 93 92

 97 92 98

 99 100 101

 99 101 102

 103 104 8

 6 6 6

 105 95 6

 105 6 43

 106 107 108

 106 108 109

 110 6 6

 110 6 6

 96 110 6

 96 6 11

 107 105 43

 107 43 108

 111 106 109

 111 109 111

 97 100 112

 97 112 113

 6 11 6

 43 6 6

 109 108 6

 6 111 6

 11 6 6

 108 43 6

 111 109 6

 94 93 114

 115 6 116

 104 6 117

 99 118 119

 99 119 120

 93 97 113

 93 113 114

 121 122 123

 124 104 122

 114 113 106

 114 106 111

 120 119 107

 117 6 110

 117 110 96

 6 6 6

 6 6 110

 90 6 7

 90 7 1

 113 112 107

 113 107 106

 123 122 95

 123 95 105

 122 117 96

 122 96 95

 6 36 36

 6 36 6

 36 125 35

 36 35 36

 125 126 32

 125 32 35

 126 6 6

 126 6 32

 18 56 18

 18 18 39

 12 57 16

 12 16 19

 57 18 39

 57 39 16

 56 12 19

 56 19 18

 6 103 8

 11 6 8

 11 8 45

 101 100 97

 101 97 98

 112 100 99

 112 99 120

 107 112 120

 107 119 123

 107 123 105

 127 118 99

 127 99 102

 119 118 121

 119 121 123

 122 104 117

 8 104 9

 122 121 124

 115 6 6

 104 116 6

 116 104 103

 116 103 115

 92 128 31

 92 31 24

 1 0 129

 1 129 1

 98 92 24

 98 24 23

 85 63 68

 58 79 83

 58 83 58

 81 82 82

 81 82 81

 85 58 58

 85 58 63

 79 81 84

 79 84 83

 81 81 81

 81 81 84

 68 61 130

 68 130 131

 132 86 61

 86 132 82

 82 132 82

 82 132 61

 133 134 21

 133 21 135

 104 127 6

 104 6 133

 22 104 133

 22 133 6

 136 22 6

 136 6 35

 32 35 6

 32 6 6

 22 6 9

 22 9 104

 6 133 135

 6 135 6

 136 137 6

 136 6 22

 6 6 6

 6 6 6

 134 133 6

 134 6 138

 124 121 127

 124 127 104

 121 118 127

 121 127 127

 134 5 22

 134 22 21

 104 124 104

 104 104 9

 5 134 138

 5 138 4

 3 139 6

 2 140 139

 2 139 3

 6 135 21

 6 21 6

 137 1 6

 1 137 141

 1 7 6

 41 11 16

 41 16 37

 11 16 38

 11 38 16

 16 16 12

 16 12 38

 16 41 37

 16 37 12

 6 114 111

 6 111 6

 115 94 114

 115 114 6

 6 111 111

 6 111 6

 7 91 94

 7 94 115

 6 7 115

 6 115 103

 139 140 32

 139 32 6

 6 139 6

 6 6 6

 1 1 142

 143 53 30

 143 30 29

 144 64 51

 53 144 51

 6 108 7

 6 7 6

 108 90 91

 108 91 7

 90 128 92

 90 92 91

 1 90 1

 1 129 0

 1 0 49

 31 128 90

 31 90 1

 27 143 29

 27 29 49

 28 60 143

 28 143 27

 1 49 29

 1 29 1

 1 141 142

 1 1 1

 1 1 1

 1 90 1

 0 1 142

 142 141 0

 1 1 1

 1 1 1

 90 1 1

 60 144 53

 60 53 143

 58 59 28

 58 28 58

 60 59 64

 60 64 144

 58 58 58

 58 58 58

 58 58 58

 86 85 145

 86 145 146

 85 68 131

 85 131 145

 61 86 146

 61 146 130

 87 147 148

 87 148 149

 87 150 151

 87 151 88

 87 87 89

 87 89 152

 150 87 152

 150 152 151

 148 153 153

 148 153 153

 154 155 153

 154 153 153

 147 154 153

 147 153 148

 155 87 149

 155 149 153

 156 153 87

 153 149 156

 153 156 153

 149 148 153

 149 153 156

 153 153 153

 153 153 153

 153 153 87

 153 153 87

 153 156 87

 87 87 87

 87 87 155

 157 158 154

 157 154 147

 158 87 155

 158 155 154

 87 157 147

 87 147 87

 151 152 159

 151 159 160

 88 151 160

 88 160 161

 89 88 161

 89 161 162

 152 89 162

 152 162 159

 87 150 157

 87 157 87

 145 131 159

 145 159 162

 87 87 87

 87 87 87

 131 130 160

 131 160 159

 87 87 87

 87 87 158

 146 145 162

 146 162 161

 150 87 158

 150 158 157

 130 146 161

 130 161 160

 54 68 77

 58 54 77

 68 63 77

 58 67 163

 58 58 58

 58 58 58

 164 163 67

 164 67 54

 164 58 58

 58 58 66

 165 65 66

 58 58 67

 164 54 58

 58 165 66

 58 58 58

 58 58 65

 164 58 65

 164 65 165

 58 163 58

 58 58 58

 163 164 165

 163 165 58

 34 33 40

 34 40 14

 11 34 14

 11 14 40

 11 11 40

 11 40 11

 33 11 11

 33 11 40

 3 6 6

 3 6 126

 5 3 126

 5 126 125

 22 5 125

 22 125 36

 6 22 36

 6 36 6

 11 11 11

 11 11 11

 11 11 43

 11 43 44

 45 44 43

 45 43 42

 11 45 42

 11 42 11

 6 103 103

 6 103 6

 6 103 103

 6 103 6

 6 103 103

 6 103 6

 10 6 6

 10 6 10

 103 10 6

 103 6 6

 6 6 103

 6 103 103

 6 6 103

 6 103 103

 6 6 103

 6 103 103

 10 10 6

 10 6 6

 103 6 6

 103 6 10

 166 167 168

 166 168 169

 169 168 170

 169 170 171

 10 10 171

 10 171 170

 172 173 174

 172 174 175

 175 174 176

 175 176 177

 177 176 178

 177 178 179

 173 172 180

 173 180 180

 179 178 167

 179 167 166

 166 169 168

 166 168 167

 169 171 170

 169 170 168

 10 170 171

 10 171 10

 172 175 174

 172 174 173

 175 177 176

 175 176 174

 177 179 178

 177 178 176

 173 180 180

 173 180 172

 179 166 167

 179 167 178

 0 1 1

 0 1 0

 2 4 5

 2 5 3

 6 9 8

 6 8 7

 8 10 7

 6 6 6

 6 6 11

 12 15 14

 12 14 13

 11 11 6

 11 6 6

 16 14 15

 16 15 17

 18 16 16

 18 16 19

 11 6 11

 11 11 11

 20 16 17

 20 17 12

 11 11 6

 11 6 6

 11 11 11

 11 11 11

 12 17 15

 12 15 12

 6 6 22

 6 22 21

 23 26 25

 23 25 24

 27 28 0

 27 0 0

 1 31 30

 1 30 29

 32 34 33

 32 33 6

 35 11 34

 35 34 32

 36 11 11

 36 11 35

 12 12 12

 12 12 37

 38 20 12

 38 12 12

 16 13 20

 16 20 38

 16 16 16

 16 16 16

 16 16 16

 16 16 39

 19 16 16

 19 16 16

 39 16 16

 39 16 18

 40 41 11

 40 11 11

 11 11 16

 11 16 40

 40 16 16

 40 16 14

 14 16 41

 14 41 40

 11 11 11

 11 11 42

 42 11 11

 42 11 43

 11 11 11

 11 11 11

 11 11 6

 11 6 11

 11 11 11

 11 11 11

 11 6 11

 11 11 11

 11 43 11

 11 11 11

 10 44 11

 10 11 6

 6 11 11

 6 11 6

 8 45 44

 8 44 10

 25 26 47

 25 47 46

 48 6 6

 48 6 6

 6 6 6

 49 27 0

 49 0 0

 48 52 51

 48 51 50

 46 47 6

 46 6 48

 25 53 30

 24 25 30

 24 30 31

 50 53 25

 50 25 46

 46 48 50

 47 26 6

 47 6 6

 6 55 54

 11 11 11

 11 11 11

 13 18 56

 13 56 20

 16 12 57

 16 57 14

 14 57 18

 14 18 13

 20 56 12

 20 12 16

 58 58 58

 58 58 58

 58 58 58

 58 58 58

 28 58 58

 28 58 0

 28 60 59

 52 62 61

 52 61 51

 63 58 59

 63 59 64

 64 51 61

 51 53 50

 58 58 58

 58 58 58

 58 58 58

 58 58 58

 58 58 58

 58 58 58

 65 66 58

 58 58 58

 58 58 58

 63 58 58

 63 58 58

 54 55 67

 62 54 68

 62 68 61

 6 6 6

 48 6 52

 52 6 62

 58 58 58

 58 58 58

 6 6 6

 6 6 48

 6 54 62

 6 6 6

 6 6 52

 69 72 71

 69 71 70

 73 6 72

 73 72 69

 70 75 74

 70 74 69

 69 74 76

 69 76 73

 37 12 13

 37 13 16

 6 33 11

 6 11 36

 63 77 58

 58 58 58

 58 58 63

 58 58 58

 58 58 58

 78 80 58

 78 58 79

 81 82 80

 81 80 78

 83 58 65

 83 65 81

 81 65 82

 81 82 81

 64 65 58

 64 58 63

 81 84 83

 64 82 65

 81 84 81

 85 58 80

 79 81 78

 85 80 82

 85 82 86

 78 81 81

 87 89 88

 87 88 87

 64 61 82

 90 1 1

 7 10 6

 7 6 6

 91 94 93

 91 93 92

 95 6 11

 95 11 96

 97 98 92

 97 92 93

 99 102 101

 99 101 100

 103 8 104

 6 6 6

 105 43 6

 105 6 95

 106 109 108

 106 108 107

 110 6 6

 110 6 6

 96 11 6

 96 6 110

 107 108 43

 107 43 105

 111 111 109

 111 109 106

 97 113 112

 97 112 100

 6 6 11

 43 6 6

 109 6 108

 6 6 111

 11 6 6

 108 6 43

 111 6 109

 94 114 93

 115 116 6

 104 117 6

 99 120 119

 99 119 118

 93 114 113

 93 113 97

 121 123 122

 124 122 104

 114 111 106

 114 106 113

 120 107 119

 117 96 110

 117 110 6

 6 110 6

 6 6 6

 90 1 7

 90 7 6

 113 106 107

 113 107 112

 123 105 95

 123 95 122

 122 95 96

 122 96 117

 6 6 36

 6 36 36

 36 36 35

 36 35 125

 125 35 32

 125 32 126

 126 32 6

 126 6 6

 18 39 18

 18 18 56

 12 19 16

 12 16 57

 57 16 39

 57 39 18

 56 18 19

 56 19 12

 6 8 103

 11 45 8

 11 8 6

 101 98 97

 101 97 100

 112 120 99

 112 99 100

 107 120 112

 107 105 123

 107 123 119

 127 102 99

 127 99 118

 119 123 121

 119 121 118

 122 117 104

 8 9 104

 122 124 121

 115 6 6

 104 6 116

 116 103 104

 116 115 103

 92 24 31

 92 31 128

 1 1 129

 1 129 0

 98 23 24

 98 24 92

 85 68 63

 58 58 83

 58 83 79

 81 81 82

 81 82 82

 85 63 58

 85 58 58

 79 83 84

 79 84 81

 81 84 81

 81 81 81

 68 131 130

 68 130 61

 132 61 86

 86 82 132

 82 82 132

 82 61 132

 133 135 21

 133 21 134

 104 133 6

 104 6 127

 22 6 133

 22 133 104

 136 35 6

 136 6 22

 32 6 6

 32 6 35

 22 104 9

 22 9 6

 6 6 135

 6 135 133

 136 22 6

 136 6 137

 6 6 6

 6 6 6

 134 138 6

 134 6 133

 124 104 127

 124 127 121

 121 127 127

 121 127 118

 134 21 22

 134 22 5

 104 9 104

 104 104 124

 5 4 138

 5 138 134

 3 6 139

 2 3 139

 2 139 140

 6 6 21

 6 21 135

 137 6 1

 1 141 137

 1 6 7

 41 37 16

 41 16 11

 11 16 38

 11 38 16

 16 38 12

 16 12 16

 16 12 37

 16 37 41

 6 6 111

 6 111 114

 115 6 114

 115 114 94

 6 6 111

 6 111 111

 7 115 94

 7 94 91

 6 103 115

 6 115 7

 139 6 32

 139 32 140

 6 6 6

 6 6 139

 1 142 1

 143 29 30

 143 30 53

 144 51 64

 53 51 144

 6 6 7

 6 7 108

 108 7 91

 108 91 90

 90 91 92

 90 92 128

 1 1 90

 1 49 0

 1 0 129

 31 1 90

 31 90 128

 27 49 29

 27 29 143

 28 27 143

 28 143 60

 1 1 29

 1 29 49

 1 142 141

 1 1 1

 1 1 1

 1 1 90

 0 142 1

 142 0 141

 1 1 1

 1 1 1

 90 1 1

 60 143 53

 60 53 144

 58 58 28

 58 28 59

 60 144 64

 60 64 59

 58 58 58

 58 58 58

 58 58 58

 86 146 145

 86 145 85

 85 145 131

 85 131 68

 61 130 146

 61 146 86

 87 149 148

 87 148 147

 87 88 151

 87 151 150

 87 152 89

 87 89 87

 150 151 152

 150 152 87

 148 153 153

 148 153 153

 154 153 153

 154 153 155

 147 148 153

 147 153 154

 155 153 149

 155 149 87

 156 87 153

 153 153 156

 153 156 149

 149 156 153

 149 153 148

 153 153 153

 153 153 153

 153 87 153

 153 87 153

 153 87 156

 87 155 87

 87 87 87

 157 147 154

 157 154 158

 158 154 155

 158 155 87

 87 87 147

 87 147 157

 151 160 159

 151 159 152

 88 161 160

 88 160 151

 89 162 161

 89 161 88

 152 159 162

 152 162 89

 87 87 157

 87 157 150

 145 162 159

 145 159 131

 87 87 87

 87 87 87

 131 159 160

 131 160 130

 87 158 87

 87 87 87

 146 161 162

 146 162 145

 150 157 158

 150 158 87

 130 160 161

 130 161 146

 54 77 68

 58 77 54

 68 77 63

 58 163 67

 58 58 58

 58 58 58

 164 54 67

 164 67 163

 164 58 58

 58 66 58

 165 66 65

 58 67 58

 164 58 54

 58 66 165

 58 65 58

 58 58 58

 164 165 65

 164 65 58

 58 58 58

 58 58 163

 163 58 165

 163 165 164

 34 14 40

 34 40 33

 11 40 14

 11 14 34

 11 11 40

 11 40 11

 33 40 11

 33 11 11

 3 126 6

 3 6 6

 5 125 126

 5 126 3

 22 36 125

 22 125 5

 6 6 36

 6 36 22

 11 11 11

 11 11 11

 11 44 43

 11 43 11

 45 42 43

 45 43 44

 11 11 42

 11 42 45

 6 6 103

 6 103 103

 6 6 103

 6 103 103

 6 6 103

 6 103 103

 10 10 6

 10 6 6

 103 6 6

 103 6 10

 6 103 103

 6 103 6

 6 103 103

 6 103 6

 6 103 103

 6 103 6

 10 6 6

 10 6 10

 103 10 6

 103 6 6

 166 169 168

 166 168 167

 169 171 170

 169 170 168

 10 170 171

 10 171 10

 172 175 174

 172 174 173

 175 177 176

 175 176 174

 177 179 178

 177 178 176

 173 180 180

 173 180 172

 179 166 167

 179 167 178

 166 167 168

 166 168 169

 169 168 170

 169 170 171

 10 10 171

 10 171 170

 172 173 174

 172 174 175

 175 174 176

 175 176 177

 177 176 178

 177 178 179

 173 172 180

 173 180 180

 179 178 167

 179 167 166

