vectors:

 -1.000000 1.000000 -1.000000

 -1.000000 -1.000000 -1.000000

 -1.000000 1.000000 1.000000

 -1.000000 -1.000000 1.000000

 1.000000 1.000000 -1.000000

 1.000000 -1.000000 -1.000000

 1.000000 1.000000 1.000000

 1.000000 -1.000000 1.000000

 -0.580121 -1.562363 -0.580121

 -0.580121 -1.562363 0.580121

 0.580121 -1.562363 0.580121

 0.580121 -1.562363 -0.580121

 -0.580121 -2.411658 -0.580121

 -0.580121 -2.411658 0.580121

 0.580121 -2.411658 0.580121

 0.580121 -2.411658 -0.580121

 -0.974834 -2.612901 -0.974834

 -0.974834 -2.612901 0.974834

 0.974834 -2.612901 0.974834

 0.974834 -2.612901 -0.974834

 -0.377068 -3.077869 -0.377068

 -0.377068 -3.077869 0.377068

 0.377068 -3.077869 0.377068

 0.377068 -3.077869 -0.377068

tris:

 0 1 3

 0 3 2

 2 3 7

 2 7 6

 6 7 5

 6 5 4

 4 5 1

 4 1 0

 2 6 4

 2 4 0

 1 5 11

 1 11 8

 8 11 15

 8 15 12

 7 3 9

 7 9 10

 5 7 10

 5 10 11

 3 1 8

 3 8 9

 15 14 18

 15 18 19

 10 9 13

 10 13 14

 11 10 14

 11 14 15

 9 8 12

 9 12 13

 16 19 23

 16 23 20

 13 12 16

 13 16 17

 12 15 19

 12 19 16

 14 13 17

 14 17 18

 18 17 21

 18 21 22

 19 18 22

 19 22 23

 17 16 20

 17 20 21

 22 21 20

 22 20 23

vector2s:

 0.254774 0.066377

 0.254774 0.392068

 0.745226 0.392068

 0.745226 0.066377

 0.254774 0.662845

 0.745226 0.662845

 0.745226 0.337155

 0.254774 0.337155

 0.642261 0.483647

 0.357739 0.483647

 0.642261 0.621950

 0.357739 0.621950

 0.642261 0.405530

 0.642261 0.594470

 0.739055 0.658747

 0.739055 0.341253

 0.260945 0.341253

 0.592467 0.438596

 0.407533 0.438596

 0.357739 0.594470

 0.357739 0.405530

 0.260945 0.658747

 0.407533 0.561404

 0.592467 0.561404

uv:

 0 1 2

 0 2 3

 0 1 2

 0 2 3

 3 2 1

 3 1 0

 3 2 1

 3 1 0

 4 5 6

 4 6 7

 1 2 8

 1 8 9

 9 8 10

 9 10 11

 2 1 9

 2 9 8

 1 2 8

 1 8 9

 2 1 9

 2 9 8

 12 13 14

 12 14 15

 8 9 11

 8 11 10

 9 8 10

 9 10 11

 8 9 11

 8 11 10

 16 15 17

 16 17 18

 19 20 16

 19 16 21

 20 12 15

 20 15 16

 13 19 21

 13 21 14

 14 21 22

 14 22 23

 15 14 23

 15 23 17

 21 16 18

 21 18 22

 23 22 18

 23 18 17

palette:

 255 255 255 255

color:

 0 0 0

 0 0 0

 0 0 0

 0 0 0

 0 0 0

 0 0 0

 0 0 0

 0 0 0

 0 0 0

 0 0 0

 0 0 0

 0 0 0

 0 0 0

 0 0 0

 0 0 0

 0 0 0

 0 0 0

 0 0 0

 0 0 0

 0 0 0

 0 0 0

 0 0 0

 0 0 0

 0 0 0

 0 0 0

 0 0 0

 0 0 0

 0 0 0

 0 0 0

 0 0 0

 0 0 0

 0 0 0

 0 0 0

 0 0 0

 0 0 0

 0 0 0

 0 0 0

 0 0 0

 0 0 0

 0 0 0

 0 0 0

 0 0 0

 0 0 0

 0 0 0

