vectors:

 1.613941 0.980608 -12.409765

 -1.613941 0.980608 -12.409765

 1.613941 0.980608 1.613941

 -1.613941 0.980608 1.613941

 0.000000 0.980608 -12.409765

 0.000000 0.980608 1.613941

 -1.613941 0.980608 3.227883

 1.613941 0.980608 3.227883

 -1.613941 0.980608 0.000000

 1.613941 0.980608 0.000000

 6.324560 2.938650 -9.828690

 -6.412110 -1.061301 -9.828690

 6.891289 -1.061301 5.354361

 -7.020307 -1.061301 5.354361

 0.000000 0.980608 0.000000

 0.000000 0.980608 3.227883

 -1.613941 -1.061302 -6.142503

 1.613941 2.938649 -6.142503

 -1.613941 -1.061302 -3.071251

 1.613941 2.938649 -3.071251

 1.613941 2.938649 -9.276134

 -1.613941 -1.061302 -9.276134

 -7.335816 -1.061302 0.000000

 -7.335816 -1.061302 -3.071251

 6.945688 -1.061302 0.000000

 6.945688 2.938649 -3.071251

 4.279815 2.938649 -3.071251

 4.279815 -1.061302 0.000000

 -4.474879 -1.061302 0.000000

 -4.474879 -1.061302 -3.071251

 1.613941 -1.061302 0.000000

 -1.613941 -1.061302 0.000000

 1.613941 -1.061302 3.227883

 -1.613941 -1.061302 3.227883

 -1.613941 -1.061302 1.613941

 1.613941 -1.061302 1.613941

 -1.613941 -1.061302 -12.409765

 1.613941 2.938649 -12.409765

 -4.474879 0.980608 -3.071251

 -4.474879 0.980608 0.000000

 4.279815 0.980608 0.000000

 4.279815 0.980608 -3.071251

 6.945688 0.980608 -3.071251

 6.945688 0.980608 0.000000

 -7.335816 0.980608 -3.071251

 -7.335816 0.980608 0.000000

 -1.613941 0.980608 -9.276134

 1.613941 0.980608 -9.276134

 0.000000 0.980608 -9.276134

 0.000000 0.980608 -3.071251

 1.613941 0.980608 -3.071251

 -1.613941 0.980608 -3.071251

 0.000000 0.980608 -6.142503

 1.613941 0.980608 -6.142503

 -1.613941 0.980608 -6.142503

tris:

 14 9 2

 14 2 5

 8 14 5

 8 5 3

 51 49 14

 51 14 8

 49 50 9

 49 9 14

 3 5 15

 3 15 6

 5 2 7

 5 7 15

 32 35 12

 18 29 11

 29 23 11

 36 21 11

 28 31 13

 20 37 10

 27 24 12

 19 17 10

 26 19 10

 31 34 13

 16 18 11

 25 26 10

 35 30 12

 17 20 10

 30 27 12

 34 33 13

 21 16 11

 22 28 13

 53 47 20

 53 20 17

 51 38 29

 51 29 18

 8 3 34

 8 34 31

 39 8 31

 39 31 28

 45 39 28

 45 28 22

 38 44 23

 38 23 29

 47 0 37

 47 37 20

 9 40 27

 9 27 30

 1 46 21

 1 21 36

 54 51 18

 54 18 16

 42 41 26

 42 26 25

 7 2 35

 7 35 32

 50 53 17

 50 17 19

 41 50 19

 41 19 26

 3 6 33

 3 33 34

 40 43 24

 40 24 27

 46 54 16

 46 16 21

 2 9 30

 2 30 35

 51 8 39

 51 39 38

 9 50 41

 9 41 40

 40 41 42

 40 42 43

 38 39 45

 38 45 44

 1 4 48

 1 48 46

 4 0 47

 4 47 48

 54 52 49

 54 49 51

 52 53 50

 52 50 49

 46 48 52

 46 52 54

 48 47 53

 48 53 52

vector2s:

 0.500000 0.500000

 0.555556 0.500000

 0.555556 0.555556

 0.500000 0.555556

 0.444444 0.500000

 0.444444 0.555556

 0.444444 0.486251

 0.500000 0.486251

 0.555556 0.486251

 0.500000 0.611111

 0.444444 0.611111

 0.555556 0.611111

 0.444444 0.444444

 0.444444 0.458473

 0.555556 0.458473

 0.555556 0.444444

 0.555556 0.472501

 0.444444 0.472501

 0.500000 0.444444

 0.500000 0.458473

 0.500000 0.472501

uv:

 0 1 2

 0 2 3

 4 0 3

 4 3 5

 6 7 0

 6 0 4

 7 8 1

 7 1 0

 5 3 9

 5 9 10

 3 2 11

 3 11 9

 11 2 11

 6 6 6

 6 6 6

 12 13 12

 4 4 4

 14 15 14

 1 1 1

 8 16 8

 8 8 8

 4 5 4

 17 6 17

 8 8 8

 2 1 2

 16 14 16

 1 1 1

 5 10 5

 13 17 13

 4 4 4

 16 14 14

 16 14 16

 6 6 6

 6 6 6

 4 5 5

 4 5 4

 4 4 4

 4 4 4

 4 4 4

 4 4 4

 6 6 6

 6 6 6

 14 15 15

 14 15 14

 1 1 1

 1 1 1

 12 13 13

 12 13 12

 17 6 6

 17 6 17

 8 8 8

 8 8 8

 11 2 2

 11 2 11

 8 16 16

 8 16 8

 8 8 8

 8 8 8

 5 10 10

 5 10 5

 1 1 1

 1 1 1

 13 17 17

 13 17 13

 2 1 1

 2 1 2

 6 4 4

 6 4 6

 1 8 8

 1 8 1

 1 8 8

 1 8 1

 6 4 4

 6 4 6

 12 18 19

 12 19 13

 18 15 14

 18 14 19

 17 20 7

 17 7 6

 20 16 8

 20 8 7

 13 19 20

 13 20 17

 19 14 16

 19 16 20

palette:

 105 105 105 255

 86 86 86 255

 96 96 96 255

 79 79 79 255

 65 65 65 255

 58 58 58 255

 71 71 71 255

 68 68 68 255

 77 77 77 255

color:

 0 1 0

 0 0 0

 0 0 0

 0 0 0

 0 2 0

 0 0 0

 2 3 1

 2 1 0

 0 0 0

 0 0 0

 0 0 0

 0 0 0

 0 0 0

 0 0 0

 0 0 0

 0 0 0

 0 0 0

 4 5 4

 1 1 1

 3 6 3

 3 3 3

 0 0 0

 0 0 0

 3 3 3

 0 1 0

 6 4 6

 1 1 1

 0 0 0

 0 0 0

 0 0 0

 6 4 4

 6 4 6

 0 0 0

 0 0 0

 0 0 0

 0 0 0

 0 0 0

 0 0 0

 0 0 0

 0 0 0

 0 0 0

 0 0 0

 4 5 5

 4 5 4

 1 1 1

 1 1 1

 0 0 0

 0 0 0

 0 0 0

 0 0 0

 3 3 3

 3 3 3

 0 0 0

 0 0 0

 3 6 6

 3 6 3

 3 3 3

 3 3 3

 0 0 0

 0 0 0

 1 1 1

 1 1 1

 0 0 0

 0 0 0

 0 1 1

 0 1 0

 0 0 0

 0 0 0

 1 3 3

 1 3 1

 1 3 3

 1 3 1

 0 0 0

 0 0 0

 0 7 8

 0 8 0

 7 5 4

 7 4 8

 0 1 2

 0 2 0

 1 6 3

 1 3 2

 0 8 1

 0 1 0

 8 4 6

 8 6 1

