vectors:

 -16.390944 0.126861 4.214927

 -16.383762 5.661280 14.613600

 -16.385548 1.324827 12.879163

 -4.240896 4.746075 5.961580

 -5.977321 0.236490 4.233957

 -7.716281 5.108583 12.883180

 -8.583857 1.440199 12.017216

 -25.046783 5.799454 12.871130

 -24.179989 2.061983 12.002154

 7.210838 3.233871 19.863575

 7.760750 0.487728 20.895531

 5.067259 4.864425 26.240406

 6.064215 0.487728 25.802204

 13.751022 2.802441 22.172382

 12.667421 0.029586 22.592068

 11.607441 4.432995 28.549210

 10.970884 0.029586 27.498741

 -18.113068 5.799454 -7.870481

 -16.383707 1.028085 -6.139354

 -14.626996 5.661280 -14.711511

 -13.763973 1.854722 -13.852994

 -7.698691 5.108583 -14.708499

 -8.566233 1.440199 -13.849982

 -28.480978 5.799454 5.890777

 -26.754467 1.127571 4.163106

 -35.343716 5.799454 -4.552353

 -34.484589 2.061983 -3.683323

 -35.345776 5.799454 2.375854

 -34.486649 2.061983 1.514322

 -26.741238 5.799454 -6.243768

 -26.742920 1.463000 -4.510250

 -4.228428 4.746074 -7.831332

 -5.968661 0.236490 -6.111516

 2.766346 3.848737 -7.813258

 4.498245 -0.995915 -6.092774

 14.923683 -3.938774 -6.090980

 2.723252 3.848737 5.962082

 4.460661 -0.995915 4.235777

 6.202738 2.169867 12.875483

 7.067650 -1.181417 12.007366

 14.857660 -3.943558 4.222179

 14.868465 1.632319 14.560885

 14.863691 -2.686931 12.836703

 25.238401 -1.971400 4.193188

 23.508566 -5.022162 4.198460

 23.523634 -0.858361 12.796414

 22.653826 -3.834057 11.940161

 25.324255 -2.049342 -6.111323

 23.591536 -4.468467 -6.107179

 25.428183 0.543391 -16.415836

 23.693213 -1.628333 -16.413570

 16.773844 2.708119 -25.007759

 17.639875 -1.029351 -24.147549

 13.294569 2.860833 -18.117023

 15.018333 -1.853810 -16.400806

 23.702139 2.708119 -25.010025

 22.837606 -1.029351 -24.149811

 6.308931 3.471688 -14.664834

 7.172148 -0.342139 -13.809146

 -16.388901 0.276607 9.194478

 -16.383986 3.870502 14.396795

 -11.400117 5.384931 14.397298

 -11.514074 1.160037 12.733253

 -7.864880 3.407286 12.734854

 -5.981268 4.959639 9.422348

 -7.684801 0.829845 9.128943

 -4.421740 2.936336 5.781644

 -11.225282 -0.081421 4.228251

 -24.898277 4.086322 12.722246

 4.912766 4.130042 22.619087

 7.317375 1.798941 19.983513

 6.374872 0.295176 23.162983

 5.152197 1.798941 26.245581

 7.935431 4.954439 28.590469

 8.331665 0.015908 27.188084

 11.414261 1.214246 28.410759

 13.905518 3.536824 25.793699

 12.356770 -0.263360 25.231291

 13.579439 1.214245 22.148693

 10.882164 2.699600 19.825369

 10.399973 0.015908 21.206186

 -21.366852 5.782182 14.395792

 -21.254477 1.548332 12.726545

 -17.932974 3.962489 -7.690106

 -14.479184 3.936314 -14.564460

 -7.847277 3.407286 -14.561425

 -11.159454 5.384931 -15.997779

 -11.163618 1.253685 -14.415887

 -28.301109 3.972737 5.710723

 -36.633438 5.799454 -1.093870

 -35.196541 4.086322 -4.403511

 -35.050415 1.668208 -1.086965

 -35.198616 4.086322 2.228299

 -26.741449 4.008676 -6.027078

 -31.689478 5.799454 -6.054923

 -31.579084 1.565604 -4.389394

 -4.409700 2.936336 -7.652188

 2.946844 2.003963 -7.634038

 9.751846 -2.258089 -6.088571

 4.465893 3.302359 9.422203

 2.904181 2.003964 5.782183

 6.165991 -0.973389 9.125356

 6.350904 0.443656 12.726753

 9.886356 1.864440 14.370543

 9.995592 -1.734939 12.711012

 14.867867 -0.142378 14.345363

 14.855780 -3.639239 9.173615

 9.699524 -2.258089 4.231806

 23.374620 -2.588887 12.649757

 25.024057 -1.396370 9.135304

 23.361017 -4.868731 9.030254

 25.022169 -3.668934 4.193848

 25.107664 -3.840119 -6.110806

 25.211309 -1.247386 -16.415554

 15.038734 2.727209 -21.564091

 16.922171 0.994988 -24.860405

 16.739204 -1.550343 -21.274754

 13.474167 1.029535 -17.938259

 23.554068 0.994988 -24.862679

 20.236866 2.708119 -26.299206

 20.238247 -1.423126 -24.714188

 6.456816 1.745477 -14.518281

 -26.769955 5.799454 9.384880

 -25.072737 1.529665 9.096008

 -21.543312 0.336613 4.192521

 -16.388844 0.219856 -0.934202

 -5.972428 -0.467302 -0.942756

 -11.181085 0.011573 -6.119025

 -16.371992 5.782182 -11.283092

 -14.671666 1.383802 -10.989932

 -5.969226 4.959639 -11.271045

 -7.671686 0.829845 -10.981828

 -26.746763 0.503630 -0.862062

 -21.785250 5.799454 -6.412108

 -21.606964 1.416813 -4.645471

 -31.911833 5.799454 4.128850

 -31.619787 1.529665 2.428669

 -0.759261 4.297406 4.663953

 -0.756437 -0.112004 2.868045

 4.472694 -1.664995 -0.933424

 -0.736689 4.297406 -6.535651

 -0.740733 -0.112004 -4.741760

 14.881912 -3.941844 -0.936797

 19.849255 0.116129 14.319994

 19.730618 -4.171319 12.666512

 19.832464 -4.631977 4.209332

 25.269464 -2.049342 -0.959908

 23.538717 -4.468468 -0.955341

 19.908985 -4.598692 -6.098941

 14.973021 -2.987715 -11.208892

 25.384687 -1.136569 -11.262738

 23.650187 -2.817514 -11.259393

 20.042578 -2.576378 -16.408684

 25.222593 1.716273 -21.356823

 23.557432 -1.525730 -21.244186

 4.538777 3.633355 -11.236217

 6.244932 -0.789960 -10.947015

 9.806269 3.166261 -16.387539

 10.084951 -1.118007 -14.703629

 -11.428410 3.615804 14.188788

 -6.190184 3.196566 9.358168

 -26.561760 4.019103 9.321056

 -11.396513 0.133685 9.173599

 -21.338764 4.010816 14.186641

 -21.374075 0.532724 9.155160

 5.057335 1.884948 22.707432

 7.876116 1.482661 28.505619

 13.674299 1.080373 25.686840

 10.855524 1.480054 19.888653

 9.365818 -0.493524 24.197136

 -11.186888 -0.127282 -0.951219

 -16.163574 3.986236 -11.219081

 -6.178057 3.196566 -11.207519

 -11.159978 3.632977 -15.799048

 -11.171987 0.267697 -11.005075

 -21.749447 3.997849 -6.195695

 -21.574890 0.405534 -0.824661

 -36.434563 4.047500 -1.093002

 -31.847958 4.019103 3.920481

 -31.661753 4.028088 -5.846190

 -31.636988 0.694195 -1.034897

 -0.758965 2.488464 4.448394

 -0.737169 2.488464 -6.320409

 -0.749126 -0.975060 -0.937665

 9.682077 -2.309244 -0.932529

 4.674408 1.471393 9.357604

 9.914045 0.090599 14.162535

 9.870234 -2.081535 9.162418

 19.820389 -1.655238 14.112879

 24.815607 -3.180518 9.108242

 19.803976 -4.405324 9.127481

 25.053114 -3.840119 -0.959337

 19.860481 -4.598692 -0.946176

 25.167875 -2.189476 -11.262321

 19.963882 -3.831198 -11.252542

 15.247200 0.945713 -21.500538

 25.013979 -0.055093 -21.328812

 20.237040 0.956165 -26.100086

 20.202339 -2.395103 -21.297443

 4.747850 1.834085 -11.172765

 9.868866 1.382290 -16.181076

 9.966627 -2.091665 -11.032475

tris:

 1 60 159

 1 159 61

 60 2 62

 60 62 159

 159 62 6

 159 6 63

 61 159 63

 61 63 5

 5 63 160

 5 160 64

 63 6 65

 63 65 160

 160 65 4

 160 4 66

 64 160 66

 64 66 3

 23 88 161

 23 161 122

 88 24 123

 88 123 161

 161 123 8

 161 8 68

 122 161 68

 122 68 7

 6 62 162

 6 162 65

 62 2 59

 62 59 162

 162 59 0

 162 0 67

 65 162 67

 65 67 4

 7 68 163

 7 163 81

 68 8 82

 68 82 163

 163 82 2

 163 2 60

 81 163 60

 81 60 1

 2 82 164

 2 164 59

 82 8 123

 82 123 164

 164 123 24

 164 24 124

 59 164 124

 59 124 0

 9 70 165

 9 165 69

 70 10 71

 70 71 165

 165 71 12

 165 12 72

 69 165 72

 69 72 11

 11 72 166

 11 166 73

 72 12 74

 72 74 166

 166 74 16

 166 16 75

 73 166 75

 73 75 15

 15 75 167

 15 167 76

 75 16 77

 75 77 167

 167 77 14

 167 14 78

 76 167 78

 76 78 13

 13 78 168

 13 168 79

 78 14 80

 78 80 168

 168 80 10

 168 10 70

 79 168 70

 79 70 9

 16 74 169

 16 169 77

 74 12 71

 74 71 169

 169 71 10

 169 10 80

 77 169 80

 77 80 14

 4 67 170

 4 170 126

 67 0 125

 67 125 170

 170 125 18

 170 18 127

 126 170 127

 126 127 32

 19 84 171

 19 171 128

 84 20 129

 84 129 171

 171 129 18

 171 18 83

 128 171 83

 128 83 17

 31 96 172

 31 172 130

 96 32 131

 96 131 172

 172 131 22

 172 22 85

 130 172 85

 130 85 21

 21 85 173

 21 173 86

 85 22 87

 85 87 173

 173 87 20

 173 20 84

 86 173 84

 86 84 19

 32 127 174

 32 174 131

 127 18 129

 127 129 174

 174 129 20

 174 20 87

 131 174 87

 131 87 22

 17 83 175

 17 175 133

 83 18 134

 83 134 175

 175 134 30

 175 30 93

 133 175 93

 133 93 29

 0 124 176

 0 176 125

 124 24 132

 124 132 176

 176 132 30

 176 30 134

 125 176 134

 125 134 18

 25 90 177

 25 177 89

 90 26 91

 90 91 177

 177 91 28

 177 28 92

 89 177 92

 89 92 27

 27 92 178

 27 178 135

 92 28 136

 92 136 178

 178 136 24

 178 24 88

 135 178 88

 135 88 23

 29 93 179

 29 179 94

 93 30 95

 93 95 179

 179 95 26

 179 26 90

 94 179 90

 94 90 25

 24 136 180

 24 180 132

 136 28 91

 136 91 180

 180 91 26

 180 26 95

 132 180 95

 132 95 30

 3 66 181

 3 181 137

 66 4 138

 66 138 181

 181 138 37

 181 37 100

 137 181 100

 137 100 36

 33 97 182

 33 182 140

 97 34 141

 97 141 182

 182 141 32

 182 32 96

 140 182 96

 140 96 31

 37 138 183

 37 183 139

 138 4 126

 138 126 183

 183 126 32

 183 32 141

 139 183 141

 139 141 34

 40 107 184

 40 184 142

 107 37 139

 107 139 184

 184 139 34

 184 34 98

 142 184 98

 142 98 35

 36 100 185

 36 185 99

 100 37 101

 100 101 185

 185 101 39

 185 39 102

 99 185 102

 99 102 38

 38 102 186

 38 186 103

 102 39 104

 102 104 186

 186 104 42

 186 42 105

 103 186 105

 103 105 41

 42 104 187

 42 187 106

 104 39 101

 104 101 187

 187 101 37

 187 37 107

 106 187 107

 106 107 40

 41 105 188

 41 188 143

 105 42 144

 105 144 188

 188 144 46

 188 46 108

 143 188 108

 143 108 45

 45 108 189

 45 189 109

 108 46 110

 108 110 189

 189 110 44

 189 44 111

 109 189 111

 109 111 43

 46 144 190

 46 190 110

 144 42 106

 144 106 190

 190 106 40

 190 40 145

 110 190 145

 110 145 44

 43 111 191

 43 191 146

 111 44 147

 111 147 191

 191 147 48

 191 48 112

 146 191 112

 146 112 47

 44 145 192

 44 192 147

 145 40 142

 145 142 192

 192 142 35

 192 35 148

 147 192 148

 147 148 48

 47 112 193

 47 193 150

 112 48 151

 112 151 193

 193 151 50

 193 50 113

 150 193 113

 150 113 49

 48 148 194

 48 194 151

 148 35 149

 148 149 194

 194 149 54

 194 54 152

 151 194 152

 151 152 50

 51 115 195

 51 195 114

 115 52 116

 115 116 195

 195 116 54

 195 54 117

 114 195 117

 114 117 53

 49 113 196

 49 196 153

 113 50 154

 113 154 196

 196 154 56

 196 56 118

 153 196 118

 153 118 55

 55 118 197

 55 197 119

 118 56 120

 118 120 197

 197 120 52

 197 52 115

 119 197 115

 119 115 51

 50 152 198

 50 198 154

 152 54 116

 152 116 198

 198 116 52

 198 52 120

 154 198 120

 154 120 56

 57 121 199

 57 199 155

 121 58 156

 121 156 199

 199 156 34

 199 34 97

 155 199 97

 155 97 33

 53 117 200

 53 200 157

 117 54 158

 117 158 200

 200 158 58

 200 58 121

 157 200 121

 157 121 57

 35 98 201

 35 201 149

 98 34 156

 98 156 201

 201 156 58

 201 58 158

 149 201 158

 149 158 54

vector2s:

 0.993393 0.626427

 0.993393 0.744195

 0.875624 0.744195

 0.875624 0.626427

 0.993393 0.861963

 0.875625 0.861963

 0.757856 0.861963

 0.757856 0.744195

 0.757856 0.626427

 0.761564 0.764568

 0.875061 0.764568

 0.875061 0.878065

 0.761564 0.878065

 0.988558 0.764568

 0.988558 0.878065

 0.988558 0.991562

 0.875061 0.991562

 0.761564 0.991562

 0.875624 0.861963

 0.875061 0.878064

uv:

 0 1 2

 0 2 3

 1 4 5

 1 5 2

 2 5 6

 2 6 7

 3 2 7

 3 7 8

 0 1 2

 0 2 3

 1 4 5

 1 5 2

 2 5 6

 2 6 7

 3 2 7

 3 7 8

 0 1 2

 0 2 3

 1 4 5

 1 5 2

 2 5 6

 2 6 7

 3 2 7

 3 7 8

 9 10 11

 9 11 12

 10 13 14

 10 14 11

 11 14 15

 11 15 16

 12 11 16

 12 16 17

 0 1 2

 0 2 3

 1 4 18

 1 18 2

 2 18 6

 2 6 7

 3 2 7

 3 7 8

 9 10 19

 9 19 12

 10 13 14

 10 14 19

 19 14 15

 19 15 16

 12 19 16

 12 16 17

 0 1 2

 0 2 3

 1 4 5

 1 5 2

 2 5 6

 2 6 7

 3 2 7

 3 7 8

 0 1 2

 0 2 3

 1 4 5

 1 5 2

 2 5 6

 2 6 7

 3 2 7

 3 7 8

 0 1 2

 0 2 3

 1 4 5

 1 5 2

 2 5 6

 2 6 7

 3 2 7

 3 7 8

 0 1 2

 0 2 3

 1 4 5

 1 5 2

 2 5 6

 2 6 7

 3 2 7

 3 7 8

 9 10 19

 9 19 12

 10 13 14

 10 14 19

 19 14 15

 19 15 16

 12 19 16

 12 16 17

 9 10 19

 9 19 12

 10 13 14

 10 14 19

 19 14 15

 19 15 16

 12 19 16

 12 16 17

 0 1 2

 0 2 3

 1 4 5

 1 5 2

 2 5 6

 2 6 7

 3 2 7

 3 7 8

 0 1 2

 0 2 3

 1 4 5

 1 5 2

 2 5 6

 2 6 7

 3 2 7

 3 7 8

 0 1 2

 0 2 3

 1 4 5

 1 5 2

 2 5 6

 2 6 7

 3 2 7

 3 7 8

 9 10 19

 9 19 12

 10 13 14

 10 14 19

 19 14 15

 19 15 16

 12 19 16

 12 16 17

 0 1 2

 0 2 3

 1 4 18

 1 18 2

 2 18 6

 2 6 7

 3 2 7

 3 7 8

 9 10 11

 9 11 12

 10 13 14

 10 14 11

 11 14 15

 11 15 16

 12 11 16

 12 16 17

 0 1 2

 0 2 3

 1 4 5

 1 5 2

 2 5 6

 2 6 7

 3 2 7

 3 7 8

 0 1 2

 0 2 3

 1 4 5

 1 5 2

 2 5 6

 2 6 7

 3 2 7

 3 7 8

 0 1 2

 0 2 3

 1 4 5

 1 5 2

 2 5 6

 2 6 7

 3 2 7

 3 7 8

 9 10 19

 9 19 12

 10 13 14

 10 14 19

 19 14 15

 19 15 16

 12 19 16

 12 16 17

 0 1 2

 0 2 3

 1 4 5

 1 5 2

 2 5 6

 2 6 7

 3 2 7

 3 7 8

 0 1 2

 0 2 3

 1 4 5

 1 5 2

 2 5 6

 2 6 7

 3 2 7

 3 7 8

 9 10 19

 9 19 12

 10 13 14

 10 14 19

 19 14 15

 19 15 16

 12 19 16

 12 16 17

 9 10 19

 9 19 12

 10 13 14

 10 14 19

 19 14 15

 19 15 16

 12 19 16

 12 16 17

 0 1 2

 0 2 3

 1 4 5

 1 5 2

 2 5 6

 2 6 7

 3 2 7

 3 7 8

 0 1 2

 0 2 3

 1 4 18

 1 18 2

 2 18 6

 2 6 7

 3 2 7

 3 7 8

 9 10 19

 9 19 12

 10 13 14

 10 14 19

 19 14 15

 19 15 16

 12 19 16

 12 16 17

 0 1 2

 0 2 3

 1 4 5

 1 5 2

 2 5 6

 2 6 7

 3 2 7

 3 7 8

 0 1 2

 0 2 3

 1 4 18

 1 18 2

 2 18 6

 2 6 7

 3 2 7

 3 7 8

 9 10 11

 9 11 12

 10 13 14

 10 14 11

 11 14 15

 11 15 16

 12 11 16

 12 16 17

 0 1 2

 0 2 3

 1 4 18

 1 18 2

 2 18 6

 2 6 7

 3 2 7

 3 7 8

 9 10 11

 9 11 12

 10 13 14

 10 14 11

 11 14 15

 11 15 16

 12 11 16

 12 16 17

 0 1 2

 0 2 3

 1 4 18

 1 18 2

 2 18 6

 2 6 7

 3 2 7

 3 7 8

 9 10 19

 9 19 12

 10 13 14

 10 14 19

 19 14 15

 19 15 16

 12 19 16

 12 16 17

 0 1 2

 0 2 3

 1 4 5

 1 5 2

 2 5 6

 2 6 7

 3 2 7

 3 7 8

 0 1 2

 0 2 3

 1 4 5

 1 5 2

 2 5 6

 2 6 7

 3 2 7

 3 7 8

 0 1 2

 0 2 3

 1 4 5

 1 5 2

 2 5 6

 2 6 7

 3 2 7

 3 7 8

 9 10 19

 9 19 12

 10 13 14

 10 14 19

 19 14 15

 19 15 16

 12 19 16

 12 16 17

 0 1 2

 0 2 3

 1 4 5

 1 5 2

 2 5 6

 2 6 7

 3 2 7

 3 7 8

 0 1 2

 0 2 3

 1 4 5

 1 5 2

 2 5 6

 2 6 7

 3 2 7

 3 7 8

 9 10 19

 9 19 12

 10 13 14

 10 14 19

 19 14 15

 19 15 16

 12 19 16

 12 16 17

palette:

 154 154 154 255

 181 181 181 255

 202 202 202 255

 179 179 179 255

 196 196 196 255

 212 212 212 255

 233 233 233 255

 216 216 216 255

 184 184 184 255

 159 159 159 255

 116 116 116 255

 188 188 188 255

 146 146 146 255

 90 90 90 255

 34 34 34 255

 73 73 73 255

 114 114 114 255

 161 161 161 255

 121 121 121 255

 186 186 186 255

 231 231 231 255

 214 214 214 255

 173 173 173 255

 157 157 157 255

 124 124 124 255

 133 133 133 255

 210 210 210 255

 139 139 139 255

 222 222 222 255

 229 229 229 255

 226 226 226 255

 242 242 242 255

 237 237 237 255

 144 144 144 255

 125 125 125 255

 152 152 152 255

 149 149 149 255

 224 224 224 255

 156 156 156 255

 239 239 239 255

 190 190 190 255

 97 97 97 255

 51 51 51 255

 118 118 118 255

 246 246 246 255

 204 204 204 255

 248 248 248 255

 115 115 115 255

 60 60 60 255

 142 142 142 255

 250 250 250 255

 255 255 255 255

 244 244 244 255

 122 122 122 255

 74 74 74 255

 0 0 0 255

 136 136 136 255

 87 87 87 255

 32 32 32 255

 35 35 35 255

 77 77 77 255

 1 1 1 255

 112 112 112 255

 104 104 104 255

 206 206 206 255

 183 183 183 255

 192 192 192 255

 147 147 147 255

 208 208 208 255

 200 200 200 255

 177 177 177 255

 166 166 166 255

 119 119 119 255

 163 163 163 255

 141 141 141 255

 151 151 151 255

 218 218 218 255

color:

 0 1 2

 0 2 3

 1 4 5

 1 5 2

 2 5 6

 2 6 7

 3 2 7

 3 7 8

 8 7 9

 8 9 10

 7 6 11

 7 11 9

 9 11 12

 9 12 13

 10 9 13

 10 13 14

 15 16 17

 15 17 18

 16 9 19

 16 19 17

 17 19 20

 17 20 21

 18 17 21

 18 21 8

 6 5 22

 6 22 11

 5 4 23

 5 23 22

 22 23 24

 22 24 25

 11 22 25

 11 25 12

 8 21 2

 8 2 3

 21 20 26

 21 26 2

 2 26 4

 2 4 1

 3 2 1

 3 1 0

 4 26 22

 4 22 23

 26 20 19

 26 19 22

 22 19 9

 22 9 27

 23 22 27

 23 27 24

 28 29 28

 28 28 29

 29 6 28

 29 28 28

 28 28 6

 28 6 29

 29 28 29

 29 29 28

 28 29 29

 28 29 6

 29 6 30

 29 30 29

 29 30 31

 29 31 32

 6 29 32

 6 32 29

 29 32 6

 29 6 32

 32 31 6

 32 6 6

 6 6 31

 6 31 32

 32 6 32

 32 32 29

 29 32 29

 29 29 20

 32 31 30

 32 30 29

 29 30 6

 29 6 29

 20 29 29

 20 29 28

 31 30 20

 31 20 6

 30 6 28

 30 28 20

 20 28 6

 20 6 30

 6 20 30

 6 30 31

 12 25 24

 12 24 33

 25 24 34

 25 34 24

 24 34 12

 24 12 35

 33 24 35

 33 35 36

 2 37 38

 2 38 10

 37 39 40

 37 40 38

 38 40 12

 38 12 41

 10 38 41

 10 41 42

 14 13 17

 14 17 43

 13 36 4

 13 4 17

 17 4 44

 17 44 29

 43 17 29

 43 29 45

 45 29 46

 45 46 32

 29 44 31

 29 31 46

 46 31 39

 46 39 37

 32 46 37

 32 37 2

 36 35 45

 36 45 4

 35 12 40

 35 40 45

 45 40 39

 45 39 31

 4 45 31

 4 31 44

 42 41 47

 42 47 48

 41 12 23

 41 23 47

 47 23 11

 47 11 9

 48 47 9

 48 9 43

 24 27 49

 24 49 34

 27 9 22

 27 22 49

 49 22 11

 49 11 23

 34 49 23

 34 23 12

 37 31 50

 37 50 31

 31 51 44

 31 44 50

 50 44 52

 50 52 30

 31 50 30

 31 30 2

 2 30 17

 2 17 53

 30 52 4

 30 4 17

 17 4 9

 17 9 16

 53 17 16

 53 16 15

 43 9 45

 43 45 1

 9 11 28

 9 28 45

 45 28 51

 45 51 31

 1 45 31

 1 31 37

 9 4 7

 9 7 22

 4 52 44

 4 44 7

 7 44 51

 7 51 28

 22 7 28

 22 28 11

 14 13 54

 14 54 55

 13 12 49

 13 49 54

 54 49 56

 54 56 57

 55 54 57

 55 57 58

 59 13 60

 59 60 61

 13 27 33

 13 33 60

 60 33 36

 60 36 13

 61 60 13

 61 13 14

 56 49 35

 56 35 27

 49 12 33

 49 33 35

 35 33 36

 35 36 33

 27 35 33

 27 33 27

 53 62 63

 53 63 18

 62 56 27

 62 27 63

 63 27 27

 63 27 24

 18 63 24

 18 24 25

 58 57 38

 58 38 47

 57 56 22

 57 22 38

 38 22 20

 38 20 37

 47 38 37

 47 37 40

 40 37 64

 40 64 65

 37 20 2

 37 2 64

 64 2 66

 64 66 1

 65 64 1

 65 1 35

 66 2 67

 66 67 36

 2 20 22

 2 22 67

 67 22 56

 67 56 62

 36 67 62

 36 62 53

 35 1 68

 35 68 65

 1 66 28

 1 28 68

 68 28 44

 68 44 29

 65 68 29

 65 29 69

 69 29 7

 69 7 19

 29 44 29

 29 29 7

 7 29 64

 7 64 65

 19 7 65

 19 65 49

 44 28 2

 44 2 29

 28 66 36

 28 36 2

 2 36 53

 2 53 70

 29 2 70

 29 70 64

 49 65 17

 49 17 43

 65 64 4

 65 4 17

 17 4 45

 17 45 71

 43 17 71

 43 71 18

 64 70 22

 64 22 4

 70 53 18

 70 18 22

 22 18 25

 22 25 8

 4 22 8

 4 8 45

 18 71 38

 18 38 72

 71 45 8

 71 8 38

 38 8 1

 38 1 73

 72 38 73

 72 73 25

 45 8 17

 45 17 8

 8 25 74

 8 74 17

 17 74 75

 17 75 71

 8 17 71

 8 71 1

 2 30 73

 2 73 53

 30 52 4

 30 4 73

 73 4 75

 73 75 62

 53 73 62

 53 62 15

 25 73 45

 25 45 1

 73 1 76

 73 76 45

 45 76 51

 45 51 31

 1 45 31

 1 31 37

 37 31 50

 37 50 31

 31 51 44

 31 44 50

 50 44 52

 50 52 30

 31 50 30

 31 30 2

 1 71 26

 1 26 76

 71 75 4

 71 4 26

 26 4 52

 26 52 44

 76 26 44

 76 44 51

 73 4 0

 73 0 62

 4 21 3

 4 3 0

 0 3 27

 0 27 13

 62 0 13

 62 13 59

 15 62 23

 15 23 10

 62 75 1

 62 1 23

 23 1 21

 23 21 4

 10 23 4

 10 4 73

 25 24 35

 25 35 74

 24 27 3

 24 3 35

 35 3 21

 35 21 1

 74 35 1

 74 1 75

