vectors:

 18.808455 2.792345 -5.884288

 8.394833 2.792438 -5.903316

 2.905019 3.719682 -15.950802

 27.464293 5.909871 -14.540492

 26.597496 2.793976 -13.671516

 7.208348 5.943517 15.824116

 6.165981 2.792649 15.294205

 5.306665 5.934048 9.371017

 4.741349 2.792649 10.301804

 0.526666 5.946022 17.684151

 1.173577 2.792263 16.718838

 -1.375013 5.936553 11.231052

 -0.251053 2.792263 11.726429

 20.530582 5.909871 6.201120

 18.801218 2.793105 4.469994

 17.044510 5.909873 13.042151

 16.181486 2.793802 12.183634

 10.116205 5.909883 13.039138

 10.983747 2.793452 12.180622

 30.898489 5.909871 -7.560139

 29.171978 2.793189 -5.832468

 37.761230 5.909871 2.882989

 36.902096 2.793976 2.013959

 37.763290 5.909871 -4.045218

 36.904156 2.793976 -3.183686

 29.158751 5.909871 4.574405

 29.160431 2.793471 2.840888

 6.645941 5.909889 6.161972

 8.386173 2.792438 4.442157

 -0.348833 5.909905 6.143900

 -2.080733 2.791399 4.423416

 -12.506171 2.788919 4.421623

 -7.452722 2.790484 -10.831777

 -2.501960 2.791399 -5.905132

 -7.496536 3.495747 -15.831889

 2.992419 2.791532 -10.765228

 -12.440148 2.788915 -5.891536

 -12.450955 5.909943 -16.230244

 -12.446181 2.789974 -14.506060

 -21.909920 2.790075 -5.037179

 -21.106123 5.909986 -14.465768

 -20.236315 2.789007 -13.609515

 -21.909954 2.789372 4.391703

 -21.909309 5.909950 14.856594

 -21.909920 2.790821 14.025697

 -14.356328 5.909925 23.338402

 -15.222360 2.791371 22.478191

 -10.877053 5.909922 16.447666

 -12.600818 2.790676 14.731448

 -21.284624 5.909925 23.340672

 -20.420092 2.791371 22.480457

 -3.891418 5.909911 12.995479

 -4.754634 2.791950 12.139790

 18.709309 2.792158 -10.809834

 -7.502925 5.909939 -16.039902

 27.315784 3.953759 -14.391608

 7.510322 5.938312 12.248814

 7.052285 4.696020 15.786976

 6.000668 2.792487 12.641911

 5.234120 4.696020 9.415497

 1.609256 5.933525 9.091076

 2.089055 2.792252 10.467113

 -1.137358 4.111324 11.233658

 -1.676991 5.941757 14.806355

 -0.085748 2.792017 14.378727

 0.680806 4.111324 17.605141

 4.222889 5.946619 17.961201

 3.825871 2.792252 16.553528

 23.816156 5.909884 -16.206940

 23.757948 2.792844 -14.475372

 20.350485 3.939565 6.020746

 16.896698 3.936564 12.895099

 10.264791 3.875924 12.892066

 13.576971 5.909878 14.328418

 13.581132 2.793295 12.746528

 30.718620 3.940739 -7.380085

 39.050949 5.909871 -0.575494

 37.614048 3.953759 2.734147

 37.467922 2.793644 -0.582399

 37.616123 3.953759 -3.897663

 29.158960 3.944859 4.357716

 34.106995 5.909871 4.385560

 33.996597 2.793558 2.720031

 6.827212 3.821941 5.982828

 -0.529332 3.715067 5.964680

 -7.334335 2.790335 4.419214

 2.978804 2.790271 -5.479722

 -2.502528 2.789171 -10.903913

 -2.502541 3.469042 -16.075665

 2.976040 2.792104 -14.449932

 -7.503040 2.790776 -14.380373

 -12.450356 3.469042 -16.014721

 -12.438268 2.789171 -10.842971

 -7.502729 2.790335 -5.901164

 -20.957109 3.188609 -14.319112

 -22.606546 5.909996 -10.804659

 -20.943506 2.788135 -10.699609

 -21.909388 3.417706 -5.824196

 -21.909386 4.297482 14.752447

 -12.621219 5.909924 19.894733

 -14.504655 3.599413 23.191048

 -14.321689 2.790932 19.605396

 -11.056651 3.603373 16.268902

 -21.136553 3.599413 23.193325

 -17.819351 5.909925 24.629852

 -17.820732 2.791039 23.044834

 -4.039302 3.685438 12.848926

 29.187460 5.909871 -11.054242

 27.490248 2.793528 -10.765370

 23.960823 2.792522 -5.861882

 18.806355 2.792424 -0.735158

 8.389940 2.791844 -0.726604

 13.598598 2.792248 4.449665

 18.789503 5.909872 9.613731

 17.089180 2.793405 9.320572

 8.386740 5.909886 9.601685

 10.089200 2.792938 9.312468

 29.164274 2.792663 -0.807301

 24.202761 5.909871 4.742747

 24.024475 2.793432 2.976109

 34.329346 5.909871 -5.798213

 34.037300 2.793528 -4.098032

 -2.055183 2.790835 -0.735934

 3.154202 5.909897 4.866293

 3.158246 2.792144 3.072402

 -12.464400 2.788916 -0.732559

 -17.431747 5.909969 -15.989349

 -17.313110 2.788723 -14.335869

 -17.414953 2.788335 -5.878688

 -21.909908 2.789945 -0.558230

 -17.491470 2.788363 4.429585

 -12.555507 2.789720 9.539536

 -21.909935 2.790174 9.674311

 -17.625067 2.790067 14.739329

 -22.805079 5.909942 19.687469

 -21.139917 2.790952 19.574833

 -2.121264 5.909909 9.566860

 -3.827419 2.791573 9.277658

 -7.388753 5.909916 14.718181

 -7.667438 2.791296 13.034274

 -2.502536 2.789974 -14.567004

 28.979267 3.946054 -10.990418

 13.515689 2.792241 -10.803627

 23.801872 3.857854 -15.994743

 23.813549 2.792052 -10.787630

 7.341225 4.782027 12.259369

 1.706511 4.379739 9.126556

 -1.426297 3.977451 14.761269

 4.208413 4.377132 17.894081

 2.957463 2.791822 13.510319

 13.604400 2.792131 -0.718142

 18.581089 3.942286 9.549721

 8.595571 3.851770 9.538158

 13.577492 3.901794 14.129687

 13.589500 2.792464 9.335714

 24.166962 3.943618 4.526333

 23.992401 2.792580 -0.844700

 38.852070 3.949309 -0.576361

 34.265472 3.946054 -5.589844

 34.079266 3.947084 4.176827

 34.054497 2.792823 -0.634466

 -2.502541 5.909943 -16.291187

 3.154682 3.770604 4.651051

 3.166638 2.791417 -0.731693

 -7.264566 2.790292 -0.736827

 -17.402882 3.295629 -15.782233

 -22.398096 3.120793 -10.777596

 -17.386465 2.788526 -10.796837

 -17.442970 2.788363 -0.723180

 -17.546368 2.789010 9.583185

 -12.829684 3.593765 19.831181

 -22.596464 3.479047 19.659458

 -17.819525 3.594963 24.430733

 -17.784824 2.790220 19.628090

 -2.330337 3.695595 9.503408

 -7.451351 3.643808 14.511718

 -7.549114 2.790475 9.363119

 2.887195 5.909905 -16.163015

 13.633349 2.792170 -5.897610

 8.334717 2.790797 -10.825598

 -37.073845 2.792345 4.750145

 -37.066662 5.909873 15.148821

 -37.068443 2.793355 13.414381

 -26.660221 2.792438 4.769176

 -45.729683 5.909871 13.406348

 -44.862885 2.793976 12.537374

 -38.795971 5.909871 -7.335262

 -37.066605 2.793105 -5.604136

 -35.309895 5.909873 -14.176294

 -34.446873 2.793802 -13.317776

 -28.381594 5.909883 -14.173277

 -29.249132 2.793452 -13.314764

 -49.163879 5.909871 6.425995

 -47.437366 2.793189 4.698324

 -56.026619 5.909871 -4.017135

 -55.167484 2.793976 -3.148104

 -56.028679 5.909871 2.911072

 -55.169544 2.793976 2.049541

 -47.424141 5.909871 -5.708549

 -47.425819 2.793471 -3.975032

 -24.911331 5.909889 -7.296112

 -26.651562 2.792438 -5.576298

 -37.071796 2.792471 9.729696

 -37.066891 3.929021 14.932016

 -31.899202 2.793216 13.268468

 -45.581177 3.953759 13.257464

 -42.049751 5.909872 14.931013

 -41.937378 2.793543 13.261764

 -38.615875 3.939565 -7.154889

 -35.162083 3.936564 -14.029241

 -28.530176 3.875924 -14.026206

 -31.842356 5.909878 -15.462557

 -31.846518 2.793295 -13.880668

 -48.984009 3.940739 6.245941

 -57.316330 5.909871 -0.558652

 -55.879436 3.953759 -3.868293

 -55.733311 2.793644 -0.551746

 -55.881512 3.953759 2.763517

 -47.424347 3.944859 -5.491859

 -52.372375 5.909871 -5.519705

 -52.261986 2.793558 -3.854176

 -25.092602 3.821941 -7.116969

 -47.452850 5.909871 9.920098

 -45.755638 2.793528 9.631227

 -42.226212 2.792522 4.727738

 -37.071743 2.792424 -0.398984

 -26.655327 2.791844 -0.407537

 -31.863987 2.792248 -5.583807

 -37.054893 5.909872 -10.747873

 -35.354568 2.793405 -10.454714

 -26.652128 5.909886 -10.735825

 -28.354586 2.792938 -10.446608

 -47.429665 2.792663 -0.326843

 -42.468147 5.909871 -5.876891

 -42.289864 2.793432 -4.110252

 -52.594727 5.909871 4.664069

 -52.302689 2.793528 2.963887

 -21.909311 5.909951 -5.931488

 -47.244656 3.946054 9.856275

 -31.899015 2.792351 9.708821

 -42.021664 3.945104 14.721860

 -42.056976 2.792687 9.690378

 -31.869789 2.792131 -0.416000

 -36.846478 3.942286 -10.683863

 -26.860956 3.851770 -10.672298

 -31.842878 3.901794 -15.263826

 -31.854887 2.792464 -10.469856

 -42.432350 3.943618 -5.660477

 -42.257790 2.792580 -0.289443

 -57.117458 3.949309 -0.557784

 -52.530861 3.946054 4.455699

 -52.344654 3.947084 -5.310972

 -52.319885 2.792823 -0.499678

 -31.899065 3.899826 14.724004

 -31.898739 2.792170 4.763468

 -26.739021 2.789171 9.769777

 -26.726938 3.469042 14.941525

 -31.899019 5.909878 14.932512

 -26.731112 2.789974 13.432864

 -26.726339 5.909943 15.157047

 28.262489 5.943517 12.777697

 27.220123 2.792649 12.247786

 26.360807 5.934048 6.324598

 25.795490 2.792649 7.255384

 21.580807 5.946022 14.637732

 22.227718 2.792263 13.672419

 19.679129 5.936553 8.184633

 20.803089 2.792263 8.680010

 28.564465 5.938312 9.202394

 28.106426 4.696020 12.740557

 27.054810 2.792487 9.595491

 26.288261 4.696020 6.369078

 22.663399 5.933525 6.044657

 23.143196 2.792252 7.420694

 19.916784 4.111324 8.187239

 19.377151 5.941757 11.759935

 20.968395 2.792017 11.332308

 21.734947 4.111324 14.558722

 25.277031 5.946619 14.914782

 24.880013 2.792252 13.507109

 28.395367 4.782027 9.212950

 22.760654 4.379739 6.080137

 19.627846 3.977451 11.714849

 25.262554 4.377132 14.847662

 24.011604 2.791822 10.463900

 16.912954 2.792938 -20.794903

 18.615414 5.909886 -21.084118

 9.912973 2.793405 -20.803009

 8.212650 5.909872 -21.096169

 13.403555 2.792248 -15.932100

 20.174940 3.821941 -17.465263

 13.421022 2.793295 -24.228962

 13.425183 5.909878 -25.810852

 16.737364 3.875924 -24.374500

 10.105456 3.936564 -24.377533

 6.651669 3.939565 -17.503181

 18.615980 2.792438 -15.924591

 20.356213 5.909889 -17.644405

 16.018408 2.793452 -23.663055

 16.885950 5.909883 -24.521572

 10.820668 2.793802 -23.666069

 9.957644 5.909873 -24.524586

 8.200935 2.793105 -15.952431

 6.471571 5.909871 -17.683556

 8.421064 3.942286 -21.032158

 18.406584 3.851770 -21.020592

 13.424663 3.901794 -25.612122

 13.412653 2.792464 -20.818150

tris:

 19 75 141

 19 141 107

 75 20 108

 75 108 141

 141 108 4

 141 4 55

 107 141 55

 107 55 3

 142 53 0

 142 0 178

 179 142 178

 179 178 1

 3 55 143

 3 143 68

 55 4 69

 55 69 143

 69 4 108

 69 108 144

 144 108 20

 144 20 109

 53 144 109

 53 109 0

 5 57 145

 5 145 56

 57 6 58

 57 58 145

 145 58 8

 145 8 59

 56 145 59

 56 59 7

 7 59 146

 7 146 60

 59 8 61

 59 61 146

 146 61 12

 146 12 62

 60 146 62

 60 62 11

 11 62 147

 11 147 63

 62 12 64

 62 64 147

 147 64 10

 147 10 65

 63 147 65

 63 65 9

 9 65 148

 9 148 66

 65 10 67

 65 67 148

 148 67 6

 148 6 57

 66 148 57

 66 57 5

 12 61 149

 12 149 64

 61 8 58

 61 58 149

 149 58 6

 149 6 67

 64 149 67

 64 67 10

 1 178 150

 1 150 111

 178 0 110

 178 110 150

 150 110 14

 150 14 112

 111 150 112

 111 112 28

 15 71 151

 15 151 113

 71 16 114

 71 114 151

 151 114 14

 151 14 70

 113 151 70

 113 70 13

 27 83 152

 27 152 115

 83 28 116

 83 116 152

 152 116 18

 152 18 72

 115 152 72

 115 72 17

 17 72 153

 17 153 73

 72 18 74

 72 74 153

 153 74 16

 153 16 71

 73 153 71

 73 71 15

 28 112 154

 28 154 116

 112 14 114

 112 114 154

 154 114 16

 154 16 74

 116 154 74

 116 74 18

 13 70 155

 13 155 118

 70 14 119

 70 119 155

 155 119 26

 155 26 80

 118 155 80

 118 80 25

 0 109 156

 0 156 110

 109 20 117

 109 117 156

 156 117 26

 156 26 119

 110 156 119

 110 119 14

 21 77 157

 21 157 76

 77 22 78

 77 78 157

 157 78 24

 157 24 79

 76 157 79

 76 79 23

 23 79 158

 23 158 120

 79 24 121

 79 121 158

 158 121 20

 158 20 75

 120 158 75

 120 75 19

 25 80 159

 25 159 81

 80 26 82

 80 82 159

 159 82 22

 159 22 77

 81 159 77

 81 77 21

 20 121 160

 20 160 117

 121 24 78

 121 78 160

 160 78 22

 160 22 82

 117 160 82

 117 82 26

 35 179 1

 35 1 86

 29 84 162

 29 162 123

 84 30 124

 84 124 162

 162 124 28

 162 28 83

 123 162 83

 123 83 27

 33 86 163

 33 163 122

 86 1 111

 86 111 163

 163 111 28

 163 28 124

 122 163 124

 122 124 30

 36 93 164

 36 164 125

 93 33 122

 93 122 164

 164 122 30

 164 30 85

 125 164 85

 125 85 31

 32 87 33

 32 33 93

 90 140 87

 90 87 32

 88 140 90

 88 90 34

 161 88 34

 161 34 54

 87 35 86

 87 86 33

 140 89 35

 140 35 87

 34 90 38

 34 38 91

 54 34 91

 54 91 37

 38 90 32

 38 32 92

 177 2 88

 177 88 161

 2 89 140

 2 140 88

 92 32 93

 92 93 36

 37 91 165

 37 165 126

 91 38 127

 91 127 165

 165 127 41

 165 41 94

 126 165 94

 126 94 40

 40 94 166

 40 166 95

 94 41 96

 94 96 166

 166 96 39

 166 39 97

 95 166 97

 95 97 237

 41 127 167

 41 167 96

 127 38 92

 127 92 167

 167 92 36

 167 36 128

 96 167 128

 96 128 39

 39 128 168

 39 168 129

 128 36 125

 128 125 168

 168 125 31

 168 31 130

 129 168 130

 129 130 42

 42 130 169

 42 169 132

 130 31 131

 130 131 169

 169 131 48

 169 48 133

 132 169 133

 132 133 44

 45 100 170

 45 170 99

 100 46 101

 100 101 170

 170 101 48

 170 48 102

 99 170 102

 99 102 47

 43 98 171

 43 171 134

 98 44 135

 98 135 171

 171 135 50

 171 50 103

 134 171 103

 134 103 49

 49 103 172

 49 172 104

 103 50 105

 103 105 172

 172 105 46

 172 46 100

 104 172 100

 104 100 45

 44 133 173

 44 173 135

 133 48 101

 133 101 173

 173 101 46

 173 46 105

 135 173 105

 135 105 50

 51 106 174

 51 174 136

 106 52 137

 106 137 174

 174 137 30

 174 30 84

 136 174 84

 136 84 29

 47 102 175

 47 175 138

 102 48 139

 102 139 175

 175 139 52

 175 52 106

 138 175 106

 138 106 51

 31 85 176

 31 176 131

 85 30 137

 85 137 176

 176 137 52

 176 52 139

 131 176 139

 131 139 48

 181 203 253

 181 253 257

 203 182 204

 203 204 253

 253 204 258

 253 258 256

 257 253 256

 257 256 259

 192 213 238

 192 238 222

 213 193 223

 213 223 238

 238 223 185

 238 185 205

 222 238 205

 222 205 184

 258 204 239

 258 239 255

 204 182 202

 204 202 239

 239 202 180

 239 180 254

 255 239 254

 255 254 183

 184 205 240

 184 240 206

 205 185 207

 205 207 240

 240 207 182

 240 182 203

 206 240 203

 206 203 181

 182 207 241

 182 241 202

 207 185 223

 207 223 241

 241 223 193

 241 193 224

 202 241 224

 202 224 180

 183 254 242

 183 242 226

 254 180 225

 254 225 242

 242 225 187

 242 187 227

 226 242 227

 226 227 201

 188 209 243

 188 243 228

 209 189 229

 209 229 243

 243 229 187

 243 187 208

 228 243 208

 228 208 186

 200 221 244

 200 244 230

 221 201 231

 221 231 244

 244 231 191

 244 191 210

 230 244 210

 230 210 190

 190 210 245

 190 245 211

 210 191 212

 210 212 245

 245 212 189

 245 189 209

 211 245 209

 211 209 188

 201 227 246

 201 246 231

 227 187 229

 227 229 246

 246 229 189

 246 189 212

 231 246 212

 231 212 191

 186 208 247

 186 247 233

 208 187 234

 208 234 247

 247 234 199

 247 199 218

 233 247 218

 233 218 198

 180 224 248

 180 248 225

 224 193 232

 224 232 248

 248 232 199

 248 199 234

 225 248 234

 225 234 187

 194 215 249

 194 249 214

 215 195 216

 215 216 249

 249 216 197

 249 197 217

 214 249 217

 214 217 196

 196 217 250

 196 250 235

 217 197 236

 217 236 250

 250 236 193

 250 193 213

 235 250 213

 235 213 192

 198 218 251

 198 251 219

 218 199 220

 218 220 251

 251 220 195

 251 195 215

 219 251 215

 219 215 194

 193 236 252

 193 252 232

 236 197 216

 236 216 252

 252 216 195

 252 195 220

 232 252 220

 232 220 199

 259 256 98

 259 98 43

 256 258 44

 256 44 98

 44 258 255

 44 255 132

 132 255 183

 132 183 42

 97 39 201

 97 201 221

 237 97 221

 237 221 200

 42 183 226

 42 226 129

 129 226 201

 129 201 39

 260 269 280

 260 280 268

 269 261 270

 269 270 280

 280 270 263

 280 263 271

 268 280 271

 268 271 262

 262 271 281

 262 281 272

 271 263 273

 271 273 281

 281 273 267

 281 267 274

 272 281 274

 272 274 266

 266 274 282

 266 282 275

 274 267 276

 274 276 282

 282 276 265

 282 265 277

 275 282 277

 275 277 264

 264 277 283

 264 283 278

 277 265 279

 277 279 283

 283 279 261

 283 261 269

 278 283 269

 278 269 260

 267 273 284

 267 284 276

 273 263 270

 273 270 284

 284 270 261

 284 261 279

 276 284 279

 276 279 265

 289 302 287

 289 287 307

 296 289 307

 296 307 285

 292 306 294

 292 294 301

 306 291 300

 306 300 294

 293 298 291

 293 291 306

 299 293 306

 299 306 292

 286 305 293

 286 293 299

 305 285 298

 305 298 293

 290 296 285

 290 285 305

 297 290 305

 297 305 286

 288 304 295

 288 295 303

 304 287 302

 304 302 295

 294 300 287

 294 287 304

 301 294 304

 301 304 288

 53 142 289

 53 289 296

 142 179 302

 142 302 289

 307 287 300

 307 300 291

 285 307 291

 285 291 298

 303 295 2

 303 2 177

 295 302 89

 295 89 2

 179 35 89

 179 89 302

 143 69 296

 143 296 290

 68 143 290

 68 290 297

 144 53 296

 144 296 69

vector2s:

 0.993538 0.501988

 0.993538 0.749362

 0.785614 0.749362

 0.785614 0.501988

 0.993393 0.744195

 0.993393 0.861963

 0.875625 0.861963

 0.875624 0.744195

 0.757856 0.861963

 0.757856 0.744195

 0.875061 0.878065

 0.988558 0.878065

 0.988558 0.991562

 0.875061 0.991562

 0.761564 0.878065

 0.875061 0.878064

 0.761564 0.991562

 0.875624 0.861963

 0.875061 0.764568

 0.988558 0.764568

 0.993393 0.626427

 0.875624 0.626427

 0.757856 0.626427

 0.761564 0.764568

uv:

 0 1 2

 0 2 3

 4 5 6

 4 6 7

 7 6 8

 7 8 9

 0 1 2

 0 2 3

 10 11 12

 10 12 13

 14 15 13

 14 13 16

 0 1 2

 0 2 3

 4 5 17

 4 17 7

 18 19 11

 18 11 15

 15 11 12

 15 12 13

 14 15 13

 14 13 16

 20 4 7

 20 7 21

 4 5 6

 4 6 7

 7 6 8

 7 8 9

 21 7 9

 21 9 22

 20 4 7

 20 7 21

 4 5 6

 4 6 7

 7 6 8

 7 8 9

 21 7 9

 21 9 22

 20 4 7

 20 7 21

 4 5 6

 4 6 7

 7 6 8

 7 8 9

 21 7 9

 21 9 22

 20 4 7

 20 7 21

 4 5 6

 4 6 7

 7 6 8

 7 8 9

 21 7 9

 21 9 22

 23 18 15

 23 15 14

 18 19 11

 18 11 15

 15 11 12

 15 12 13

 14 15 13

 14 13 16

 23 18 15

 23 15 14

 18 19 11

 18 11 15

 15 11 12

 15 12 13

 14 15 13

 14 13 16

 0 1 2

 0 2 3

 4 5 6

 4 6 7

 7 6 8

 7 8 9

 0 1 2

 0 2 3

 0 1 2

 0 2 3

 4 5 6

 4 6 7

 7 6 8

 7 8 9

 0 1 2

 0 2 3

 0 1 2

 0 2 3

 4 5 6

 4 6 7

 7 6 8

 7 8 9

 0 1 2

 0 2 3

 23 18 15

 23 15 14

 18 19 11

 18 11 15

 15 11 12

 15 12 13

 14 15 13

 14 13 16

 0 1 2

 0 2 3

 4 5 17

 4 17 7

 7 17 8

 7 8 9

 0 1 2

 0 2 3

 23 18 10

 23 10 14

 18 19 11

 18 11 10

 10 11 12

 10 12 13

 14 10 13

 14 13 16

 0 1 2

 0 2 3

 4 5 6

 4 6 7

 7 6 8

 7 8 9

 0 1 2

 0 2 3

 0 1 2

 0 2 3

 4 5 6

 4 6 7

 7 6 8

 7 8 9

 0 1 2

 0 2 3

 0 1 2

 0 2 3

 4 5 6

 4 6 7

 7 6 8

 7 8 9

 0 1 2

 0 2 3

 23 18 15

 23 15 14

 18 19 11

 18 11 15

 15 11 12

 15 12 13

 14 15 13

 14 13 16

 10 11 12

 10 12 13

 0 1 2

 0 2 3

 4 5 6

 4 6 7

 7 6 8

 7 8 9

 0 1 2

 0 2 3

 23 18 15

 23 15 14

 18 19 11

 18 11 15

 15 11 12

 15 12 13

 14 15 13

 14 13 16

 23 18 15

 23 15 14

 18 19 11

 18 11 15

 15 11 12

 15 12 13

 14 15 13

 14 13 16

 10 11 12

 10 12 13

 18 19 11

 18 11 10

 4 5 6

 4 6 7

 0 1 2

 0 2 3

 14 15 13

 14 13 16

 23 18 15

 23 15 14

 7 17 8

 7 8 9

 0 1 2

 0 2 3

 23 18 15

 23 15 14

 0 1 2

 0 2 3

 7 17 8

 7 8 9

 14 15 13

 14 13 16

 0 1 2

 0 2 3

 4 5 6

 4 6 7

 7 6 8

 7 8 9

 0 1 2

 0 2 3

 0 1 2

 0 2 3

 4 5 17

 4 17 7

 7 17 8

 7 8 9

 0 1 2

 0 2 3

 23 18 10

 23 10 14

 18 19 11

 18 11 10

 10 11 12

 10 12 13

 14 10 13

 14 13 16

 23 18 10

 23 10 14

 18 19 11

 18 11 10

 10 11 12

 10 12 13

 14 10 13

 14 13 16

 23 18 15

 23 15 14

 18 19 11

 18 11 15

 15 11 12

 15 12 13

 14 15 13

 14 13 16

 0 1 2

 0 2 3

 4 5 6

 4 6 7

 7 6 8

 7 8 9

 0 1 2

 0 2 3

 0 1 2

 0 2 3

 4 5 6

 4 6 7

 7 6 8

 7 8 9

 0 1 2

 0 2 3

 0 1 2

 0 2 3

 4 5 6

 4 6 7

 7 6 8

 7 8 9

 0 1 2

 0 2 3

 23 18 15

 23 15 14

 18 19 11

 18 11 15

 15 11 12

 15 12 13

 14 15 13

 14 13 16

 0 1 2

 0 2 3

 4 5 6

 4 6 7

 7 6 8

 7 8 9

 0 1 2

 0 2 3

 0 1 2

 0 2 3

 4 5 6

 4 6 7

 7 6 8

 7 8 9

 0 1 2

 0 2 3

 23 18 15

 23 15 14

 18 19 11

 18 11 15

 15 11 12

 15 12 13

 14 15 13

 14 13 16

 0 1 2

 0 2 3

 4 5 6

 4 6 7

 7 17 8

 7 8 9

 0 1 2

 0 2 3

 0 1 2

 0 2 3

 4 5 6

 4 6 7

 7 6 8

 7 8 9

 0 1 2

 0 2 3

 23 18 15

 23 15 14

 18 19 11

 18 11 10

 10 11 12

 10 12 13

 14 15 13

 14 13 16

 0 1 2

 0 2 3

 4 5 17

 4 17 7

 7 17 8

 7 8 9

 0 1 2

 0 2 3

 23 18 15

 23 15 14

 18 19 11

 18 11 15

 15 11 12

 15 12 13

 14 15 13

 14 13 16

 23 18 15

 23 15 14

 18 19 11

 18 11 15

 15 11 12

 15 12 13

 14 15 13

 14 13 16

 0 1 2

 0 2 3

 4 5 6

 4 6 7

 7 6 8

 7 8 9

 0 1 2

 0 2 3

 0 1 2

 0 2 3

 4 5 6

 4 6 7

 7 6 8

 7 8 9

 0 1 2

 0 2 3

 0 1 2

 0 2 3

 4 5 6

 4 6 7

 7 6 8

 7 8 9

 0 1 2

 0 2 3

 23 18 15

 23 15 14

 18 19 11

 18 11 15

 15 11 12

 15 12 13

 14 15 13

 14 13 16

 0 1 2

 0 2 3

 4 5 17

 4 17 7

 7 17 8

 7 8 9

 0 1 2

 0 2 3

 23 18 10

 23 10 14

 18 19 11

 18 11 10

 10 11 12

 10 12 13

 14 10 13

 14 13 16

 0 1 2

 0 2 3

 4 5 6

 4 6 7

 7 6 8

 7 8 9

 0 1 2

 0 2 3

 0 1 2

 0 2 3

 4 5 6

 4 6 7

 7 6 8

 7 8 9

 0 1 2

 0 2 3

 0 1 2

 0 2 3

 4 5 6

 4 6 7

 7 6 8

 7 8 9

 0 1 2

 0 2 3

 23 18 15

 23 15 14

 18 19 11

 18 11 15

 15 11 12

 15 12 13

 14 15 13

 14 13 16

 0 1 2

 0 2 3

 4 5 6

 4 6 7

 18 19 11

 18 11 10

 10 11 12

 10 12 13

 7 6 8

 7 8 9

 0 1 2

 0 2 3

 18 19 11

 18 11 15

 15 11 12

 15 12 13

 20 4 7

 20 7 21

 4 5 6

 4 6 7

 7 6 8

 7 8 9

 21 7 9

 21 9 22

 20 4 7

 20 7 21

 4 5 6

 4 6 7

 7 6 8

 7 8 9

 21 7 9

 21 9 22

 20 4 7

 20 7 21

 4 5 6

 4 6 7

 7 6 8

 7 8 9

 21 7 9

 21 9 22

 20 4 7

 20 7 21

 4 5 6

 4 6 7

 7 6 8

 7 8 9

 21 7 9

 21 9 22

 23 18 15

 23 15 14

 18 19 11

 18 11 15

 15 11 12

 15 12 13

 14 15 13

 14 13 16

 18 19 11

 18 11 15

 23 18 15

 23 15 14

 0 1 2

 0 2 3

 7 6 8

 7 8 9

 4 5 6

 4 6 7

 0 1 2

 0 2 3

 0 1 2

 0 2 3

 7 6 8

 7 8 9

 4 5 6

 4 6 7

 0 1 2

 0 2 3

 0 1 2

 0 2 3

 7 6 8

 7 8 9

 4 5 6

 4 6 7

 0 1 2

 0 2 3

 14 15 13

 14 13 16

 15 11 12

 15 12 13

 15 11 12

 15 12 13

 14 15 13

 14 13 16

 0 1 2

 0 2 3

 4 5 17

 4 17 7

 14 10 13

 14 13 16

 7 6 8

 7 8 9

 0 1 2

 0 2 3

 15 11 12

 15 12 13

palette:

 81 81 81 255

 128 128 128 255

 168 168 168 255

 119 119 119 255

 133 133 133 255

 161 161 161 255

 200 200 200 255

 210 210 210 255

 159 159 159 255

 95 95 95 255

 101 101 101 255

 103 103 103 255

 170 170 170 255

 121 121 121 255

 163 163 163 255

 124 124 124 255

 220 220 220 255

 246 246 246 255

 231 231 231 255

 226 226 226 255

 239 239 239 255

 242 242 242 255

 235 235 235 255

 218 218 218 255

 250 250 250 255

 224 224 224 255

 194 194 194 255

 131 131 131 255

 108 108 108 255

 190 190 190 255

 229 229 229 255

 118 118 118 255

 63 63 63 255

 49 49 49 255

 115 115 115 255

 192 192 192 255

 202 202 202 255

 144 144 144 255

 138 138 138 255

 68 68 68 255

 142 142 142 255

 204 204 204 255

 212 212 212 255

 122 122 122 255

 173 173 173 255

 183 183 183 255

 147 147 147 255

 107 107 107 255

 51 51 51 255

 111 111 111 255

 18 18 18 255

 127 127 127 255

 105 105 105 255

 154 154 154 255

 177 177 177 255

 125 125 125 255

 151 151 151 255

 141 141 141 255

 70 70 70 255

 216 216 216 255

 184 184 184 255

 181 181 181 255

 248 248 248 255

 214 214 214 255

 104 104 104 255

 80 80 80 255

 0 0 0 255

 109 109 109 255

 100 100 100 255

 130 130 130 255

 116 116 116 255

 196 196 196 255

 156 156 156 255

 86 86 86 255

 16 16 16 255

 92 92 92 255

 255 255 255 255

 244 244 244 255

 233 233 233 255

 134 134 134 255

 164 164 164 255

 206 206 206 255

 175 175 175 255

 99 99 99 255

 166 166 166 255

 60 60 60 255

color:

 0 1 2

 0 2 3

 1 4 5

 1 5 2

 2 5 6

 2 6 7

 3 2 7

 3 7 8

 9 10 9

 9 9 9

 11 9 9

 11 9 9

 8 7 12

 8 12 13

 7 6 14

 7 14 12

 14 6 5

 14 5 15

 15 5 4

 15 4 11

 10 15 11

 10 11 9

 16 17 18

 16 18 19

 17 20 16

 17 16 18

 18 16 21

 18 21 17

 19 18 17

 19 17 16

 16 17 22

 16 22 18

 17 21 23

 17 23 22

 22 23 18

 22 18 24

 18 22 24

 18 24 19

 19 24 20

 19 20 22

 24 18 7

 24 7 20

 20 7 18

 20 18 24

 22 20 24

 22 24 25

 25 24 22

 25 22 18

 24 18 23

 24 23 22

 22 23 20

 22 20 17

 18 22 17

 18 17 16

 18 23 26

 18 26 7

 23 21 16

 23 16 26

 26 16 20

 26 20 23

 7 26 23

 7 23 18

 9 9 9

 9 9 10

 9 9 11

 9 11 9

 9 11 27

 9 27 28

 10 9 28

 10 28 1

 29 30 2

 29 2 3

 30 7 14

 30 14 2

 2 14 27

 2 27 31

 3 2 31

 3 31 32

 33 34 2

 33 2 3

 34 1 5

 34 5 2

 2 5 7

 2 7 18

 3 2 18

 3 18 35

 35 18 22

 35 22 25

 18 7 36

 18 36 22

 22 36 7

 22 7 30

 25 22 30

 25 30 29

 1 28 37

 1 37 5

 28 27 14

 28 14 37

 37 14 7

 37 7 36

 5 37 36

 5 36 7

 32 31 38

 32 38 39

 31 27 40

 31 40 38

 38 40 5

 38 5 2

 39 38 2

 39 2 3

 9 11 28

 9 28 11

 11 4 31

 11 31 28

 28 31 5

 28 5 40

 11 28 40

 11 40 27

 7 21 22

 7 22 19

 21 23 41

 21 41 22

 22 41 42

 22 42 30

 19 22 30

 19 30 29

 29 30 2

 29 2 43

 30 42 14

 30 14 2

 2 14 4

 2 4 1

 43 2 1

 43 1 0

 3 2 36

 3 36 44

 2 5 45

 2 45 36

 36 45 23

 36 23 21

 44 36 21

 44 21 7

 4 14 46

 4 46 31

 14 42 41

 14 41 46

 46 41 23

 46 23 45

 31 46 45

 31 45 5

 47 11 9

 47 9 9

 48 31 49

 48 49 50

 31 1 51

 31 51 49

 49 51 1

 49 1 34

 50 49 34

 50 34 33

 9 9 52

 9 52 10

 9 9 10

 9 10 52

 52 10 1

 52 1 51

 10 52 51

 10 51 1

 9 9 9

 9 9 9

 9 9 10

 9 10 9

 9 10 1

 9 1 10

 9 9 10

 9 10 9

 52 52 9

 52 9 9

 46 53 52

 46 52 52

 12 53 46

 12 46 54

 49 12 54

 49 54 55

 52 47 9

 52 9 9

 53 38 47

 53 47 52

 54 46 56

 54 56 29

 55 54 29

 55 29 57

 56 46 52

 56 52 52

 58 57 12

 58 12 49

 57 38 53

 57 53 12

 52 52 9

 52 9 9

 57 29 59

 57 59 60

 29 56 8

 29 8 59

 59 8 61

 59 61 62

 60 59 62

 60 62 63

 63 62 29

 63 29 3

 62 61 14

 62 14 29

 29 14 64

 29 64 65

 3 29 65

 3 65 66

 61 8 67

 61 67 14

 8 56 52

 8 52 67

 67 52 9

 67 9 64

 14 67 64

 14 64 64

 64 64 9

 64 9 64

 64 9 9

 64 9 9

 9 9 9

 9 9 9

 64 9 9

 64 9 9

 9 9 9

 9 9 49

 9 9 68

 9 68 9

 9 68 69

 9 69 70

 49 9 70

 49 70 68

 71 22 54

 71 54 51

 22 6 72

 22 72 54

 54 72 69

 54 69 38

 51 54 38

 51 38 73

 74 75 12

 74 12 1

 75 68 45

 75 45 12

 12 45 36

 12 36 76

 1 12 76

 1 76 25

 25 76 77

 25 77 78

 76 36 35

 76 35 77

 77 35 6

 77 6 22

 78 77 22

 78 22 71

 68 70 4

 68 4 45

 70 69 72

 70 72 4

 4 72 6

 4 6 35

 45 4 35

 45 35 36

 8 42 12

 8 12 70

 42 35 72

 42 72 12

 12 72 1

 12 1 31

 70 12 31

 70 31 48

 73 38 44

 73 44 13

 38 69 72

 38 72 44

 44 72 35

 44 35 42

 13 44 42

 13 42 8

 9 10 31

 9 31 68

 10 1 72

 10 72 31

 31 72 35

 31 35 72

 68 31 72

 68 72 69

 79 54 44

 79 44 3

 54 80 56

 54 56 44

 44 56 80

 44 80 15

 3 44 15

 3 15 32

 0 1 2

 0 2 13

 1 4 14

 1 14 2

 2 14 81

 2 81 16

 13 2 16

 13 16 82

 80 56 67

 80 67 64

 56 80 49

 56 49 67

 67 49 9

 67 9 9

 64 67 9

 64 9 9

 82 16 36

 82 36 44

 16 81 61

 16 61 36

 36 61 80

 36 80 54

 44 36 54

 44 54 79

 80 61 51

 80 51 49

 61 81 14

 61 14 51

 51 14 4

 51 4 11

 49 51 11

 49 11 9

 9 9 9

 9 9 10

 9 9 11

 9 11 9

 9 11 27

 9 27 28

 10 9 28

 10 28 51

 29 30 2

 29 2 3

 30 7 14

 30 14 2

 2 14 27

 2 27 31

 3 2 31

 3 31 32

 66 83 2

 66 2 43

 83 51 5

 83 5 2

 2 5 7

 2 7 18

 43 2 18

 43 18 35

 35 18 22

 35 22 25

 18 7 36

 18 36 22

 22 36 7

 22 7 30

 25 22 30

 25 30 29

 51 28 37

 51 37 5

 28 27 14

 28 14 37

 37 14 7

 37 7 36

 5 37 36

 5 36 7

 32 31 38

 32 38 39

 31 27 40

 31 40 38

 38 40 5

 38 5 2

 39 38 2

 39 2 3

 9 11 28

 9 28 11

 11 4 31

 11 31 28

 28 31 5

 28 5 40

 11 28 40

 11 40 27

 7 21 22

 7 22 19

 21 23 41

 21 41 22

 22 41 42

 22 42 30

 19 22 30

 19 30 29

 29 30 2

 29 2 43

 30 42 14

 30 14 2

 2 14 4

 2 4 1

 43 2 1

 43 1 0

 3 2 36

 3 36 44

 2 5 45

 2 45 36

 36 45 23

 36 23 21

 44 36 21

 44 21 7

 4 14 46

 4 46 31

 14 42 41

 14 41 46

 46 41 23

 46 23 45

 31 46 45

 31 45 5

 32 15 75

 32 75 74

 15 80 68

 15 68 75

 68 80 64

 68 64 49

 49 64 9

 49 9 9

 65 64 51

 65 51 83

 66 65 83

 66 83 66

 9 9 10

 9 10 64

 64 10 51

 64 51 64

 16 17 18

 16 18 19

 17 20 16

 17 16 18

 18 16 21

 18 21 17

 19 18 17

 19 17 16

 16 17 22

 16 22 18

 17 21 23

 17 23 22

 22 23 18

 22 18 24

 18 22 24

 18 24 19

 19 24 20

 19 20 22

 24 18 7

 24 7 20

 20 7 18

 20 18 24

 22 20 24

 22 24 25

 25 24 22

 25 22 18

 24 18 23

 24 23 22

 22 23 20

 22 20 17

 18 22 17

 18 17 16

 18 23 26

 18 26 7

 23 21 16

 23 16 26

 26 16 20

 26 20 23

 7 26 23

 7 23 18

 67 69 14

 67 14 37

 27 67 37

 27 37 5

 25 22 30

 25 30 29

 22 36 7

 22 7 30

 18 7 36

 18 36 22

 35 18 22

 35 22 25

 13 12 18

 13 18 35

 12 5 7

 12 7 18

 1 27 5

 1 5 12

 65 1 12

 65 12 13

 3 84 13

 3 13 85

 84 14 69

 84 69 13

 30 7 14

 30 14 84

 29 30 84

 29 84 3

 10 9 67

 10 67 27

 9 11 69

 9 69 67

 37 14 7

 37 7 36

 5 37 36

 5 36 7

 85 13 57

 85 57 58

 13 69 38

 13 38 57

 11 47 38

 11 38 69

 12 14 27

 12 27 1

 13 12 1

 13 1 65

 15 10 27

 15 27 14

