vectors:

 -14.525473 0.980608 -14.525473

 14.525473 0.980608 -14.525473

 -14.525473 0.980608 14.525473

 14.525473 0.980608 14.525473

 -14.525473 0.980608 11.297590

 -14.525473 0.980608 8.069708

 -14.525473 0.980608 4.841825

 -14.525473 0.980608 1.613941

 -14.525473 0.980608 -1.613941

 -14.525473 0.980608 -4.841825

 -14.525473 0.980608 -8.069708

 -14.525473 0.980608 -11.297590

 14.525473 0.980608 -11.297590

 14.525473 0.980608 -8.069708

 14.525473 0.980608 -4.841825

 14.525473 0.980608 -1.613941

 14.525473 0.980608 1.613941

 14.525473 0.980608 4.841825

 14.525473 0.980608 8.069708

 14.525473 0.980608 11.297590

 -11.297590 0.980608 -14.525473

 -8.069708 0.980608 -14.525473

 -4.841825 0.980608 -14.525473

 -1.613941 0.980608 -14.525473

 1.613941 0.980608 -14.525473

 4.841825 0.980608 -14.525473

 8.069708 0.980608 -14.525473

 11.297590 0.980608 -14.525473

 11.297590 0.980608 14.525473

 8.069708 0.980608 14.525473

 4.841825 0.980608 14.525473

 1.613941 0.980608 14.525473

 -1.613941 0.980608 14.525473

 -4.841825 0.980608 14.525473

 -8.069708 0.980608 14.525473

 -11.297590 0.980608 14.525473

 11.297590 0.980608 -11.297590

 8.069708 0.980608 -11.297590

 4.841825 0.980608 -11.297590

 1.613941 0.980608 -11.297590

 -1.613941 0.980608 -11.297590

 -4.841825 0.980608 -11.297590

 -8.069708 0.980608 -11.297590

 -11.297590 0.980608 -11.297590

 11.297590 0.980608 -8.069708

 8.069708 0.980608 -8.069708

 4.841825 0.980608 -8.069708

 1.613941 0.980608 -8.069708

 -1.613941 0.980608 -8.069708

 -4.841825 0.980608 -8.069708

 -8.069708 0.980608 -8.069708

 -11.297590 0.980608 -8.069708

 11.297590 0.980608 -4.841825

 8.069708 1.955338 -4.841825

 4.841825 0.980608 -4.841825

 -1.613941 0.980608 -4.841825

 -4.841825 0.980608 -4.841825

 -8.069708 0.980608 -4.841825

 -11.297590 0.980608 -4.841825

 11.297590 0.980608 -1.613941

 8.069708 0.980608 -1.613941

 4.841825 0.980608 -1.613941

 1.613941 0.980608 -1.613941

 -1.613941 0.980608 -1.613941

 -4.841825 0.980608 -1.613941

 -8.069708 0.980608 -1.613941

 -11.297590 0.980608 -1.613941

 11.297590 0.127153 1.613941

 8.069708 0.127153 1.613941

 4.841825 0.980608 1.613941

 1.613941 0.980608 1.613941

 -1.613941 0.980608 1.613941

 -4.841825 0.980608 1.613941

 -8.069708 0.980608 1.613941

 -11.297590 0.980608 1.613941

 11.297590 0.127153 4.841825

 8.069708 -0.918696 4.841825

 4.841825 0.980608 4.841825

 1.613941 0.980608 4.841825

 -1.613941 0.980608 4.841825

 -4.841825 0.980608 4.841825

 -8.069708 0.980608 4.841825

 -11.297590 0.980608 4.841825

 11.297590 0.127153 8.069708

 8.069708 0.127153 8.069708

 4.841825 0.980608 8.069708

 1.613941 0.980608 8.069708

 -1.613941 0.980608 8.069708

 -4.841825 0.980608 8.069708

 -8.069708 0.980608 8.069708

 -11.297590 0.980608 8.069708

 11.297590 0.980608 11.297590

 8.069708 0.980608 11.297590

 4.841825 0.980608 11.297590

 1.613941 0.980608 11.297590

 -1.613941 0.980608 11.297590

 -4.841825 0.980608 11.297590

 -8.069708 0.980608 11.297590

 -11.297590 0.980608 11.297590

 -14.525473 0.980608 -12.911531

 12.911531 0.980608 -14.525473

 14.525473 0.980608 12.911531

 -12.911531 0.980608 14.525473

 -14.525473 0.980608 12.911531

 -14.525473 0.980608 9.683649

 -14.525473 0.980608 6.455766

 -14.525473 0.980608 3.227883

 -14.525473 0.980608 0.000000

 -14.525473 0.980608 -3.227883

 -14.525473 0.980608 -6.455766

 -14.525473 0.980608 -9.683649

 14.525473 0.980608 -12.911531

 14.525473 0.980608 -9.683649

 14.525473 0.980608 -6.455766

 14.525473 0.980608 -3.227883

 14.525473 0.980608 0.000000

 14.525473 0.980608 3.227883

 14.525473 0.980608 6.455766

 14.525473 0.980608 9.683649

 -12.911531 0.980608 -11.297590

 -12.911531 0.980608 -8.069708

 -12.911531 0.980608 -4.841825

 -12.911531 0.980608 -1.613941

 -12.911531 0.980608 1.613941

 -12.911531 0.980608 4.841825

 -12.911531 0.980608 8.069708

 -12.911531 0.980608 11.297590

 -12.911531 0.980608 -14.525473

 -9.683649 0.980608 -14.525473

 -6.455766 0.980608 -14.525473

 -3.227883 0.980608 -14.525473

 0.000000 0.980608 -14.525473

 3.227883 0.980608 -14.525473

 6.455766 0.980608 -14.525473

 9.683649 0.980608 -14.525473

 12.911531 0.980608 14.525473

 9.683649 0.980608 14.525473

 6.455766 0.980608 14.525473

 3.227883 0.980608 14.525473

 0.000000 0.980608 14.525473

 -3.227883 0.980608 14.525473

 -6.455766 0.980608 14.525473

 -9.683649 0.980608 14.525473

 12.911531 0.980608 -11.297590

 9.683649 0.980608 -11.297590

 6.455766 0.980608 -11.297590

 3.227883 0.980608 -11.297590

 0.000000 0.980608 -11.297590

 -3.227883 0.980608 -11.297590

 -6.455766 0.980608 -11.297590

 -9.683649 0.980608 -11.297590

 12.911531 0.980608 -8.069708

 9.683649 0.980608 -8.069708

 6.455766 0.980608 -8.069708

 3.227883 0.980608 -8.069708

 0.000000 0.980608 -8.069708

 -3.227883 0.980608 -8.069708

 -6.455766 0.980608 -8.069708

 -9.683649 0.980608 -8.069708

 12.911531 0.980608 -4.841825

 9.683649 1.955338 -4.841825

 6.455766 0.980608 -4.841825

 0.000000 0.980608 -4.841825

 -3.227883 0.980608 -4.841825

 -6.455766 0.980608 -4.841825

 -9.683649 0.980608 -4.841825

 12.911531 0.980608 -1.613941

 9.683649 0.980608 -1.613941

 6.455766 0.980608 -1.613941

 3.227883 0.980608 -1.613941

 0.000000 0.980608 -1.613941

 -3.227883 0.980608 -1.613941

 -6.455766 0.980608 -1.613941

 -9.683649 0.980608 -1.613941

 12.911531 0.980608 1.613941

 9.683649 0.127153 1.613941

 6.455766 0.127153 1.613941

 3.227883 0.980608 1.613941

 0.000000 0.980608 1.613941

 -3.227883 0.980608 1.613941

 -6.455766 0.980608 1.613941

 -9.683649 0.980608 1.613941

 12.911531 0.980608 4.841825

 9.683649 -0.918696 4.841825

 6.455766 0.127153 4.841825

 3.227883 0.980608 4.841825

 0.000000 0.980608 4.841825

 -3.227883 0.980608 4.841825

 -6.455766 0.980608 4.841825

 -9.683649 0.980608 4.841825

 12.911531 0.980608 8.069708

 9.683649 0.127153 8.069708

 6.455766 0.127153 8.069708

 3.227883 0.980608 8.069708

 0.000000 0.980608 8.069708

 -3.227883 0.980608 8.069708

 -6.455766 0.980608 8.069708

 -9.683649 0.980608 8.069708

 12.911531 0.980608 11.297590

 9.683649 0.980608 11.297590

 6.455766 0.980608 11.297590

 3.227883 0.980608 11.297590

 0.000000 0.980608 11.297590

 -3.227883 0.980608 11.297590

 -6.455766 0.980608 11.297590

 -9.683649 0.980608 11.297590

 -11.297590 0.980608 9.683649

 -8.069708 0.980608 9.683649

 -4.841825 0.980608 9.683649

 -1.613941 0.980608 9.683649

 1.613941 0.980608 9.683649

 4.841825 0.980608 9.683649

 8.069708 0.980608 9.683649

 11.297590 0.980608 9.683649

 -11.297590 0.980608 6.455766

 -8.069708 0.980608 6.455766

 -4.841825 0.980608 6.455766

 -1.613941 0.980608 6.455766

 1.613941 0.980608 6.455766

 4.841825 0.980608 6.455766

 8.069708 -0.918696 6.455766

 11.297590 0.127153 6.455766

 -11.297590 0.980608 3.227883

 -8.069708 0.980608 3.227883

 -4.841825 0.980608 3.227883

 -1.613941 0.980608 3.227883

 1.613941 0.980608 3.227883

 4.841825 0.980608 3.227883

 8.069708 0.127153 3.227883

 11.297590 0.127153 3.227883

 -11.297590 0.980608 0.000000

 -8.069708 0.980608 0.000000

 -4.841825 0.980608 0.000000

 -1.613941 0.980608 0.000000

 1.613941 0.980608 0.000000

 4.841825 0.980608 0.000000

 8.069708 0.980608 0.000000

 11.297590 0.980608 0.000000

 -11.297590 0.980608 -3.227883

 -8.069708 0.980608 -3.227883

 -4.841825 0.980608 -3.227883

 -1.613941 0.980608 -3.227883

 1.613941 1.023969 -3.227883

 4.841825 0.980608 -3.227883

 8.069708 1.955338 -3.227883

 11.297590 0.980608 -3.227883

 -11.297590 0.980608 -6.455766

 -8.069708 0.980608 -6.455766

 -4.841825 0.980608 -6.455766

 -1.613941 0.980608 -6.455766

 1.613941 0.980608 -6.455766

 4.841825 0.980608 -6.455766

 8.069708 0.980608 -6.455766

 11.297590 0.980608 -6.455766

 -11.297590 0.980608 -9.683649

 -8.069708 0.980608 -9.683649

 -4.841825 0.980608 -9.683649

 -1.613941 0.980608 -9.683649

 1.613941 0.980608 -9.683649

 4.841825 0.980608 -9.683649

 8.069708 0.980608 -9.683649

 11.297590 0.980608 -9.683649

 -11.297590 0.980608 -12.911531

 -8.069708 0.980608 -12.911531

 -4.841825 0.980608 -12.911531

 -1.613941 0.980608 -12.911531

 1.613941 0.980608 -12.911531

 4.841825 0.980608 -12.911531

 8.069708 0.980608 -12.911531

 11.297590 0.980608 -12.911531

 -11.297590 0.980608 12.911531

 -8.069708 0.980608 12.911531

 -4.841825 0.980608 12.911531

 -1.613941 0.980608 12.911531

 1.613941 0.980608 12.911531

 4.841825 0.980608 12.911531

 8.069708 0.980608 12.911531

 11.297590 0.980608 12.911531

 9.683649 0.980608 12.911531

 6.455766 0.980608 12.911531

 3.227883 0.980608 12.911531

 0.000000 0.980608 12.911531

 -3.227883 0.980608 12.911531

 -6.455766 0.980608 12.911531

 -9.683649 0.980608 12.911531

 -12.911531 0.980608 12.911531

 9.683649 0.980608 -12.911531

 6.455766 0.980608 -12.911531

 3.227883 0.980608 -12.911531

 0.000000 0.980608 -12.911531

 -3.227883 0.980608 -12.911531

 -6.455766 0.980608 -12.911531

 -9.683649 0.980608 -12.911531

 -12.911531 0.980608 -12.911531

 9.683649 0.980608 -9.683649

 6.455766 0.980608 -9.683649

 3.227883 0.980608 -9.683649

 0.000000 0.980608 -9.683649

 -3.227883 0.980608 -9.683649

 -6.455766 0.980608 -9.683649

 -9.683649 0.980608 -9.683649

 -12.911531 0.980608 -9.683649

 9.683649 0.980608 -6.455766

 6.455766 0.980608 -6.455766

 3.227883 0.980608 -6.455766

 0.000000 0.980608 -6.455766

 -3.227883 0.980608 -6.455766

 -6.455766 0.980608 -6.455766

 -9.683649 0.980608 -6.455766

 -12.911531 0.980608 -6.455766

 9.683649 1.955338 -3.227883

 6.455766 0.980608 -3.227883

 0.000000 0.980608 -3.227883

 -3.227883 0.980608 -3.227883

 -6.455766 0.980608 -3.227883

 -9.683649 0.980608 -3.227883

 -12.911531 0.980608 -3.227883

 9.683649 0.980608 0.000000

 6.455766 0.980608 0.000000

 3.227883 0.980608 0.000000

 0.000000 0.980608 0.000000

 -3.227883 0.980608 0.000000

 -6.455766 0.980608 0.000000

 -9.683649 0.980608 0.000000

 -12.911531 0.980608 0.000000

 9.683649 0.127153 3.227883

 6.455766 0.127153 3.227883

 3.227883 0.980608 3.227883

 0.000000 0.980608 3.227883

 -3.227883 0.980608 3.227883

 -6.455766 0.980608 3.227883

 -9.683649 0.980608 3.227883

 -12.911531 0.980608 3.227883

 9.683649 -0.918696 6.455766

 6.455766 0.127153 6.455766

 3.227883 0.980608 6.455766

 0.000000 0.980608 6.455766

 -3.227883 0.980608 6.455766

 -6.455766 0.980608 6.455766

 -9.683649 0.980608 6.455766

 -12.911531 0.980608 6.455766

 9.683649 0.980608 9.683649

 6.455766 0.980608 9.683649

 3.227883 0.980608 9.683649

 0.000000 0.980608 9.683649

 -3.227883 0.980608 9.683649

 -6.455766 0.980608 9.683649

 -9.683649 0.980608 9.683649

 -12.911531 0.980608 9.683649

 12.911531 0.980608 9.683649

 12.911531 0.980608 6.455766

 12.911531 0.980608 3.227883

 12.911531 0.980608 0.000000

 12.911531 0.980608 -3.227883

 12.911531 0.980608 -6.455766

 12.911531 0.980608 -9.683649

 12.911531 0.980608 -12.911531

 12.911531 0.980608 12.911531

 3.226612 0.238505 -4.840554

 1.612671 0.238505 -4.840554

 3.226612 0.238463 -1.612671

 1.612671 0.238463 -1.612671

 1.612671 0.238505 -3.226612

 4.840554 0.238487 -3.226612

 4.840554 0.238463 -1.612671

 1.612671 0.238463 -6.454496

 4.840554 0.238463 -6.454496

 4.840554 0.238487 -4.840554

 3.226612 0.238463 -6.454496

 3.226612 0.238505 -3.226612

 1.613941 1.023969 -4.839956

 0.000000 0.980608 -4.839956

tris:

 357 101 3

 357 3 135

 356 111 12

 356 12 143

 355 112 13

 355 13 151

 354 113 14

 354 14 159

 353 114 15

 353 15 166

 352 115 16

 352 16 174

 351 116 17

 351 17 182

 350 117 18

 350 18 190

 349 118 19

 349 19 198

 348 206 98

 348 98 126

 347 207 97

 347 97 205

 346 208 96

 346 96 204

 345 209 95

 345 95 203

 344 210 94

 344 94 202

 343 211 93

 343 93 201

 342 212 92

 342 92 200

 341 213 91

 341 91 199

 340 214 90

 340 90 125

 339 215 89

 339 89 197

 338 216 88

 338 88 196

 337 217 87

 337 87 195

 336 218 86

 336 86 194

 335 219 85

 335 85 193

 334 220 84

 334 84 192

 333 221 83

 333 83 191

 332 222 82

 332 82 124

 331 223 81

 331 81 189

 330 224 80

 330 80 188

 329 225 79

 329 79 187

 328 226 78

 328 78 186

 327 227 77

 327 77 185

 326 228 76

 326 76 184

 325 229 75

 325 75 183

 324 230 74

 324 74 123

 323 231 73

 323 73 181

 322 232 72

 322 72 180

 321 233 71

 321 71 179

 320 234 70

 320 70 178

 319 235 69

 319 69 177

 318 236 68

 318 68 176

 317 237 67

 317 67 175

 316 238 66

 316 66 122

 315 239 65

 315 65 173

 314 240 64

 314 64 172

 313 241 63

 313 63 171

 312 242 62

 312 62 170

 251 54 367

 251 367 366

 311 244 60

 311 60 168

 310 245 59

 310 59 167

 309 246 58

 309 58 121

 308 247 57

 308 57 165

 307 248 56

 307 56 164

 306 249 55

 306 55 163

 242 370 359

 242 359 362

 169 62 361

 169 361 360

 303 252 53

 303 53 161

 302 253 52

 302 52 160

 301 254 51

 301 51 120

 300 255 50

 300 50 158

 299 256 49

 299 49 157

 298 257 48

 298 48 156

 297 258 47

 297 47 155

 296 259 46

 296 46 154

 295 260 45

 295 45 153

 294 261 44

 294 44 152

 293 262 43

 293 43 119

 292 263 42

 292 42 150

 291 264 41

 291 41 149

 290 265 40

 290 40 148

 289 266 39

 289 39 147

 288 267 38

 288 38 146

 287 268 37

 287 37 145

 286 269 36

 286 36 144

 285 270 35

 285 35 102

 284 271 34

 284 34 142

 283 272 33

 283 33 141

 282 273 32

 282 32 140

 281 274 31

 281 31 139

 280 275 30

 280 30 138

 279 276 29

 279 29 137

 278 277 28

 278 28 136

 276 278 136

 276 136 29

 92 199 278

 92 278 276

 199 91 277

 199 277 278

 275 279 137

 275 137 30

 93 200 279

 93 279 275

 200 92 276

 200 276 279

 274 280 138

 274 138 31

 94 201 280

 94 280 274

 201 93 275

 201 275 280

 273 281 139

 273 139 32

 95 202 281

 95 281 273

 202 94 274

 202 274 281

 272 282 140

 272 140 33

 96 203 282

 96 282 272

 203 95 273

 203 273 282

 271 283 141

 271 141 34

 97 204 283

 97 283 271

 204 96 272

 204 272 283

 270 284 142

 270 142 35

 98 205 284

 98 284 270

 205 97 271

 205 271 284

 103 285 102

 103 102 2

 4 126 285

 4 285 103

 126 98 270

 126 270 285

 268 286 144

 268 144 37

 26 134 286

 26 286 268

 134 27 269

 134 269 286

 267 287 145

 267 145 38

 25 133 287

 25 287 267

 133 26 268

 133 268 287

 266 288 146

 266 146 39

 24 132 288

 24 288 266

 132 25 267

 132 267 288

 265 289 147

 265 147 40

 23 131 289

 23 289 265

 131 24 266

 131 266 289

 264 290 148

 264 148 41

 22 130 290

 22 290 264

 130 23 265

 130 265 290

 263 291 149

 263 149 42

 21 129 291

 21 291 263

 129 22 264

 129 264 291

 262 292 150

 262 150 43

 20 128 292

 20 292 262

 128 21 263

 128 263 292

 99 293 119

 99 119 11

 0 127 293

 0 293 99

 127 20 262

 127 262 293

 260 294 152

 260 152 45

 37 144 294

 37 294 260

 144 36 261

 144 261 294

 259 295 153

 259 153 46

 38 145 295

 38 295 259

 145 37 260

 145 260 295

 258 296 154

 258 154 47

 39 146 296

 39 296 258

 146 38 259

 146 259 296

 257 297 155

 257 155 48

 40 147 297

 40 297 257

 147 39 258

 147 258 297

 256 298 156

 256 156 49

 41 148 298

 41 298 256

 148 40 257

 148 257 298

 255 299 157

 255 157 50

 42 149 299

 42 299 255

 149 41 256

 149 256 299

 254 300 158

 254 158 51

 43 150 300

 43 300 254

 150 42 255

 150 255 300

 110 301 120

 110 120 10

 11 119 301

 11 301 110

 119 43 254

 119 254 301

 252 302 160

 252 160 53

 45 152 302

 45 302 252

 152 44 253

 152 253 302

 251 303 161

 251 161 54

 46 153 303

 46 303 251

 153 45 252

 153 252 303

 61 169 360

 61 360 364

 47 154 304

 47 304 250

 154 46 251

 154 251 304

 249 305 162

 249 162 55

 48 155 305

 48 305 249

 155 47 250

 155 250 305

 248 306 163

 248 163 56

 49 156 306

 49 306 248

 156 48 249

 156 249 306

 247 307 164

 247 164 57

 50 157 307

 50 307 247

 157 49 248

 157 248 307

 246 308 165

 246 165 58

 51 158 308

 51 308 246

 158 50 247

 158 247 308

 109 309 121

 109 121 9

 10 120 309

 10 309 109

 120 51 246

 120 246 309

 244 310 167

 244 167 60

 53 160 310

 53 310 244

 160 52 245

 160 245 310

 243 311 168

 243 168 61

 54 161 311

 54 311 243

 161 53 244

 161 244 311

 243 61 364

 243 364 363

 54 243 363

 54 363 367

 241 312 170

 241 170 63

 55 162 312

 55 312 241

 305 250 365

 240 313 171

 240 171 64

 56 163 313

 56 313 240

 163 55 241

 163 241 313

 239 314 172

 239 172 65

 57 164 314

 57 314 239

 164 56 240

 164 240 314

 238 315 173

 238 173 66

 58 165 315

 58 315 238

 165 57 239

 165 239 315

 108 316 122

 108 122 8

 9 121 316

 9 316 108

 121 58 238

 121 238 316

 236 317 175

 236 175 68

 60 167 317

 60 317 236

 167 59 237

 167 237 317

 235 318 176

 235 176 69

 61 168 318

 61 318 235

 168 60 236

 168 236 318

 234 319 177

 234 177 70

 62 169 319

 62 319 234

 169 61 235

 169 235 319

 233 320 178

 233 178 71

 63 170 320

 63 320 233

 170 62 234

 170 234 320

 232 321 179

 232 179 72

 64 171 321

 64 321 232

 171 63 233

 171 233 321

 231 322 180

 231 180 73

 65 172 322

 65 322 231

 172 64 232

 172 232 322

 230 323 181

 230 181 74

 66 173 323

 66 323 230

 173 65 231

 173 231 323

 107 324 123

 107 123 7

 8 122 324

 8 324 107

 122 66 230

 122 230 324

 228 325 183

 228 183 76

 68 175 325

 68 325 228

 175 67 229

 175 229 325

 227 326 184

 227 184 77

 69 176 326

 69 326 227

 176 68 228

 176 228 326

 226 327 185

 226 185 78

 70 177 327

 70 327 226

 177 69 227

 177 227 327

 225 328 186

 225 186 79

 71 178 328

 71 328 225

 178 70 226

 178 226 328

 224 329 187

 224 187 80

 72 179 329

 72 329 224

 179 71 225

 179 225 329

 223 330 188

 223 188 81

 73 180 330

 73 330 223

 180 72 224

 180 224 330

 222 331 189

 222 189 82

 74 181 331

 74 331 222

 181 73 223

 181 223 331

 106 332 124

 106 124 6

 7 123 332

 7 332 106

 123 74 222

 123 222 332

 220 333 191

 220 191 84

 76 183 333

 76 333 220

 183 75 221

 183 221 333

 219 334 192

 219 192 85

 77 184 334

 77 334 219

 184 76 220

 184 220 334

 218 335 193

 218 193 86

 78 185 335

 78 335 218

 185 77 219

 185 219 335

 217 336 194

 217 194 87

 79 186 336

 79 336 217

 186 78 218

 186 218 336

 216 337 195

 216 195 88

 80 187 337

 80 337 216

 187 79 217

 187 217 337

 215 338 196

 215 196 89

 81 188 338

 81 338 215

 188 80 216

 188 216 338

 214 339 197

 214 197 90

 82 189 339

 82 339 214

 189 81 215

 189 215 339

 105 340 125

 105 125 5

 6 124 340

 6 340 105

 124 82 214

 124 214 340

 212 341 199

 212 199 92

 84 191 341

 84 341 212

 191 83 213

 191 213 341

 211 342 200

 211 200 93

 85 192 342

 85 342 211

 192 84 212

 192 212 342

 210 343 201

 210 201 94

 86 193 343

 86 343 210

 193 85 211

 193 211 343

 209 344 202

 209 202 95

 87 194 344

 87 344 209

 194 86 210

 194 210 344

 208 345 203

 208 203 96

 88 195 345

 88 345 208

 195 87 209

 195 209 345

 207 346 204

 207 204 97

 89 196 346

 89 346 207

 196 88 208

 196 208 346

 206 347 205

 206 205 98

 90 197 347

 90 347 206

 197 89 207

 197 207 347

 104 348 126

 104 126 4

 5 125 348

 5 348 104

 125 90 206

 125 206 348

 213 349 198

 213 198 91

 83 190 349

 83 349 213

 190 18 118

 190 118 349

 221 350 190

 221 190 83

 75 182 350

 75 350 221

 182 17 117

 182 117 350

 229 351 182

 229 182 75

 67 174 351

 67 351 229

 174 16 116

 174 116 351

 237 352 174

 237 174 67

 59 166 352

 59 352 237

 166 15 115

 166 115 352

 245 353 166

 245 166 59

 52 159 353

 52 353 245

 159 14 114

 159 114 353

 253 354 159

 253 159 52

 44 151 354

 44 354 253

 151 13 113

 151 113 354

 261 355 151

 261 151 44

 36 143 355

 36 355 261

 143 12 112

 143 112 355

 269 356 143

 269 143 36

 27 100 356

 27 356 269

 100 1 111

 100 111 356

 277 357 135

 277 135 28

 91 198 357

 91 357 277

 198 19 101

 198 101 357

 369 363 364

 369 364 360

 305 365 359

 305 359 162

 368 366 367

 368 367 358

 365 368 358

 365 358 359

 362 369 360

 362 360 361

 359 358 369

 359 369 362

 358 367 363

 358 363 369

 162 359 370

 162 370 371

 250 304 368

 250 368 365

 242 312 371

 242 371 370

 62 242 362

 62 362 361

 304 251 366

 304 366 368

vector2s:

 0.944444 0.944444

 1.000000 0.944444

 1.000000 1.000000

 0.944444 1.000000

 0.944444 0.055556

 1.000000 0.055556

 1.000000 0.111111

 0.944444 0.111111

 0.944444 0.166667

 1.000000 0.166667

 1.000000 0.222222

 0.944444 0.222222

 0.944444 0.277778

 1.000000 0.277778

 1.000000 0.333333

 0.944444 0.333333

 0.944444 0.388889

 1.000000 0.388889

 1.000000 0.444444

 0.944444 0.444444

 0.944444 0.500000

 1.000000 0.500000

 1.000000 0.555556

 0.944444 0.555556

 0.944444 0.611111

 1.000000 0.611111

 1.000000 0.666667

 0.944444 0.666667

 0.944444 0.722222

 1.000000 0.722222

 1.000000 0.777778

 0.944444 0.777778

 0.944444 0.833333

 1.000000 0.833333

 1.000000 0.888889

 0.944444 0.888889

 0.055556 0.833333

 0.111111 0.833333

 0.111111 0.888889

 0.055556 0.888889

 0.166667 0.833333

 0.222222 0.833333

 0.222222 0.888889

 0.166667 0.888889

 0.277778 0.833333

 0.333333 0.833333

 0.333333 0.888889

 0.277778 0.888889

 0.388889 0.833333

 0.444444 0.833333

 0.444444 0.888889

 0.388889 0.888889

 0.500000 0.833333

 0.555556 0.833333

 0.555556 0.888889

 0.500000 0.888889

 0.611111 0.833333

 0.666667 0.833333

 0.666667 0.888889

 0.611111 0.888889

 0.722222 0.833333

 0.777778 0.833333

 0.777778 0.888889

 0.722222 0.888889

 0.833333 0.833333

 0.888889 0.833333

 0.888889 0.888889

 0.833333 0.888889

 0.055556 0.722222

 0.111111 0.722222

 0.111111 0.777778

 0.055556 0.777778

 0.166667 0.722222

 0.222222 0.722222

 0.222222 0.777778

 0.166667 0.777778

 0.277778 0.722222

 0.333333 0.722222

 0.333333 0.777778

 0.277778 0.777778

 0.388889 0.722222

 0.444444 0.722222

 0.444444 0.777778

 0.388889 0.777778

 0.500000 0.722222

 0.555556 0.722222

 0.555556 0.777778

 0.500000 0.777778

 0.611111 0.722222

 0.666667 0.722222

 0.666667 0.777778

 0.611111 0.777778

 0.722222 0.722222

 0.777778 0.722222

 0.777778 0.777778

 0.722222 0.777778

 0.833333 0.722222

 0.888889 0.722222

 0.888889 0.777778

 0.833333 0.777778

 0.055556 0.611111

 0.111111 0.611111

 0.111111 0.666667

 0.055556 0.666667

 0.166667 0.611111

 0.222222 0.611111

 0.222222 0.666667

 0.166667 0.666667

 0.277778 0.611111

 0.333333 0.611111

 0.333333 0.666667

 0.277778 0.666667

 0.388889 0.611111

 0.444444 0.611111

 0.444444 0.666667

 0.388889 0.666667

 0.500000 0.611111

 0.555556 0.611111

 0.555556 0.666667

 0.500000 0.666667

 0.611111 0.611111

 0.666667 0.611111

 0.666667 0.666667

 0.611111 0.666667

 0.722222 0.611111

 0.777778 0.611111

 0.777778 0.666667

 0.722222 0.666667

 0.833333 0.611111

 0.888889 0.611111

 0.888889 0.666667

 0.833333 0.666667

 0.055556 0.500000

 0.111111 0.500000

 0.111111 0.555556

 0.055556 0.555556

 0.166667 0.500000

 0.222222 0.500000

 0.222222 0.555556

 0.166667 0.555556

 0.277778 0.500000

 0.333333 0.500000

 0.333333 0.555556

 0.277778 0.555556

 0.388889 0.500000

 0.444444 0.500000

 0.444444 0.555556

 0.388889 0.555556

 0.500000 0.500000

 0.555556 0.500000

 0.555556 0.555556

 0.500000 0.555556

 0.611111 0.500000

 0.666667 0.500000

 0.666667 0.555556

 0.611111 0.555556

 0.722222 0.500000

 0.777778 0.500000

 0.777778 0.555556

 0.722222 0.555556

 0.833333 0.500000

 0.888889 0.500000

 0.888889 0.555556

 0.833333 0.555556

 0.055556 0.388889

 0.111111 0.388889

 0.111111 0.444444

 0.055556 0.444444

 0.166667 0.388889

 0.222222 0.388889

 0.222222 0.444444

 0.166667 0.444444

 0.277778 0.388889

 0.333333 0.388889

 0.333333 0.444444

 0.277778 0.444444

 0.388889 0.388889

 0.444444 0.388889

 0.444444 0.444444

 0.388889 0.444444

 0.500000 0.388889

 0.555556 0.388889

 0.555556 0.444444

 0.500000 0.444444

 0.666667 0.277778

 0.666667 0.333333

 0.722222 0.388889

 0.777778 0.388889

 0.777778 0.444444

 0.722222 0.444444

 0.833333 0.388889

 0.888889 0.388889

 0.888889 0.444444

 0.833333 0.444444

 0.055556 0.277778

 0.111111 0.277778

 0.111111 0.333333

 0.055556 0.333333

 0.166667 0.277778

 0.222222 0.277778

 0.222222 0.333333

 0.166667 0.333333

 0.277778 0.277778

 0.333333 0.277778

 0.333333 0.333333

 0.277778 0.333333

 0.388889 0.277778

 0.444444 0.277778

 0.444444 0.333333

 0.388889 0.333333

 0.555556 0.333333

 0.611111 0.444444

 0.722222 0.277778

 0.777778 0.277778

 0.777778 0.333333

 0.722222 0.333333

 0.833333 0.277778

 0.888889 0.277778

 0.888889 0.333333

 0.833333 0.333333

 0.055556 0.166667

 0.111111 0.166667

 0.111111 0.222222

 0.055556 0.222222

 0.166667 0.166667

 0.222222 0.166667

 0.222222 0.222222

 0.166667 0.222222

 0.277778 0.166667

 0.333333 0.166667

 0.333333 0.222222

 0.277778 0.222222

 0.388889 0.166667

 0.444444 0.166667

 0.444444 0.222222

 0.388889 0.222222

 0.500000 0.166667

 0.555556 0.166667

 0.555556 0.222222

 0.500000 0.222222

 0.611111 0.166667

 0.666667 0.166667

 0.666667 0.222222

 0.611111 0.222222

 0.722222 0.166667

 0.777778 0.166667

 0.777778 0.222222

 0.722222 0.222222

 0.833333 0.166667

 0.888889 0.166667

 0.888889 0.222222

 0.833333 0.222222

 0.055556 0.055556

 0.111111 0.055556

 0.111111 0.111111

 0.055556 0.111111

 0.166667 0.055556

 0.222222 0.055556

 0.222222 0.111111

 0.166667 0.111111

 0.277778 0.055556

 0.333333 0.055556

 0.333333 0.111111

 0.277778 0.111111

 0.388889 0.055556

 0.444444 0.055556

 0.444444 0.111111

 0.388889 0.111111

 0.500000 0.055556

 0.555556 0.055556

 0.555556 0.111111

 0.500000 0.111111

 0.611111 0.055556

 0.666667 0.055556

 0.666667 0.111111

 0.611111 0.111111

 0.722222 0.055556

 0.777778 0.055556

 0.777778 0.111111

 0.722222 0.111111

 0.833333 0.055556

 0.888889 0.055556

 0.888889 0.111111

 0.833333 0.111111

 0.055556 0.944444

 0.111111 0.944444

 0.111111 1.000000

 0.055556 1.000000

 0.166667 0.944444

 0.222222 0.944444

 0.222222 1.000000

 0.166667 1.000000

 0.277778 0.944444

 0.333333 0.944444

 0.333333 1.000000

 0.277778 1.000000

 0.388889 0.944444

 0.444444 0.944444

 0.444444 1.000000

 0.388889 1.000000

 0.500000 0.944444

 0.555556 0.944444

 0.555556 1.000000

 0.500000 1.000000

 0.611111 0.944444

 0.666667 0.944444

 0.666667 1.000000

 0.611111 1.000000

 0.722222 0.944444

 0.777778 0.944444

 0.777778 1.000000

 0.722222 1.000000

 0.833333 0.944444

 0.888889 0.944444

 0.888889 1.000000

 0.833333 1.000000

 0.000000 0.944444

 0.000000 1.000000

 0.000000 0.888889

 0.777778 0.000000

 0.833333 0.000000

 0.888889 0.000000

 0.666667 0.000000

 0.722222 0.000000

 0.555556 0.000000

 0.611111 0.000000

 0.444444 0.000000

 0.500000 0.000000

 0.333333 0.000000

 0.388889 0.000000

 0.222222 0.000000

 0.277778 0.000000

 0.111111 0.000000

 0.166667 0.000000

 0.000000 0.055556

 0.000000 0.111111

 0.000000 0.000000

 0.055556 0.000000

 0.000000 0.166667

 0.000000 0.222222

 0.666667 0.444444

 0.611111 0.277778

 0.555556 0.277778

 0.500000 0.277778

 0.500000 0.333333

 0.000000 0.277778

 0.000000 0.333333

 0.666667 0.388889

 0.000000 0.388889

 0.000000 0.444444

 0.000000 0.500000

 0.000000 0.555556

 0.000000 0.611111

 0.000000 0.666667

 0.000000 0.722222

 0.000000 0.777778

 0.000000 0.833333

 0.944444 0.000000

 1.000000 0.000000

 0.611111 0.388889

 0.611111 0.333333

uv:

 0 1 2

 0 2 3

 4 5 6

 4 6 7

 8 9 10

 8 10 11

 12 13 14

 12 14 15

 16 17 18

 16 18 19

 20 21 22

 20 22 23

 24 25 26

 24 26 27

 28 29 30

 28 30 31

 32 33 34

 32 34 35

 36 37 38

 36 38 39

 40 41 42

 40 42 43

 44 45 46

 44 46 47

 48 49 50

 48 50 51

 52 53 54

 52 54 55

 56 57 58

 56 58 59

 60 61 62

 60 62 63

 64 65 66

 64 66 67

 68 69 70

 68 70 71

 72 73 74

 72 74 75

 76 77 78

 76 78 79

 80 81 82

 80 82 83

 84 85 86

 84 86 87

 88 89 90

 88 90 91

 92 93 94

 92 94 95

 96 97 98

 96 98 99

 100 101 102

 100 102 103

 104 105 106

 104 106 107

 108 109 110

 108 110 111

 112 113 114

 112 114 115

 116 117 118

 116 118 119

 120 121 122

 120 122 123

 124 125 126

 124 126 127

 128 129 130

 128 130 131

 132 133 134

 132 134 135

 136 137 138

 136 138 139

 140 141 142

 140 142 143

 144 145 146

 144 146 147

 148 149 150

 148 150 151

 152 153 154

 152 154 155

 156 157 158

 156 158 159

 160 161 162

 160 162 163

 164 165 166

 164 166 167

 168 169 170

 168 170 171

 172 173 174

 172 174 175

 176 177 178

 176 178 179

 180 181 182

 180 182 183

 184 185 185

 184 185 184

 186 187 188

 186 188 189

 190 191 192

 190 192 193

 194 195 196

 194 196 197

 198 199 200

 198 200 201

 202 203 204

 202 204 205

 206 207 208

 206 208 209

 181 181 210

 181 210 181

 211 182 182

 211 182 211

 212 213 214

 212 214 215

 216 217 218

 216 218 219

 220 221 222

 220 222 223

 224 225 226

 224 226 227

 228 229 230

 228 230 231

 232 233 234

 232 234 235

 236 237 238

 236 238 239

 240 241 242

 240 242 243

 244 245 246

 244 246 247

 248 249 250

 248 250 251

 252 253 254

 252 254 255

 256 257 258

 256 258 259

 260 261 262

 260 262 263

 264 265 266

 264 266 267

 268 269 270

 268 270 271

 272 273 274

 272 274 275

 276 277 278

 276 278 279

 280 281 282

 280 282 283

 284 285 286

 284 286 287

 288 289 290

 288 290 291

 292 293 294

 292 294 295

 296 297 298

 296 298 299

 300 301 302

 300 302 303

 304 305 306

 304 306 307

 308 309 310

 308 310 311

 312 313 314

 312 314 315

 309 312 315

 309 315 310

 62 67 312

 62 312 309

 67 66 313

 67 313 312

 305 308 311

 305 311 306

 58 63 308

 58 308 305

 63 62 309

 63 309 308

 301 304 307

 301 307 302

 54 59 304

 54 304 301

 59 58 305

 59 305 304

 297 300 303

 297 303 298

 50 55 300

 50 300 297

 55 54 301

 55 301 300

 293 296 299

 293 299 294

 46 51 296

 46 296 293

 51 50 297

 51 297 296

 289 292 295

 289 295 290

 42 47 292

 42 292 289

 47 46 293

 47 293 292

 285 288 291

 285 291 286

 38 43 288

 38 288 285

 43 42 289

 43 289 288

 316 284 287

 316 287 317

 318 39 284

 318 284 316

 39 38 285

 39 285 284

 277 280 283

 277 283 278

 319 320 280

 319 280 277

 320 321 281

 320 281 280

 273 276 279

 273 279 274

 322 323 276

 322 276 273

 323 319 277

 323 277 276

 269 272 275

 269 275 270

 324 325 272

 324 272 269

 325 322 273

 325 273 272

 265 268 271

 265 271 266

 326 327 268

 326 268 265

 327 324 269

 327 269 268

 261 264 267

 261 267 262

 328 329 264

 328 264 261

 329 326 265

 329 265 264

 257 260 263

 257 263 258

 330 331 260

 330 260 257

 331 328 261

 331 261 260

 253 256 259

 253 259 254

 332 333 256

 332 256 253

 333 330 257

 333 257 256

 334 252 255

 334 255 335

 336 337 252

 336 252 334

 337 332 253

 337 253 252

 245 248 251

 245 251 246

 278 283 248

 278 248 245

 283 282 249

 283 249 248

 241 244 247

 241 247 242

 274 279 244

 274 244 241

 279 278 245

 279 245 244

 237 240 243

 237 243 238

 270 275 240

 270 240 237

 275 274 241

 275 241 240

 233 236 239

 233 239 234

 266 271 236

 266 236 233

 271 270 237

 271 237 236

 229 232 235

 229 235 230

 262 267 232

 262 232 229

 267 266 233

 267 233 232

 225 228 231

 225 231 226

 258 263 228

 258 228 225

 263 262 229

 263 229 228

 221 224 227

 221 227 222

 254 259 224

 254 224 221

 259 258 225

 259 225 224

 338 220 223

 338 223 339

 335 255 220

 335 220 338

 255 254 221

 255 221 220

 213 216 219

 213 219 214

 246 251 216

 246 216 213

 251 250 217

 251 217 216

 184 212 215

 184 215 185

 242 247 212

 242 212 184

 247 246 213

 247 213 212

 340 211 211

 340 211 340

 238 243 341

 238 341 342

 243 242 184

 243 184 341

 207 343 344

 207 344 208

 234 239 343

 234 343 207

 239 238 342

 239 342 343

 203 206 209

 203 209 204

 230 235 206

 230 206 203

 235 234 207

 235 207 206

 199 202 205

 199 205 200

 226 231 202

 226 202 199

 231 230 203

 231 203 202

 195 198 201

 195 201 196

 222 227 198

 222 198 195

 227 226 199

 227 199 198

 345 194 197

 345 197 346

 339 223 194

 339 194 345

 223 222 195

 223 195 194

 187 190 193

 187 193 188

 214 219 190

 214 190 187

 219 218 191

 219 191 190

 347 186 189

 347 189 340

 185 215 186

 185 186 347

 215 214 187

 215 187 186

 347 340 340

 347 340 347

 185 347 347

 185 347 185

 177 180 183

 177 183 178

 208 344 180

 208 180 177

 343 342 342

 173 176 179

 173 179 174

 204 209 176

 204 176 173

 209 208 177

 209 177 176

 169 172 175

 169 175 170

 200 205 172

 200 172 169

 205 204 173

 205 173 172

 165 168 171

 165 171 166

 196 201 168

 196 168 165

 201 200 169

 201 169 168

 348 164 167

 348 167 349

 346 197 164

 346 164 348

 197 196 165

 197 165 164

 157 160 163

 157 163 158

 188 193 160

 188 160 157

 193 192 161

 193 161 160

 153 156 159

 153 159 154

 340 189 156

 340 156 153

 189 188 157

 189 157 156

 149 152 155

 149 155 150

 182 211 152

 182 152 149

 211 340 153

 211 153 152

 145 148 151

 145 151 146

 178 183 148

 178 148 145

 183 182 149

 183 149 148

 141 144 147

 141 147 142

 174 179 144

 174 144 141

 179 178 145

 179 145 144

 137 140 143

 137 143 138

 170 175 140

 170 140 137

 175 174 141

 175 141 140

 133 136 139

 133 139 134

 166 171 136

 166 136 133

 171 170 137

 171 137 136

 350 132 135

 350 135 351

 349 167 132

 349 132 350

 167 166 133

 167 133 132

 125 128 131

 125 131 126

 158 163 128

 158 128 125

 163 162 129

 163 129 128

 121 124 127

 121 127 122

 154 159 124

 154 124 121

 159 158 125

 159 125 124

 117 120 123

 117 123 118

 150 155 120

 150 120 117

 155 154 121

 155 121 120

 113 116 119

 113 119 114

 146 151 116

 146 116 113

 151 150 117

 151 117 116

 109 112 115

 109 115 110

 142 147 112

 142 112 109

 147 146 113

 147 113 112

 105 108 111

 105 111 106

 138 143 108

 138 108 105

 143 142 109

 143 109 108

 101 104 107

 101 107 102

 134 139 104

 134 104 101

 139 138 105

 139 105 104

 352 100 103

 352 103 353

 351 135 100

 351 100 352

 135 134 101

 135 101 100

 93 96 99

 93 99 94

 126 131 96

 126 96 93

 131 130 97

 131 97 96

 89 92 95

 89 95 90

 122 127 92

 122 92 89

 127 126 93

 127 93 92

 85 88 91

 85 91 86

 118 123 88

 118 88 85

 123 122 89

 123 89 88

 81 84 87

 81 87 82

 114 119 84

 114 84 81

 119 118 85

 119 85 84

 77 80 83

 77 83 78

 110 115 80

 110 80 77

 115 114 81

 115 81 80

 73 76 79

 73 79 74

 106 111 76

 106 76 73

 111 110 77

 111 77 76

 69 72 75

 69 75 70

 102 107 72

 102 72 69

 107 106 73

 107 73 72

 354 68 71

 354 71 355

 353 103 68

 353 68 354

 103 102 69

 103 69 68

 61 64 67

 61 67 62

 94 99 64

 94 64 61

 99 98 65

 99 65 64

 57 60 63

 57 63 58

 90 95 60

 90 60 57

 95 94 61

 95 61 60

 53 56 59

 53 59 54

 86 91 56

 86 56 53

 91 90 57

 91 57 56

 49 52 55

 49 55 50

 82 87 52

 82 52 49

 87 86 53

 87 53 52

 45 48 51

 45 51 46

 78 83 48

 78 48 45

 83 82 49

 83 49 48

 41 44 47

 41 47 42

 74 79 44

 74 44 41

 79 78 45

 79 45 44

 37 40 43

 37 43 38

 70 75 40

 70 40 37

 75 74 41

 75 41 40

 356 36 39

 356 39 318

 355 71 36

 355 36 356

 71 70 37

 71 37 36

 65 32 35

 65 35 66

 98 31 32

 98 32 65

 31 30 33

 31 33 32

 97 28 31

 97 31 98

 130 27 28

 130 28 97

 27 26 29

 27 29 28

 129 24 27

 129 27 130

 162 23 24

 162 24 129

 23 22 25

 23 25 24

 161 20 23

 161 23 162

 192 19 20

 192 20 161

 19 18 21

 19 21 20

 191 16 19

 191 19 192

 218 15 16

 218 16 191

 15 14 17

 15 17 16

 217 12 15

 217 15 218

 250 11 12

 250 12 217

 11 10 13

 11 13 12

 249 8 11

 249 11 250

 282 7 8

 282 8 249

 7 6 9

 7 9 8

 281 4 7

 281 7 282

 321 357 4

 321 4 281

 357 358 5

 357 5 4

 313 0 3

 313 3 314

 66 35 0

 66 0 313

 35 34 1

 35 1 0

 359 347 340

 359 340 211

 343 342 210

 343 210 344

 341 184 185

 341 185 360

 342 341 360

 342 360 210

 181 359 211

 181 211 182

 210 360 359

 210 359 181

 360 185 347

 360 347 359

 344 210 181

 344 181 180

 342 341 341

 342 341 342

 181 180 180

 181 180 181

 182 181 181

 182 181 182

 341 184 184

 341 184 341

palette:

 105 105 105 255

 118 118 118 255

 80 80 80 255

 90 90 90 255

 104 104 104 255

 65 65 65 255

 92 92 92 255

 141 141 141 255

 186 186 186 255

 100 100 100 255

 112 112 112 255

 130 130 130 255

 175 175 175 255

 128 128 128 255

 86 86 86 255

 67 67 67 255

 61 61 61 255

 93 93 93 255

 127 127 127 255

 58 58 58 255

 0 0 0 255

 68 68 68 255

 63 63 63 255

 206 206 206 255

 255 255 255 255

 51 51 51 255

 101 101 101 255

 119 119 119 255

 196 196 196 255

 170 170 170 255

 231 231 231 255

 114 114 114 255

 133 133 133 255

 49 49 49 255

color:

 0 0 0

 0 0 0

 0 0 0

 0 0 0

 0 0 0

 0 0 0

 0 0 0

 0 0 1

 1 0 0

 1 0 0

 2 0 3

 2 3 4

 2 3 3

 2 3 5

 5 3 3

 5 3 4

 2 0 0

 2 0 0

 0 0 0

 0 0 0

 0 0 0

 0 0 0

 0 0 0

 0 0 0

 0 0 0

 0 0 0

 0 0 0

 0 0 0

 0 2 0

 0 0 0

 4 5 6

 4 6 6

 5 4 6

 5 6 6

 0 0 0

 0 0 0

 0 0 0

 0 0 0

 0 0 0

 0 0 0

 0 0 0

 0 0 0

 0 0 0

 0 0 0

 6 5 4

 6 4 6

 7 8 7

 7 7 9

 8 7 9

 8 9 7

 0 0 0

 0 0 0

 0 0 0

 0 0 0

 0 0 0

 0 0 0

 0 0 0

 0 0 0

 0 0 0

 0 0 0

 6 2 5

 6 5 6

 10 11 12

 10 12 13

 11 10 13

 11 13 12

 0 0 0

 0 0 0

 0 0 0

 0 0 0

 0 0 0

 0 0 0

 0 0 0

 0 0 0

 0 14 0

 0 0 0

 15 16 4

 15 4 6

 4 17 18

 4 18 11

 17 4 11

 17 11 18

 0 0 0

 0 0 0

 0 0 0

 0 0 0

 0 0 0

 0 0 0

 0 14 0

 0 0 0

 19 20 19

 19 19 21

 2 22 23

 2 23 24

 21 25 6

 21 6 26

 25 0 27

 25 27 6

 0 0 0

 0 0 0

 0 0 0

 0 0 0

 0 0 0

 0 0 0

 0 14 15

 0 15 0

 20 20 28

 20 28 29

 21 19 30

 21 30 30

 31 0 25

 31 25 21

 0 32 0

 0 0 25

 0 0 0

 0 0 0

 0 0 0

 0 0 0

 0 0 0

 0 0 0

 0 0 0

 0 0 0

 0 0 15

 0 15 14

 0 0 14

 0 14 15

 0 0 1

 0 1 0

 0 0 0

 0 0 1

 0 0 0

 0 0 0

 0 0 0

 0 0 0

 0 0 0

 0 0 0

 0 0 0

 0 0 0

 0 0 0

 0 0 0

 0 0 0

 0 0 0

 0 0 0

 0 0 0

 0 0 0

 0 0 0

 0 0 0

 0 0 0

 0 0 0

 0 0 0

 0 0 0

 0 0 0

 0 0 0

 0 0 0

 0 0 0

 0 0 0

 0 0 0

 0 0 0

 0 0 0

 0 0 0

 0 0 0

 0 0 0

 0 0 0

 0 0 0

 6 6 0

 6 0 0

 6 6 0

 6 0 0

 0 0 0

 0 0 0

 0 6 0

 0 0 0

 6 6 0

 6 0 0

 0 0 0

 0 0 0

 0 0 0

 0 0 0

 0 0 0

 0 0 0

 0 0 0

 0 0 0

 0 0 0

 0 0 0

 0 0 0

 0 0 0

 0 0 0

 0 0 0

 0 0 0

 0 0 0

 0 0 0

 0 0 0

 0 0 0

 0 0 0

 0 0 0

 0 0 0

 0 0 0

 0 0 0

 0 0 0

 0 0 0

 0 0 0

 0 0 0

 0 0 0

 0 0 0

 0 0 0

 0 0 0

 0 0 0

 0 0 0

 0 0 0

 0 0 0

 0 0 0

 0 0 0

 0 0 0

 0 0 0

 0 0 0

 0 0 0

 0 0 0

 0 0 0

 0 0 0

 0 0 0

 0 0 0

 0 0 0

 0 0 0

 0 0 0

 0 0 0

 0 0 0

 0 0 0

 0 0 0

 0 0 0

 0 0 0

 0 0 0

 0 0 0

 0 0 0

 0 0 0

 0 0 0

 0 0 0

 0 0 0

 0 0 0

 0 0 0

 0 0 0

 0 0 0

 0 0 0

 0 0 0

 0 0 0

 0 0 0

 0 0 0

 0 0 0

 0 0 0

 0 0 0

 0 0 0

 0 0 0

 0 0 0

 0 0 0

 0 0 0

 0 0 0

 0 0 0

 0 0 0

 0 0 0

 0 0 1

 0 1 1

 0 0 0

 0 0 0

 0 0 0

 0 0 0

 0 0 0

 0 0 14

 0 0 0

 0 0 0

 0 0 0

 0 0 0

 0 0 15

 0 15 15

 0 0 0

 0 0 0

 0 0 0

 0 0 0

 0 0 14

 0 14 0

 0 0 0

 0 0 0

 0 0 0

 0 0 0

 0 0 0

 0 0 0

 0 0 0

 0 0 0

 0 0 0

 0 0 0

 0 0 0

 0 0 0

 0 0 0

 0 0 0

 0 0 0

 0 0 0

 0 0 0

 0 0 0

 0 0 0

 0 0 0

 0 0 0

 0 0 0

 0 0 0

 0 0 0

 0 0 0

 0 0 0

 0 0 0

 0 0 0

 0 0 25

 0 25 25

 1 1 0

 1 0 0

 1 0 32

 1 32 0

 2 31 21

 2 21 22

 14 0 31

 14 31 2

 0 1 0

 0 0 31

 2 21 30

 2 30 24

 15 15 33

 15 33 33

 15 14 2

 15 2 33

 14 2 21

 14 21 15

 0 14 2

 0 2 14

 14 15 33

 14 33 2

 0 0 0

 0 0 0

 0 0 0

 0 0 0

 0 0 14

 0 14 0

 0 0 0

 0 0 0

 0 0 0

 0 0 0

 0 0 0

 0 0 0

 0 0 0

 0 0 0

 0 0 0

 0 0 0

 0 0 0

 0 0 0

 0 0 0

 0 0 0

 0 0 0

 0 0 0

 0 0 0

 0 0 0

 25 25 6

 25 6 6

 25 25 25

 25 25 25

 25 0 0

 25 0 25

 22 21 26

 22 26 2

 22 21 21

 22 21 22

 21 25 25

 21 25 21

 22 2 24

 22 24 23

 22 22 23

 22 23 23

 14 19 21

 14 21 0

 15 21 19

 15 19 14

 2 33 23

 0 0 0

 0 0 0

 0 0 0

 0 0 0

 0 15 14

 0 14 0

 0 0 0

 0 0 0

 0 0 0

 0 0 0

 0 0 0

 0 0 0

 0 0 0

 0 0 0

 0 0 0

 0 0 0

 0 0 0

 0 0 0

 0 0 0

 0 0 0

 0 0 0

 0 0 0

 0 0 0

 0 0 0

 17 17 18

 17 18 18

 6 6 17

 6 17 17

 6 27 4

 6 4 17

 16 4 11

 16 11 4

 2 26 4

 2 4 16

 26 6 17

 26 17 4

 14 15 6

 14 6 0

 19 21 15

 19 15 14

 21 2 16

 21 16 15

 0 0 0

 0 0 0

 0 21 0

 0 0 0

 21 19 14

 21 14 0

 0 0 0

 0 0 0

 0 0 0

 0 0 0

 0 0 0

 0 0 0

 0 0 0

 0 0 0

 0 0 0

 0 0 0

 0 0 0

 0 0 0

 0 0 0

 0 0 0

 0 0 0

 0 0 0

 0 0 0

 0 0 0

 0 0 0

 0 0 0

 0 0 0

 0 0 0

 0 0 0

 0 0 0

 11 11 12

 11 12 12

 18 18 11

 18 11 11

 18 11 10

 18 10 11

 2 10 13

 2 13 5

 4 11 10

 4 10 2

 11 18 11

 11 11 10

 0 6 6

 0 6 0

 0 6 6

 0 6 0

 6 4 2

 6 2 6

 0 0 0

 0 0 0

 0 0 0

 0 0 0

 0 0 0

 0 0 0

 0 0 0

 0 0 0

 0 0 0

 0 0 0

 0 0 0

 0 0 0

 0 0 0

 0 0 0

 0 0 0

 0 0 0

 0 0 0

 0 0 0

 0 0 0

 0 0 0

 0 0 0

 0 0 0

 0 0 0

 0 0 0

 0 0 0

 0 0 0

 0 0 0

 0 0 0

 0 0 0

 0 0 0

 8 8 7

 8 7 7

 12 12 8

 12 8 8

 12 13 7

 12 7 8

 5 7 9

 5 9 4

 5 13 7

 5 7 5

 13 12 8

 13 8 7

 0 6 6

 0 6 0

 0 6 6

 0 6 0

 6 5 5

 6 5 6

 0 0 0

 0 0 0

 0 0 0

 0 0 0

 0 0 0

 0 0 0

 0 0 0

 0 0 0

 0 0 0

 0 0 0

 0 0 0

 0 0 0

 0 0 0

 0 0 0

 0 0 0

 0 0 0

 0 0 0

 0 0 0

 0 0 0

 0 0 0

 0 0 0

 0 0 0

 0 0 0

 0 0 0

 0 0 0

 0 0 0

 0 0 0

 0 0 0

 0 0 0

 0 0 0

 5 5 6

 5 6 6

 7 7 5

 7 5 5

 7 9 4

 7 4 5

 2 4 6

 2 6 0

 4 9 4

 4 4 2

 9 7 5

 9 5 4

 0 0 0

 0 0 0

 0 6 0

 0 0 0

 6 4 2

 6 2 0

 0 0 0

 0 0 0

 0 0 0

 0 0 0

 0 0 0

 0 0 0

 0 0 0

 0 0 0

 0 0 0

 0 0 0

 0 0 0

 0 0 0

 0 0 0

 0 0 0

 0 0 0

 0 0 0

 0 0 0

 0 0 0

 0 0 0

 0 0 0

 0 0 0

 0 0 0

 0 0 0

 0 0 0

 0 0 0

 0 0 0

 0 0 0

 0 0 0

 0 0 0

 0 0 0

 4 2 0

 4 0 6

 9 4 2

 9 2 4

 4 3 0

 4 0 2

 7 5 4

 7 4 9

 13 5 5

 13 5 7

 5 3 3

 5 3 5

 10 2 5

 10 5 13

 11 4 2

 11 2 10

 4 3 3

 4 3 2

 4 2 4

 4 4 11

 27 0 2

 27 2 4

 0 0 0

 0 0 2

 0 1 0

 0 0 27

 0 1 1

 0 1 0

 1 0 0

 1 0 1

 32 0 1

 32 1 0

 0 0 0

 0 0 32

 0 0 0

 0 0 0

 0 0 0

 0 0 0

 0 0 0

 0 0 0

 0 0 0

 0 0 0

 0 0 0

 0 0 0

 0 0 0

 0 0 0

 0 0 0

 0 0 0

 0 0 0

 0 0 0

 6 0 0

 6 0 0

 0 0 0

 0 0 0

 28 23 24

 28 24 30

 24 23 28

 24 28 30

 23 24 23

 23 23 12

 23 23 12

 23 12 28

 29 28 30

 29 30 30

 28 12 28

 28 28 29

 12 23 23

 12 23 28

 30 28 20

 30 20 19

 33 33 23

 33 23 23

 20 19 19

 20 19 20

 19 20 29

 19 29 30

 33 2 24

 33 24 23

