vectors:

 0.577350 0.577350 0.577350

 0.433013 0.637377 0.637377

 0.288675 0.677003 0.677003

 0.144338 0.699702 0.699702

 -0.000000 0.707107 0.707107

 -0.144338 0.699702 0.699702

 -0.288675 0.677003 0.677003

 -0.433013 0.637377 0.637377

 0.637377 0.433013 0.637377

 0.478033 0.478033 0.736864

 0.318689 0.507752 0.800391

 0.159344 0.524777 0.836193

 -0.000000 0.530330 0.847791

 -0.159344 0.524777 0.836193

 -0.318689 0.507752 0.800391

 -0.478033 0.478033 0.736864

 0.677003 0.288675 0.677003

 0.507752 0.318689 0.800391

 0.338502 0.338502 0.877971

 0.169251 0.349851 0.921389

 -0.000000 0.353553 0.935414

 -0.169251 0.349851 0.921389

 -0.338502 0.338502 0.877971

 -0.507752 0.318689 0.800391

 0.699702 0.144338 0.699702

 0.524777 0.159344 0.836193

 0.349851 0.169251 0.921389

 0.174926 0.174926 0.968918

 -0.000000 0.176777 0.984251

 -0.174926 0.174926 0.968918

 -0.349851 0.169251 0.921389

 -0.524777 0.159344 0.836193

 0.707107 -0.000000 0.707107

 0.530330 -0.000000 0.847791

 0.353553 -0.000000 0.935414

 0.176777 -0.000000 0.984251

 -0.000000 -0.000000 1.000000

 -0.176777 -0.000000 0.984251

 -0.353553 -0.000000 0.935414

 -0.530330 -0.000000 0.847791

 0.699702 -0.144338 0.699702

 0.524777 -0.159344 0.836193

 0.349851 -0.169251 0.921389

 0.174926 -0.174926 0.968918

 -0.000000 -0.176777 0.984251

 -0.174926 -0.174926 0.968918

 -0.349851 -0.169251 0.921389

 -0.524777 -0.159344 0.836193

 0.677003 -0.288675 0.677003

 0.507752 -0.318689 0.800391

 0.338502 -0.338502 0.877971

 0.169251 -0.349851 0.921389

 -0.000000 -0.353553 0.935414

 -0.169251 -0.349851 0.921389

 -0.338502 -0.338502 0.877971

 -0.507752 -0.318689 0.800391

 0.637377 -0.433013 0.637377

 0.478033 -0.478033 0.736864

 0.318689 -0.507752 0.800391

 0.159344 -0.524777 0.836193

 -0.000000 -0.530330 0.847791

 -0.159344 -0.524777 0.836193

 -0.318689 -0.507752 0.800391

 -0.478033 -0.478033 0.736864

 -0.577350 0.577350 0.577350

 -0.637377 0.637377 0.433013

 -0.677003 0.677003 0.288675

 -0.699702 0.699702 0.144338

 -0.707107 0.707107 -0.000000

 -0.699702 0.699702 -0.144338

 -0.677003 0.677003 -0.288675

 -0.637377 0.637377 -0.433013

 -0.637377 0.433013 0.637377

 -0.736864 0.478033 0.478033

 -0.800391 0.507752 0.318689

 -0.836193 0.524777 0.159344

 -0.847791 0.530330 -0.000000

 -0.836193 0.524777 -0.159344

 -0.800391 0.507752 -0.318689

 -0.736864 0.478033 -0.478033

 -0.677003 0.288675 0.677003

 -0.800391 0.318689 0.507752

 -0.877971 0.338502 0.338502

 -0.921389 0.349851 0.169251

 -0.935414 0.353553 -0.000000

 -0.921389 0.349851 -0.169251

 -0.877971 0.338502 -0.338502

 -0.800391 0.318689 -0.507752

 -0.699702 0.144338 0.699702

 -0.836193 0.159344 0.524777

 -0.921389 0.169251 0.349851

 -0.968918 0.174926 0.174926

 -0.984251 0.176777 -0.000000

 -0.968918 0.174926 -0.174926

 -0.921389 0.169251 -0.349851

 -0.836193 0.159344 -0.524777

 -0.707107 -0.000000 0.707107

 -0.847791 -0.000000 0.530330

 -0.935414 -0.000000 0.353553

 -0.984251 -0.000000 0.176777

 -1.000000 -0.000000 -0.000000

 -0.984251 -0.000000 -0.176777

 -0.935414 -0.000000 -0.353553

 -0.847791 -0.000000 -0.530330

 -0.699702 -0.144338 0.699702

 -0.836193 -0.159344 0.524777

 -0.921389 -0.169251 0.349851

 -0.968918 -0.174926 0.174926

 -0.984251 -0.176777 -0.000000

 -0.968918 -0.174926 -0.174926

 -0.921389 -0.169251 -0.349851

 -0.836193 -0.159344 -0.524777

 -0.677003 -0.288675 0.677003

 -0.800391 -0.318689 0.507752

 -0.877971 -0.338502 0.338502

 -0.921389 -0.349851 0.169251

 -0.935414 -0.353553 -0.000000

 -0.921389 -0.349851 -0.169251

 -0.877971 -0.338502 -0.338502

 -0.800391 -0.318689 -0.507752

 -0.637377 -0.433013 0.637377

 -0.736864 -0.478033 0.478033

 -0.800391 -0.507752 0.318689

 -0.836193 -0.524777 0.159344

 -0.847791 -0.530330 -0.000000

 -0.836193 -0.524777 -0.159344

 -0.800391 -0.507752 -0.318689

 -0.736864 -0.478033 -0.478033

 -0.577350 0.577350 -0.577350

 -0.433013 0.637377 -0.637377

 -0.288675 0.677003 -0.677003

 -0.144338 0.699702 -0.699702

 0.000000 0.707107 -0.707107

 0.144338 0.699702 -0.699702

 0.288675 0.677003 -0.677003

 0.433013 0.637377 -0.637377

 -0.637377 0.433013 -0.637377

 -0.478033 0.478033 -0.736864

 -0.318689 0.507752 -0.800391

 -0.159344 0.524777 -0.836193

 0.000000 0.530330 -0.847791

 0.159344 0.524777 -0.836193

 0.318689 0.507752 -0.800391

 0.478033 0.478033 -0.736864

 -0.677003 0.288675 -0.677003

 -0.507752 0.318689 -0.800391

 -0.338502 0.338502 -0.877971

 -0.169251 0.349851 -0.921389

 0.000000 0.353553 -0.935414

 0.169251 0.349851 -0.921389

 0.338502 0.338502 -0.877971

 0.507752 0.318689 -0.800391

 -0.699702 0.144338 -0.699702

 -0.524777 0.159344 -0.836193

 -0.349851 0.169251 -0.921389

 -0.174926 0.174926 -0.968918

 0.000000 0.176777 -0.984251

 0.174926 0.174926 -0.968918

 0.349851 0.169251 -0.921389

 0.524777 0.159344 -0.836193

 -0.707107 -0.000000 -0.707107

 -0.530330 -0.000000 -0.847791

 -0.353553 -0.000000 -0.935414

 -0.176777 -0.000000 -0.984251

 0.000000 -0.000000 -1.000000

 0.176777 -0.000000 -0.984251

 0.353553 -0.000000 -0.935414

 0.530330 -0.000000 -0.847791

 -0.699702 -0.144338 -0.699702

 -0.524777 -0.159344 -0.836193

 -0.349851 -0.169251 -0.921389

 -0.174926 -0.174926 -0.968918

 0.000000 -0.176777 -0.984251

 0.174926 -0.174926 -0.968918

 0.349851 -0.169251 -0.921389

 0.524777 -0.159344 -0.836193

 -0.677003 -0.288675 -0.677003

 -0.507752 -0.318689 -0.800391

 -0.338502 -0.338502 -0.877971

 -0.169251 -0.349851 -0.921389

 0.000000 -0.353553 -0.935414

 0.169251 -0.349851 -0.921389

 0.338502 -0.338502 -0.877971

 0.507752 -0.318689 -0.800391

 -0.637377 -0.433013 -0.637377

 -0.478033 -0.478033 -0.736864

 -0.318689 -0.507752 -0.800391

 -0.159344 -0.524777 -0.836193

 0.000000 -0.530330 -0.847791

 0.159344 -0.524777 -0.836193

 0.318689 -0.507752 -0.800391

 0.478033 -0.478033 -0.736864

 0.577350 0.577350 -0.577350

 0.637377 0.637377 -0.433013

 0.677003 0.677003 -0.288675

 0.699702 0.699702 -0.144338

 0.707107 0.707107 0.000000

 0.699702 0.699702 0.144338

 0.677003 0.677003 0.288675

 0.637377 0.637377 0.433013

 0.637377 0.433013 -0.637377

 0.736864 0.478033 -0.478033

 0.800391 0.507752 -0.318689

 0.836193 0.524777 -0.159344

 0.847791 0.530330 0.000000

 0.836193 0.524777 0.159344

 0.800391 0.507752 0.318689

 0.736864 0.478033 0.478033

 0.677003 0.288675 -0.677003

 0.800391 0.318689 -0.507752

 0.877971 0.338502 -0.338502

 0.921389 0.349851 -0.169251

 0.935414 0.353553 0.000000

 0.921389 0.349851 0.169251

 0.877971 0.338502 0.338502

 0.800391 0.318689 0.507752

 0.699702 0.144338 -0.699702

 0.836193 0.159344 -0.524777

 0.921389 0.169251 -0.349851

 0.968918 0.174926 -0.174926

 0.984251 0.176777 0.000000

 0.968918 0.174926 0.174926

 0.921389 0.169251 0.349851

 0.836193 0.159344 0.524777

 0.707107 -0.000000 -0.707107

 0.847791 -0.000000 -0.530330

 0.935414 -0.000000 -0.353553

 0.984251 -0.000000 -0.176777

 1.000000 -0.000000 0.000000

 0.984251 -0.000000 0.176777

 0.935414 -0.000000 0.353553

 0.847791 -0.000000 0.530330

 0.699702 -0.144338 -0.699702

 0.836193 -0.159344 -0.524777

 0.921389 -0.169251 -0.349851

 0.968918 -0.174926 -0.174926

 0.984251 -0.176777 0.000000

 0.968918 -0.174926 0.174926

 0.921389 -0.169251 0.349851

 0.836193 -0.159344 0.524777

 0.677003 -0.288675 -0.677003

 0.800391 -0.318689 -0.507752

 0.877971 -0.338502 -0.338502

 0.921389 -0.349851 -0.169251

 0.935414 -0.353553 0.000000

 0.921389 -0.349851 0.169251

 0.877971 -0.338502 0.338502

 0.800391 -0.318689 0.507752

 0.637377 -0.433013 -0.637377

 0.736864 -0.478033 -0.478033

 0.800391 -0.507752 -0.318689

 0.836193 -0.524777 -0.159344

 0.847791 -0.530330 0.000000

 0.836193 -0.524777 0.159344

 0.800391 -0.507752 0.318689

 0.736864 -0.478033 0.478033

 0.478033 0.736864 -0.478033

 0.318689 0.800391 -0.507752

 0.159344 0.836193 -0.524777

 -0.000000 0.847791 -0.530330

 -0.159344 0.836193 -0.524777

 -0.318689 0.800391 -0.507752

 -0.478033 0.736864 -0.478033

 0.507752 0.800391 -0.318689

 0.338502 0.877971 -0.338502

 0.169251 0.921389 -0.349851

 -0.000000 0.935414 -0.353553

 -0.169251 0.921389 -0.349851

 -0.338502 0.877971 -0.338502

 -0.507752 0.800391 -0.318689

 0.524777 0.836193 -0.159344

 0.349851 0.921389 -0.169251

 0.174926 0.968918 -0.174926

 -0.000000 0.984251 -0.176777

 -0.174926 0.968918 -0.174926

 -0.349851 0.921389 -0.169251

 -0.524777 0.836193 -0.159344

 0.530330 0.847791 0.000000

 0.353553 0.935414 0.000000

 0.176777 0.984251 0.000000

 -0.000000 1.000000 0.000000

 -0.176777 0.984251 0.000000

 -0.353553 0.935414 0.000000

 -0.530330 0.847791 0.000000

 0.524777 0.836193 0.159344

 0.349851 0.921389 0.169251

 0.174926 0.968918 0.174926

 -0.000000 0.984251 0.176777

 -0.174926 0.968918 0.174926

 -0.349851 0.921389 0.169251

 -0.524777 0.836193 0.159344

 0.507752 0.800391 0.318689

 0.338502 0.877971 0.338502

 0.169251 0.921389 0.349851

 -0.000000 0.935414 0.353553

 -0.169251 0.921389 0.349851

 -0.338502 0.877971 0.338502

 -0.507752 0.800391 0.318689

 0.478033 0.736864 0.478033

 0.318689 0.800391 0.507752

 0.159344 0.836193 0.524777

 -0.000000 0.847791 0.530330

 -0.159344 0.836193 0.524777

 -0.318689 0.800391 0.507752

 -0.478033 0.736864 0.478033

 0.577350 -0.577350 0.577350

 0.433013 -0.637377 0.637377

 0.288675 -0.677003 0.677003

 0.144338 -0.699702 0.699702

 -0.000000 -0.707107 0.707107

 -0.144338 -0.699702 0.699702

 -0.288675 -0.677003 0.677003

 -0.433013 -0.637377 0.637377

 -0.577350 -0.577350 0.577350

 0.637377 -0.637377 0.433013

 0.478033 -0.736864 0.478033

 0.318689 -0.800391 0.507752

 0.159344 -0.836193 0.524777

 -0.000000 -0.847791 0.530330

 -0.159344 -0.836193 0.524777

 -0.318689 -0.800391 0.507752

 -0.478033 -0.736864 0.478033

 -0.637377 -0.637377 0.433013

 0.677003 -0.677003 0.288675

 0.507752 -0.800391 0.318689

 0.338502 -0.877971 0.338502

 0.169251 -0.921389 0.349851

 -0.000000 -0.935414 0.353553

 -0.169251 -0.921389 0.349851

 -0.338502 -0.877971 0.338502

 -0.507752 -0.800391 0.318689

 -0.677003 -0.677003 0.288675

 0.699702 -0.699702 0.144338

 0.524777 -0.836193 0.159344

 0.349851 -0.921389 0.169251

 0.174926 -0.968918 0.174926

 -0.000000 -0.984251 0.176777

 -0.174926 -0.968918 0.174926

 -0.349851 -0.921389 0.169251

 -0.524777 -0.836193 0.159344

 -0.699702 -0.699702 0.144338

 0.707107 -0.707107 -0.000000

 0.530330 -0.847791 -0.000000

 0.353553 -0.935414 -0.000000

 0.176777 -0.984251 -0.000000

 -0.000000 -1.000000 -0.000000

 -0.176777 -0.984251 -0.000000

 -0.353553 -0.935414 -0.000000

 -0.530330 -0.847791 -0.000000

 -0.707107 -0.707107 -0.000000

 0.699702 -0.699702 -0.144338

 0.524777 -0.836193 -0.159344

 0.349851 -0.921389 -0.169251

 0.174926 -0.968918 -0.174926

 -0.000000 -0.984251 -0.176777

 -0.174926 -0.968918 -0.174926

 -0.349851 -0.921389 -0.169251

 -0.524777 -0.836193 -0.159344

 -0.699702 -0.699702 -0.144338

 0.677003 -0.677003 -0.288675

 0.507752 -0.800391 -0.318689

 0.338502 -0.877971 -0.338502

 0.169251 -0.921389 -0.349851

 -0.000000 -0.935414 -0.353553

 -0.169251 -0.921389 -0.349851

 -0.338502 -0.877971 -0.338502

 -0.507752 -0.800391 -0.318689

 -0.677003 -0.677003 -0.288675

 0.637377 -0.637377 -0.433013

 0.478033 -0.736864 -0.478033

 0.318689 -0.800391 -0.507752

 0.159344 -0.836193 -0.524777

 -0.000000 -0.847791 -0.530330

 -0.159344 -0.836193 -0.524777

 -0.318689 -0.800391 -0.507752

 -0.478033 -0.736864 -0.478033

 -0.637377 -0.637377 -0.433013

 0.577350 -0.577350 -0.577350

 0.433013 -0.637377 -0.637377

 0.288675 -0.677003 -0.677003

 0.144338 -0.699702 -0.699702

 -0.000000 -0.707107 -0.707107

 -0.144338 -0.699702 -0.699702

 -0.288675 -0.677003 -0.677003

 -0.433013 -0.637377 -0.637377

 -0.577350 -0.577350 -0.577350

tris:

 0 1 9

 0 9 8

 1 2 10

 1 10 9

 2 3 11

 2 11 10

 3 4 12

 3 12 11

 4 5 13

 4 13 12

 5 6 14

 5 14 13

 6 7 15

 6 15 14

 7 64 72

 7 72 15

 8 9 17

 8 17 16

 9 10 18

 9 18 17

 10 11 19

 10 19 18

 11 12 20

 11 20 19

 12 13 21

 12 21 20

 13 14 22

 13 22 21

 14 15 23

 14 23 22

 15 72 80

 15 80 23

 16 17 25

 16 25 24

 17 18 26

 17 26 25

 18 19 27

 18 27 26

 19 20 28

 19 28 27

 20 21 29

 20 29 28

 21 22 30

 21 30 29

 22 23 31

 22 31 30

 23 80 88

 23 88 31

 24 25 33

 24 33 32

 25 26 34

 25 34 33

 26 27 35

 26 35 34

 27 28 36

 27 36 35

 28 29 37

 28 37 36

 29 30 38

 29 38 37

 30 31 39

 30 39 38

 31 88 96

 31 96 39

 32 33 41

 32 41 40

 33 34 42

 33 42 41

 34 35 43

 34 43 42

 35 36 44

 35 44 43

 36 37 45

 36 45 44

 37 38 46

 37 46 45

 38 39 47

 38 47 46

 39 96 104

 39 104 47

 40 41 49

 40 49 48

 41 42 50

 41 50 49

 42 43 51

 42 51 50

 43 44 52

 43 52 51

 44 45 53

 44 53 52

 45 46 54

 45 54 53

 46 47 55

 46 55 54

 47 104 112

 47 112 55

 48 49 57

 48 57 56

 49 50 58

 49 58 57

 50 51 59

 50 59 58

 51 52 60

 51 60 59

 52 53 61

 52 61 60

 53 54 62

 53 62 61

 54 55 63

 54 63 62

 55 112 120

 55 120 63

 56 57 306

 56 306 305

 57 58 307

 57 307 306

 58 59 308

 58 308 307

 59 60 309

 59 309 308

 60 61 310

 60 310 309

 61 62 311

 61 311 310

 62 63 312

 62 312 311

 63 120 313

 63 313 312

 64 65 73

 64 73 72

 65 66 74

 65 74 73

 66 67 75

 66 75 74

 67 68 76

 67 76 75

 68 69 77

 68 77 76

 69 70 78

 69 78 77

 70 71 79

 70 79 78

 71 128 136

 71 136 79

 72 73 81

 72 81 80

 73 74 82

 73 82 81

 74 75 83

 74 83 82

 75 76 84

 75 84 83

 76 77 85

 76 85 84

 77 78 86

 77 86 85

 78 79 87

 78 87 86

 79 136 144

 79 144 87

 80 81 89

 80 89 88

 81 82 90

 81 90 89

 82 83 91

 82 91 90

 83 84 92

 83 92 91

 84 85 93

 84 93 92

 85 86 94

 85 94 93

 86 87 95

 86 95 94

 87 144 152

 87 152 95

 88 89 97

 88 97 96

 89 90 98

 89 98 97

 90 91 99

 90 99 98

 91 92 100

 91 100 99

 92 93 101

 92 101 100

 93 94 102

 93 102 101

 94 95 103

 94 103 102

 95 152 160

 95 160 103

 96 97 105

 96 105 104

 97 98 106

 97 106 105

 98 99 107

 98 107 106

 99 100 108

 99 108 107

 100 101 109

 100 109 108

 101 102 110

 101 110 109

 102 103 111

 102 111 110

 103 160 168

 103 168 111

 104 105 113

 104 113 112

 105 106 114

 105 114 113

 106 107 115

 106 115 114

 107 108 116

 107 116 115

 108 109 117

 108 117 116

 109 110 118

 109 118 117

 110 111 119

 110 119 118

 111 168 176

 111 176 119

 112 113 121

 112 121 120

 113 114 122

 113 122 121

 114 115 123

 114 123 122

 115 116 124

 115 124 123

 116 117 125

 116 125 124

 117 118 126

 117 126 125

 118 119 127

 118 127 126

 119 176 184

 119 184 127

 120 121 322

 120 322 313

 121 122 331

 121 331 322

 122 123 340

 122 340 331

 123 124 349

 123 349 340

 124 125 358

 124 358 349

 125 126 367

 125 367 358

 126 127 376

 126 376 367

 127 184 385

 127 385 376

 128 129 137

 128 137 136

 129 130 138

 129 138 137

 130 131 139

 130 139 138

 131 132 140

 131 140 139

 132 133 141

 132 141 140

 133 134 142

 133 142 141

 134 135 143

 134 143 142

 135 192 200

 135 200 143

 136 137 145

 136 145 144

 137 138 146

 137 146 145

 138 139 147

 138 147 146

 139 140 148

 139 148 147

 140 141 149

 140 149 148

 141 142 150

 141 150 149

 142 143 151

 142 151 150

 143 200 208

 143 208 151

 144 145 153

 144 153 152

 145 146 154

 145 154 153

 146 147 155

 146 155 154

 147 148 156

 147 156 155

 148 149 157

 148 157 156

 149 150 158

 149 158 157

 150 151 159

 150 159 158

 151 208 216

 151 216 159

 152 153 161

 152 161 160

 153 154 162

 153 162 161

 154 155 163

 154 163 162

 155 156 164

 155 164 163

 156 157 165

 156 165 164

 157 158 166

 157 166 165

 158 159 167

 158 167 166

 159 216 224

 159 224 167

 160 161 169

 160 169 168

 161 162 170

 161 170 169

 162 163 171

 162 171 170

 163 164 172

 163 172 171

 164 165 173

 164 173 172

 165 166 174

 165 174 173

 166 167 175

 166 175 174

 167 224 232

 167 232 175

 168 169 177

 168 177 176

 169 170 178

 169 178 177

 170 171 179

 170 179 178

 171 172 180

 171 180 179

 172 173 181

 172 181 180

 173 174 182

 173 182 181

 174 175 183

 174 183 182

 175 232 240

 175 240 183

 176 177 185

 176 185 184

 177 178 186

 177 186 185

 178 179 187

 178 187 186

 179 180 188

 179 188 187

 180 181 189

 180 189 188

 181 182 190

 181 190 189

 182 183 191

 182 191 190

 183 240 248

 183 248 191

 184 185 384

 184 384 385

 185 186 383

 185 383 384

 186 187 382

 186 382 383

 187 188 381

 187 381 382

 188 189 380

 188 380 381

 189 190 379

 189 379 380

 190 191 378

 190 378 379

 191 248 377

 191 377 378

 192 193 201

 192 201 200

 193 194 202

 193 202 201

 194 195 203

 194 203 202

 195 196 204

 195 204 203

 196 197 205

 196 205 204

 197 198 206

 197 206 205

 198 199 207

 198 207 206

 199 0 8

 199 8 207

 200 201 209

 200 209 208

 201 202 210

 201 210 209

 202 203 211

 202 211 210

 203 204 212

 203 212 211

 204 205 213

 204 213 212

 205 206 214

 205 214 213

 206 207 215

 206 215 214

 207 8 16

 207 16 215

 208 209 217

 208 217 216

 209 210 218

 209 218 217

 210 211 219

 210 219 218

 211 212 220

 211 220 219

 212 213 221

 212 221 220

 213 214 222

 213 222 221

 214 215 223

 214 223 222

 215 16 24

 215 24 223

 216 217 225

 216 225 224

 217 218 226

 217 226 225

 218 219 227

 218 227 226

 219 220 228

 219 228 227

 220 221 229

 220 229 228

 221 222 230

 221 230 229

 222 223 231

 222 231 230

 223 24 32

 223 32 231

 224 225 233

 224 233 232

 225 226 234

 225 234 233

 226 227 235

 226 235 234

 227 228 236

 227 236 235

 228 229 237

 228 237 236

 229 230 238

 229 238 237

 230 231 239

 230 239 238

 231 32 40

 231 40 239

 232 233 241

 232 241 240

 233 234 242

 233 242 241

 234 235 243

 234 243 242

 235 236 244

 235 244 243

 236 237 245

 236 245 244

 237 238 246

 237 246 245

 238 239 247

 238 247 246

 239 40 48

 239 48 247

 240 241 249

 240 249 248

 241 242 250

 241 250 249

 242 243 251

 242 251 250

 243 244 252

 243 252 251

 244 245 253

 244 253 252

 245 246 254

 245 254 253

 246 247 255

 246 255 254

 247 48 56

 247 56 255

 248 249 368

 248 368 377

 249 250 359

 249 359 368

 250 251 350

 250 350 359

 251 252 341

 251 341 350

 252 253 332

 252 332 341

 253 254 323

 253 323 332

 254 255 314

 254 314 323

 255 56 305

 255 305 314

 192 135 256

 192 256 193

 135 134 257

 135 257 256

 134 133 258

 134 258 257

 133 132 259

 133 259 258

 132 131 260

 132 260 259

 131 130 261

 131 261 260

 130 129 262

 130 262 261

 129 128 71

 129 71 262

 193 256 263

 193 263 194

 256 257 264

 256 264 263

 257 258 265

 257 265 264

 258 259 266

 258 266 265

 259 260 267

 259 267 266

 260 261 268

 260 268 267

 261 262 269

 261 269 268

 262 71 70

 262 70 269

 194 263 270

 194 270 195

 263 264 271

 263 271 270

 264 265 272

 264 272 271

 265 266 273

 265 273 272

 266 267 274

 266 274 273

 267 268 275

 267 275 274

 268 269 276

 268 276 275

 269 70 69

 269 69 276

 195 270 277

 195 277 196

 270 271 278

 270 278 277

 271 272 279

 271 279 278

 272 273 280

 272 280 279

 273 274 281

 273 281 280

 274 275 282

 274 282 281

 275 276 283

 275 283 282

 276 69 68

 276 68 283

 196 277 284

 196 284 197

 277 278 285

 277 285 284

 278 279 286

 278 286 285

 279 280 287

 279 287 286

 280 281 288

 280 288 287

 281 282 289

 281 289 288

 282 283 290

 282 290 289

 283 68 67

 283 67 290

 197 284 291

 197 291 198

 284 285 292

 284 292 291

 285 286 293

 285 293 292

 286 287 294

 286 294 293

 287 288 295

 287 295 294

 288 289 296

 288 296 295

 289 290 297

 289 297 296

 290 67 66

 290 66 297

 198 291 298

 198 298 199

 291 292 299

 291 299 298

 292 293 300

 292 300 299

 293 294 301

 293 301 300

 294 295 302

 294 302 301

 295 296 303

 295 303 302

 296 297 304

 296 304 303

 297 66 65

 297 65 304

 199 298 1

 199 1 0

 298 299 2

 298 2 1

 299 300 3

 299 3 2

 300 301 4

 300 4 3

 301 302 5

 301 5 4

 302 303 6

 302 6 5

 303 304 7

 303 7 6

 304 65 64

 304 64 7

 305 306 315

 305 315 314

 306 307 316

 306 316 315

 307 308 317

 307 317 316

 308 309 318

 308 318 317

 309 310 319

 309 319 318

 310 311 320

 310 320 319

 311 312 321

 311 321 320

 312 313 322

 312 322 321

 314 315 324

 314 324 323

 315 316 325

 315 325 324

 316 317 326

 316 326 325

 317 318 327

 317 327 326

 318 319 328

 318 328 327

 319 320 329

 319 329 328

 320 321 330

 320 330 329

 321 322 331

 321 331 330

 323 324 333

 323 333 332

 324 325 334

 324 334 333

 325 326 335

 325 335 334

 326 327 336

 326 336 335

 327 328 337

 327 337 336

 328 329 338

 328 338 337

 329 330 339

 329 339 338

 330 331 340

 330 340 339

 332 333 342

 332 342 341

 333 334 343

 333 343 342

 334 335 344

 334 344 343

 335 336 345

 335 345 344

 336 337 346

 336 346 345

 337 338 347

 337 347 346

 338 339 348

 338 348 347

 339 340 349

 339 349 348

 341 342 351

 341 351 350

 342 343 352

 342 352 351

 343 344 353

 343 353 352

 344 345 354

 344 354 353

 345 346 355

 345 355 354

 346 347 356

 346 356 355

 347 348 357

 347 357 356

 348 349 358

 348 358 357

 350 351 360

 350 360 359

 351 352 361

 351 361 360

 352 353 362

 352 362 361

 353 354 363

 353 363 362

 354 355 364

 354 364 363

 355 356 365

 355 365 364

 356 357 366

 356 366 365

 357 358 367

 357 367 366

 359 360 369

 359 369 368

 360 361 370

 360 370 369

 361 362 371

 361 371 370

 362 363 372

 362 372 371

 363 364 373

 363 373 372

 364 365 374

 364 374 373

 365 366 375

 365 375 374

 366 367 376

 366 376 375

 368 369 378

 368 378 377

 369 370 379

 369 379 378

 370 371 380

 370 380 379

 371 372 381

 371 381 380

 372 373 382

 372 382 381

 373 374 383

 373 383 382

 374 375 384

 374 384 383

 375 376 385

 375 385 384

vector2s:

uv:

 0 0 0

 0 0 0

 0 0 0

 0 0 0

 0 0 0

 0 0 0

 0 0 0

 0 0 0

 0 0 0

 0 0 0

 0 0 0

 0 0 0

 0 0 0

 0 0 0

 0 0 0

 0 0 0

 0 0 0

 0 0 0

 0 0 0

 0 0 0

 0 0 0

 0 0 0

 0 0 0

 0 0 0

 0 0 0

 0 0 0

 0 0 0

 0 0 0

 0 0 0

 0 0 0

 0 0 0

 0 0 0

 0 0 0

 0 0 0

 0 0 0

 0 0 0

 0 0 0

 0 0 0

 0 0 0

 0 0 0

 0 0 0

 0 0 0

 0 0 0

 0 0 0

 0 0 0

 0 0 0

 0 0 0

 0 0 0

 0 0 0

 0 0 0

 0 0 0

 0 0 0

 0 0 0

 0 0 0

 0 0 0

 0 0 0

 0 0 0

 0 0 0

 0 0 0

 0 0 0

 0 0 0

 0 0 0

 0 0 0

 0 0 0

 0 0 0

 0 0 0

 0 0 0

 0 0 0

 0 0 0

 0 0 0

 0 0 0

 0 0 0

 0 0 0

 0 0 0

 0 0 0

 0 0 0

 0 0 0

 0 0 0

 0 0 0

 0 0 0

 0 0 0

 0 0 0

 0 0 0

 0 0 0

 0 0 0

 0 0 0

 0 0 0

 0 0 0

 0 0 0

 0 0 0

 0 0 0

 0 0 0

 0 0 0

 0 0 0

 0 0 0

 0 0 0

 0 0 0

 0 0 0

 0 0 0

 0 0 0

 0 0 0

 0 0 0

 0 0 0

 0 0 0

 0 0 0

 0 0 0

 0 0 0

 0 0 0

 0 0 0

 0 0 0

 0 0 0

 0 0 0

 0 0 0

 0 0 0

 0 0 0

 0 0 0

 0 0 0

 0 0 0

 0 0 0

 0 0 0

 0 0 0

 0 0 0

 0 0 0

 0 0 0

 0 0 0

 0 0 0

 0 0 0

 0 0 0

 0 0 0

 0 0 0

 0 0 0

 0 0 0

 0 0 0

 0 0 0

 0 0 0

 0 0 0

 0 0 0

 0 0 0

 0 0 0

 0 0 0

 0 0 0

 0 0 0

 0 0 0

 0 0 0

 0 0 0

 0 0 0

 0 0 0

 0 0 0

 0 0 0

 0 0 0

 0 0 0

 0 0 0

 0 0 0

 0 0 0

 0 0 0

 0 0 0

 0 0 0

 0 0 0

 0 0 0

 0 0 0

 0 0 0

 0 0 0

 0 0 0

 0 0 0

 0 0 0

 0 0 0

 0 0 0

 0 0 0

 0 0 0

 0 0 0

 0 0 0

 0 0 0

 0 0 0

 0 0 0

 0 0 0

 0 0 0

 0 0 0

 0 0 0

 0 0 0

 0 0 0

 0 0 0

 0 0 0

 0 0 0

 0 0 0

 0 0 0

 0 0 0

 0 0 0

 0 0 0

 0 0 0

 0 0 0

 0 0 0

 0 0 0

 0 0 0

 0 0 0

 0 0 0

 0 0 0

 0 0 0

 0 0 0

 0 0 0

 0 0 0

 0 0 0

 0 0 0

 0 0 0

 0 0 0

 0 0 0

 0 0 0

 0 0 0

 0 0 0

 0 0 0

 0 0 0

 0 0 0

 0 0 0

 0 0 0

 0 0 0

 0 0 0

 0 0 0

 0 0 0

 0 0 0

 0 0 0

 0 0 0

 0 0 0

 0 0 0

 0 0 0

 0 0 0

 0 0 0

 0 0 0

 0 0 0

 0 0 0

 0 0 0

 0 0 0

 0 0 0

 0 0 0

 0 0 0

 0 0 0

 0 0 0

 0 0 0

 0 0 0

 0 0 0

 0 0 0

 0 0 0

 0 0 0

 0 0 0

 0 0 0

 0 0 0

 0 0 0

 0 0 0

 0 0 0

 0 0 0

 0 0 0

 0 0 0

 0 0 0

 0 0 0

 0 0 0

 0 0 0

 0 0 0

 0 0 0

 0 0 0

 0 0 0

 0 0 0

 0 0 0

 0 0 0

 0 0 0

 0 0 0

 0 0 0

 0 0 0

 0 0 0

 0 0 0

 0 0 0

 0 0 0

 0 0 0

 0 0 0

 0 0 0

 0 0 0

 0 0 0

 0 0 0

 0 0 0

 0 0 0

 0 0 0

 0 0 0

 0 0 0

 0 0 0

 0 0 0

 0 0 0

 0 0 0

 0 0 0

 0 0 0

 0 0 0

 0 0 0

 0 0 0

 0 0 0

 0 0 0

 0 0 0

 0 0 0

 0 0 0

 0 0 0

 0 0 0

 0 0 0

 0 0 0

 0 0 0

 0 0 0

 0 0 0

 0 0 0

 0 0 0

 0 0 0

 0 0 0

 0 0 0

 0 0 0

 0 0 0

 0 0 0

 0 0 0

 0 0 0

 0 0 0

 0 0 0

 0 0 0

 0 0 0

 0 0 0

 0 0 0

 0 0 0

 0 0 0

 0 0 0

 0 0 0

 0 0 0

 0 0 0

 0 0 0

 0 0 0

 0 0 0

 0 0 0

 0 0 0

 0 0 0

 0 0 0

 0 0 0

 0 0 0

 0 0 0

 0 0 0

 0 0 0

 0 0 0

 0 0 0

 0 0 0

 0 0 0

 0 0 0

 0 0 0

 0 0 0

 0 0 0

 0 0 0

 0 0 0

 0 0 0

 0 0 0

 0 0 0

 0 0 0

 0 0 0

 0 0 0

 0 0 0

 0 0 0

 0 0 0

 0 0 0

 0 0 0

 0 0 0

 0 0 0

 0 0 0

 0 0 0

 0 0 0

 0 0 0

 0 0 0

 0 0 0

 0 0 0

 0 0 0

 0 0 0

 0 0 0

 0 0 0

 0 0 0

 0 0 0

 0 0 0

 0 0 0

 0 0 0

 0 0 0

 0 0 0

 0 0 0

 0 0 0

 0 0 0

 0 0 0

 0 0 0

 0 0 0

 0 0 0

 0 0 0

 0 0 0

 0 0 0

 0 0 0

 0 0 0

 0 0 0

 0 0 0

 0 0 0

 0 0 0

 0 0 0

 0 0 0

 0 0 0

 0 0 0

 0 0 0

 0 0 0

 0 0 0

 0 0 0

 0 0 0

 0 0 0

 0 0 0

 0 0 0

 0 0 0

 0 0 0

 0 0 0

 0 0 0

 0 0 0

 0 0 0

 0 0 0

 0 0 0

 0 0 0

 0 0 0

 0 0 0

 0 0 0

 0 0 0

 0 0 0

 0 0 0

 0 0 0

 0 0 0

 0 0 0

 0 0 0

 0 0 0

 0 0 0

 0 0 0

 0 0 0

 0 0 0

 0 0 0

 0 0 0

 0 0 0

 0 0 0

 0 0 0

 0 0 0

 0 0 0

 0 0 0

 0 0 0

 0 0 0

 0 0 0

 0 0 0

 0 0 0

 0 0 0

 0 0 0

 0 0 0

 0 0 0

 0 0 0

 0 0 0

 0 0 0

 0 0 0

 0 0 0

 0 0 0

 0 0 0

 0 0 0

 0 0 0

 0 0 0

 0 0 0

 0 0 0

 0 0 0

 0 0 0

 0 0 0

 0 0 0

 0 0 0

 0 0 0

 0 0 0

 0 0 0

 0 0 0

 0 0 0

 0 0 0

 0 0 0

 0 0 0

 0 0 0

 0 0 0

 0 0 0

 0 0 0

 0 0 0

 0 0 0

 0 0 0

 0 0 0

 0 0 0

 0 0 0

 0 0 0

 0 0 0

 0 0 0

 0 0 0

 0 0 0

 0 0 0

 0 0 0

 0 0 0

 0 0 0

 0 0 0

 0 0 0

 0 0 0

 0 0 0

 0 0 0

 0 0 0

 0 0 0

 0 0 0

 0 0 0

 0 0 0

 0 0 0

 0 0 0

 0 0 0

 0 0 0

 0 0 0

 0 0 0

 0 0 0

 0 0 0

 0 0 0

 0 0 0

 0 0 0

 0 0 0

 0 0 0

 0 0 0

 0 0 0

 0 0 0

 0 0 0

 0 0 0

 0 0 0

 0 0 0

 0 0 0

 0 0 0

 0 0 0

 0 0 0

 0 0 0

 0 0 0

 0 0 0

 0 0 0

 0 0 0

 0 0 0

 0 0 0

 0 0 0

 0 0 0

 0 0 0

 0 0 0

 0 0 0

 0 0 0

 0 0 0

 0 0 0

 0 0 0

 0 0 0

 0 0 0

 0 0 0

 0 0 0

 0 0 0

 0 0 0

 0 0 0

 0 0 0

 0 0 0

 0 0 0

 0 0 0

 0 0 0

 0 0 0

 0 0 0

 0 0 0

 0 0 0

 0 0 0

 0 0 0

 0 0 0

 0 0 0

 0 0 0

 0 0 0

 0 0 0

 0 0 0

 0 0 0

 0 0 0

 0 0 0

 0 0 0

 0 0 0

 0 0 0

 0 0 0

 0 0 0

 0 0 0

 0 0 0

 0 0 0

 0 0 0

 0 0 0

 0 0 0

 0 0 0

 0 0 0

 0 0 0

 0 0 0

 0 0 0

 0 0 0

 0 0 0

 0 0 0

 0 0 0

 0 0 0

 0 0 0

 0 0 0

 0 0 0

 0 0 0

 0 0 0

 0 0 0

 0 0 0

 0 0 0

 0 0 0

 0 0 0

 0 0 0

 0 0 0

 0 0 0

 0 0 0

 0 0 0

 0 0 0

 0 0 0

 0 0 0

 0 0 0

 0 0 0

 0 0 0

 0 0 0

 0 0 0

 0 0 0

 0 0 0

 0 0 0

 0 0 0

 0 0 0

 0 0 0

 0 0 0

 0 0 0

 0 0 0

 0 0 0

 0 0 0

 0 0 0

 0 0 0

 0 0 0

 0 0 0

 0 0 0

 0 0 0

 0 0 0

 0 0 0

 0 0 0

 0 0 0

 0 0 0

 0 0 0

 0 0 0

 0 0 0

 0 0 0

 0 0 0

 0 0 0

 0 0 0

 0 0 0

 0 0 0

 0 0 0

 0 0 0

 0 0 0

 0 0 0

 0 0 0

 0 0 0

 0 0 0

 0 0 0

 0 0 0

 0 0 0

 0 0 0

 0 0 0

 0 0 0

 0 0 0

 0 0 0

 0 0 0

 0 0 0

 0 0 0

 0 0 0

 0 0 0

 0 0 0

 0 0 0

 0 0 0

 0 0 0

 0 0 0

 0 0 0

 0 0 0

 0 0 0

 0 0 0

 0 0 0

 0 0 0

 0 0 0

 0 0 0

 0 0 0

 0 0 0

 0 0 0

 0 0 0

 0 0 0

 0 0 0

 0 0 0

 0 0 0

 0 0 0

 0 0 0

 0 0 0

 0 0 0

 0 0 0

 0 0 0

 0 0 0

 0 0 0

 0 0 0

 0 0 0

 0 0 0

 0 0 0

 0 0 0

 0 0 0

 0 0 0

 0 0 0

 0 0 0

 0 0 0

 0 0 0

 0 0 0

 0 0 0

 0 0 0

 0 0 0

 0 0 0

 0 0 0

 0 0 0

 0 0 0

 0 0 0

 0 0 0

 0 0 0

 0 0 0

 0 0 0

 0 0 0

 0 0 0

 0 0 0

 0 0 0

 0 0 0

 0 0 0

 0 0 0

 0 0 0

 0 0 0

 0 0 0

 0 0 0

 0 0 0

 0 0 0

 0 0 0

 0 0 0

 0 0 0

 0 0 0

 0 0 0

 0 0 0

 0 0 0

 0 0 0

 0 0 0

 0 0 0

 0 0 0

 0 0 0

 0 0 0

 0 0 0

 0 0 0

 0 0 0

 0 0 0

 0 0 0

 0 0 0

 0 0 0

 0 0 0

 0 0 0

 0 0 0

 0 0 0

 0 0 0

 0 0 0

 0 0 0

 0 0 0

 0 0 0

 0 0 0

 0 0 0

 0 0 0

 0 0 0

 0 0 0

 0 0 0

 0 0 0

 0 0 0

 0 0 0

 0 0 0

 0 0 0

 0 0 0

palette:

 255 255 255 255

color:

 0 0 0

 0 0 0

 0 0 0

 0 0 0

 0 0 0

 0 0 0

 0 0 0

 0 0 0

 0 0 0

 0 0 0

 0 0 0

 0 0 0

 0 0 0

 0 0 0

 0 0 0

 0 0 0

 0 0 0

 0 0 0

 0 0 0

 0 0 0

 0 0 0

 0 0 0

 0 0 0

 0 0 0

 0 0 0

 0 0 0

 0 0 0

 0 0 0

 0 0 0

 0 0 0

 0 0 0

 0 0 0

 0 0 0

 0 0 0

 0 0 0

 0 0 0

 0 0 0

 0 0 0

 0 0 0

 0 0 0

 0 0 0

 0 0 0

 0 0 0

 0 0 0

 0 0 0

 0 0 0

 0 0 0

 0 0 0

 0 0 0

 0 0 0

 0 0 0

 0 0 0

 0 0 0

 0 0 0

 0 0 0

 0 0 0

 0 0 0

 0 0 0

 0 0 0

 0 0 0

 0 0 0

 0 0 0

 0 0 0

 0 0 0

 0 0 0

 0 0 0

 0 0 0

 0 0 0

 0 0 0

 0 0 0

 0 0 0

 0 0 0

 0 0 0

 0 0 0

 0 0 0

 0 0 0

 0 0 0

 0 0 0

 0 0 0

 0 0 0

 0 0 0

 0 0 0

 0 0 0

 0 0 0

 0 0 0

 0 0 0

 0 0 0

 0 0 0

 0 0 0

 0 0 0

 0 0 0

 0 0 0

 0 0 0

 0 0 0

 0 0 0

 0 0 0

 0 0 0

 0 0 0

 0 0 0

 0 0 0

 0 0 0

 0 0 0

 0 0 0

 0 0 0

 0 0 0

 0 0 0

 0 0 0

 0 0 0

 0 0 0

 0 0 0

 0 0 0

 0 0 0

 0 0 0

 0 0 0

 0 0 0

 0 0 0

 0 0 0

 0 0 0

 0 0 0

 0 0 0

 0 0 0

 0 0 0

 0 0 0

 0 0 0

 0 0 0

 0 0 0

 0 0 0

 0 0 0

 0 0 0

 0 0 0

 0 0 0

 0 0 0

 0 0 0

 0 0 0

 0 0 0

 0 0 0

 0 0 0

 0 0 0

 0 0 0

 0 0 0

 0 0 0

 0 0 0

 0 0 0

 0 0 0

 0 0 0

 0 0 0

 0 0 0

 0 0 0

 0 0 0

 0 0 0

 0 0 0

 0 0 0

 0 0 0

 0 0 0

 0 0 0

 0 0 0

 0 0 0

 0 0 0

 0 0 0

 0 0 0

 0 0 0

 0 0 0

 0 0 0

 0 0 0

 0 0 0

 0 0 0

 0 0 0

 0 0 0

 0 0 0

 0 0 0

 0 0 0

 0 0 0

 0 0 0

 0 0 0

 0 0 0

 0 0 0

 0 0 0

 0 0 0

 0 0 0

 0 0 0

 0 0 0

 0 0 0

 0 0 0

 0 0 0

 0 0 0

 0 0 0

 0 0 0

 0 0 0

 0 0 0

 0 0 0

 0 0 0

 0 0 0

 0 0 0

 0 0 0

 0 0 0

 0 0 0

 0 0 0

 0 0 0

 0 0 0

 0 0 0

 0 0 0

 0 0 0

 0 0 0

 0 0 0

 0 0 0

 0 0 0

 0 0 0

 0 0 0

 0 0 0

 0 0 0

 0 0 0

 0 0 0

 0 0 0

 0 0 0

 0 0 0

 0 0 0

 0 0 0

 0 0 0

 0 0 0

 0 0 0

 0 0 0

 0 0 0

 0 0 0

 0 0 0

 0 0 0

 0 0 0

 0 0 0

 0 0 0

 0 0 0

 0 0 0

 0 0 0

 0 0 0

 0 0 0

 0 0 0

 0 0 0

 0 0 0

 0 0 0

 0 0 0

 0 0 0

 0 0 0

 0 0 0

 0 0 0

 0 0 0

 0 0 0

 0 0 0

 0 0 0

 0 0 0

 0 0 0

 0 0 0

 0 0 0

 0 0 0

 0 0 0

 0 0 0

 0 0 0

 0 0 0

 0 0 0

 0 0 0

 0 0 0

 0 0 0

 0 0 0

 0 0 0

 0 0 0

 0 0 0

 0 0 0

 0 0 0

 0 0 0

 0 0 0

 0 0 0

 0 0 0

 0 0 0

 0 0 0

 0 0 0

 0 0 0

 0 0 0

 0 0 0

 0 0 0

 0 0 0

 0 0 0

 0 0 0

 0 0 0

 0 0 0

 0 0 0

 0 0 0

 0 0 0

 0 0 0

 0 0 0

 0 0 0

 0 0 0

 0 0 0

 0 0 0

 0 0 0

 0 0 0

 0 0 0

 0 0 0

 0 0 0

 0 0 0

 0 0 0

 0 0 0

 0 0 0

 0 0 0

 0 0 0

 0 0 0

 0 0 0

 0 0 0

 0 0 0

 0 0 0

 0 0 0

 0 0 0

 0 0 0

 0 0 0

 0 0 0

 0 0 0

 0 0 0

 0 0 0

 0 0 0

 0 0 0

 0 0 0

 0 0 0

 0 0 0

 0 0 0

 0 0 0

 0 0 0

 0 0 0

 0 0 0

 0 0 0

 0 0 0

 0 0 0

 0 0 0

 0 0 0

 0 0 0

 0 0 0

 0 0 0

 0 0 0

 0 0 0

 0 0 0

 0 0 0

 0 0 0

 0 0 0

 0 0 0

 0 0 0

 0 0 0

 0 0 0

 0 0 0

 0 0 0

 0 0 0

 0 0 0

 0 0 0

 0 0 0

 0 0 0

 0 0 0

 0 0 0

 0 0 0

 0 0 0

 0 0 0

 0 0 0

 0 0 0

 0 0 0

 0 0 0

 0 0 0

 0 0 0

 0 0 0

 0 0 0

 0 0 0

 0 0 0

 0 0 0

 0 0 0

 0 0 0

 0 0 0

 0 0 0

 0 0 0

 0 0 0

 0 0 0

 0 0 0

 0 0 0

 0 0 0

 0 0 0

 0 0 0

 0 0 0

 0 0 0

 0 0 0

 0 0 0

 0 0 0

 0 0 0

 0 0 0

 0 0 0

 0 0 0

 0 0 0

 0 0 0

 0 0 0

 0 0 0

 0 0 0

 0 0 0

 0 0 0

 0 0 0

 0 0 0

 0 0 0

 0 0 0

 0 0 0

 0 0 0

 0 0 0

 0 0 0

 0 0 0

 0 0 0

 0 0 0

 0 0 0

 0 0 0

 0 0 0

 0 0 0

 0 0 0

 0 0 0

 0 0 0

 0 0 0

 0 0 0

 0 0 0

 0 0 0

 0 0 0

 0 0 0

 0 0 0

 0 0 0

 0 0 0

 0 0 0

 0 0 0

 0 0 0

 0 0 0

 0 0 0

 0 0 0

 0 0 0

 0 0 0

 0 0 0

 0 0 0

 0 0 0

 0 0 0

 0 0 0

 0 0 0

 0 0 0

 0 0 0

 0 0 0

 0 0 0

 0 0 0

 0 0 0

 0 0 0

 0 0 0

 0 0 0

 0 0 0

 0 0 0

 0 0 0

 0 0 0

 0 0 0

 0 0 0

 0 0 0

 0 0 0

 0 0 0

 0 0 0

 0 0 0

 0 0 0

 0 0 0

 0 0 0

 0 0 0

 0 0 0

 0 0 0

 0 0 0

 0 0 0

 0 0 0

 0 0 0

 0 0 0

 0 0 0

 0 0 0

 0 0 0

 0 0 0

 0 0 0

 0 0 0

 0 0 0

 0 0 0

 0 0 0

 0 0 0

 0 0 0

 0 0 0

 0 0 0

 0 0 0

 0 0 0

 0 0 0

 0 0 0

 0 0 0

 0 0 0

 0 0 0

 0 0 0

 0 0 0

 0 0 0

 0 0 0

 0 0 0

 0 0 0

 0 0 0

 0 0 0

 0 0 0

 0 0 0

 0 0 0

 0 0 0

 0 0 0

 0 0 0

 0 0 0

 0 0 0

 0 0 0

 0 0 0

 0 0 0

 0 0 0

 0 0 0

 0 0 0

 0 0 0

 0 0 0

 0 0 0

 0 0 0

 0 0 0

 0 0 0

 0 0 0

 0 0 0

 0 0 0

 0 0 0

 0 0 0

 0 0 0

 0 0 0

 0 0 0

 0 0 0

 0 0 0

 0 0 0

 0 0 0

 0 0 0

 0 0 0

 0 0 0

 0 0 0

 0 0 0

 0 0 0

 0 0 0

 0 0 0

 0 0 0

 0 0 0

 0 0 0

 0 0 0

 0 0 0

 0 0 0

 0 0 0

 0 0 0

 0 0 0

 0 0 0

 0 0 0

 0 0 0

 0 0 0

 0 0 0

 0 0 0

 0 0 0

 0 0 0

 0 0 0

 0 0 0

 0 0 0

 0 0 0

 0 0 0

 0 0 0

 0 0 0

 0 0 0

 0 0 0

 0 0 0

 0 0 0

 0 0 0

 0 0 0

 0 0 0

 0 0 0

 0 0 0

 0 0 0

 0 0 0

 0 0 0

 0 0 0

 0 0 0

 0 0 0

 0 0 0

 0 0 0

 0 0 0

 0 0 0

 0 0 0

 0 0 0

 0 0 0

 0 0 0

 0 0 0

 0 0 0

 0 0 0

 0 0 0

 0 0 0

 0 0 0

 0 0 0

 0 0 0

 0 0 0

 0 0 0

 0 0 0

 0 0 0

 0 0 0

 0 0 0

 0 0 0

 0 0 0

 0 0 0

 0 0 0

 0 0 0

 0 0 0

 0 0 0

 0 0 0

 0 0 0

 0 0 0

 0 0 0

 0 0 0

 0 0 0

 0 0 0

 0 0 0

 0 0 0

 0 0 0

 0 0 0

 0 0 0

 0 0 0

 0 0 0

 0 0 0

 0 0 0

 0 0 0

 0 0 0

 0 0 0

 0 0 0

 0 0 0

 0 0 0

 0 0 0

 0 0 0

 0 0 0

 0 0 0

 0 0 0

 0 0 0

 0 0 0

 0 0 0

 0 0 0

 0 0 0

 0 0 0

 0 0 0

 0 0 0

 0 0 0

 0 0 0

 0 0 0

 0 0 0

 0 0 0

 0 0 0

 0 0 0

 0 0 0

 0 0 0

 0 0 0

 0 0 0

 0 0 0

 0 0 0

 0 0 0

 0 0 0

 0 0 0

 0 0 0

 0 0 0

 0 0 0

 0 0 0

 0 0 0

 0 0 0

 0 0 0

 0 0 0

 0 0 0

 0 0 0

 0 0 0

 0 0 0

 0 0 0

 0 0 0

 0 0 0

 0 0 0

 0 0 0

 0 0 0

 0 0 0

 0 0 0

 0 0 0

 0 0 0

 0 0 0

 0 0 0

 0 0 0

 0 0 0

 0 0 0

 0 0 0

 0 0 0

 0 0 0

 0 0 0

 0 0 0

 0 0 0

 0 0 0

 0 0 0

 0 0 0

 0 0 0

 0 0 0

 0 0 0

 0 0 0

 0 0 0

 0 0 0

 0 0 0

 0 0 0

 0 0 0

 0 0 0

 0 0 0

 0 0 0

 0 0 0

 0 0 0

 0 0 0

 0 0 0

 0 0 0

 0 0 0

 0 0 0

 0 0 0

 0 0 0

 0 0 0

 0 0 0

 0 0 0

 0 0 0

 0 0 0

 0 0 0

 0 0 0

 0 0 0

 0 0 0

 0 0 0

 0 0 0

 0 0 0

 0 0 0

 0 0 0

 0 0 0

 0 0 0

 0 0 0

 0 0 0

 0 0 0

 0 0 0

 0 0 0

 0 0 0

 0 0 0

 0 0 0

 0 0 0

 0 0 0

 0 0 0

 0 0 0

 0 0 0

 0 0 0

 0 0 0

 0 0 0

 0 0 0

 0 0 0

 0 0 0

 0 0 0

 0 0 0

 0 0 0

 0 0 0

 0 0 0

 0 0 0

 0 0 0

 0 0 0

 0 0 0

 0 0 0

 0 0 0

 0 0 0

 0 0 0

 0 0 0

 0 0 0

 0 0 0

 0 0 0

 0 0 0

 0 0 0

 0 0 0

 0 0 0

 0 0 0

 0 0 0

 0 0 0

