vectors:

 1.250000 -0.000000 0.000000

 1.216506 -0.125000 0.000000

 1.125000 -0.216506 0.000000

 1.000000 -0.250000 0.000000

 0.875000 -0.216506 0.000000

 0.783494 -0.125000 0.000000

 0.750000 -0.000000 0.000000

 0.783494 0.125000 0.000000

 0.875000 0.216506 0.000000

 1.000000 0.250000 0.000000

 1.125000 0.216506 0.000000

 1.216506 0.125000 0.000000

 1.239306 -0.000000 0.163158

 1.206099 -0.125000 0.158786

 1.115376 -0.216506 0.146842

 0.991445 -0.250000 0.130526

 0.867514 -0.216506 0.114210

 0.776791 -0.125000 0.102266

 0.743584 -0.000000 0.097895

 0.776791 0.125000 0.102266

 0.867514 0.216506 0.114210

 0.991445 0.250000 0.130526

 1.115376 0.216506 0.146842

 1.206099 0.125000 0.158786

 1.207407 -0.000000 0.323524

 1.175055 -0.125000 0.314855

 1.086667 -0.216506 0.291171

 0.965926 -0.250000 0.258819

 0.845185 -0.216506 0.226467

 0.756797 -0.125000 0.202783

 0.724444 -0.000000 0.194114

 0.756797 0.125000 0.202783

 0.845185 0.216506 0.226467

 0.965926 0.250000 0.258819

 1.086667 0.216506 0.291171

 1.175055 0.125000 0.314855

 1.154849 -0.000000 0.478354

 1.123905 -0.125000 0.465537

 1.039364 -0.216506 0.430519

 0.923880 -0.250000 0.382683

 0.808395 -0.216506 0.334848

 0.723854 -0.125000 0.299830

 0.692910 -0.000000 0.287013

 0.723854 0.125000 0.299830

 0.808395 0.216506 0.334848

 0.923880 0.250000 0.382683

 1.039364 0.216506 0.430519

 1.123905 0.125000 0.465537

 1.082532 -0.000000 0.625000

 1.053525 -0.125000 0.608253

 0.974279 -0.216506 0.562500

 0.866025 -0.250000 0.500000

 0.757772 -0.216506 0.437500

 0.678525 -0.125000 0.391747

 0.649519 -0.000000 0.375000

 0.678525 0.125000 0.391747

 0.757772 0.216506 0.437500

 0.866025 0.250000 0.500000

 0.974279 0.216506 0.562500

 1.053525 0.125000 0.608253

 0.991692 -0.000000 0.760952

 0.965119 -0.125000 0.740562

 0.892523 -0.216506 0.684856

 0.793353 -0.250000 0.608761

 0.694184 -0.216506 0.532666

 0.621587 -0.125000 0.476961

 0.595015 -0.000000 0.456571

 0.621587 0.125000 0.476961

 0.694184 0.216506 0.532666

 0.793353 0.250000 0.608761

 0.892523 0.216506 0.684856

 0.965119 0.125000 0.740562

 0.883883 -0.000000 0.883884

 0.860200 -0.125000 0.860200

 0.795495 -0.216506 0.795495

 0.707107 -0.250000 0.707107

 0.618718 -0.216506 0.618719

 0.554014 -0.125000 0.554014

 0.530330 -0.000000 0.530330

 0.554014 0.125000 0.554014

 0.618718 0.216506 0.618719

 0.707107 0.250000 0.707107

 0.795495 0.216506 0.795495

 0.860200 0.125000 0.860200

 0.760952 -0.000000 0.991691

 0.740562 -0.125000 0.965119

 0.684857 -0.216506 0.892522

 0.608762 -0.250000 0.793353

 0.532666 -0.216506 0.694184

 0.476961 -0.125000 0.621587

 0.456571 -0.000000 0.595015

 0.476961 0.125000 0.621587

 0.532666 0.216506 0.694184

 0.608762 0.250000 0.793353

 0.684857 0.216506 0.892522

 0.740562 0.125000 0.965119

 0.625000 -0.000000 1.082532

 0.608253 -0.125000 1.053525

 0.562500 -0.216506 0.974279

 0.500000 -0.250000 0.866025

 0.437500 -0.216506 0.757772

 0.391747 -0.125000 0.678525

 0.375000 -0.000000 0.649519

 0.391747 0.125000 0.678525

 0.437500 0.216506 0.757772

 0.500000 0.250000 0.866025

 0.562500 0.216506 0.974279

 0.608253 0.125000 1.053525

 0.478355 -0.000000 1.154849

 0.465537 -0.125000 1.123905

 0.430519 -0.216506 1.039364

 0.382684 -0.250000 0.923879

 0.334848 -0.216506 0.808394

 0.299830 -0.125000 0.723854

 0.287013 -0.000000 0.692910

 0.299830 0.125000 0.723854

 0.334848 0.216506 0.808394

 0.382684 0.250000 0.923879

 0.430519 0.216506 1.039364

 0.465537 0.125000 1.123905

 0.323524 -0.000000 1.207407

 0.314855 -0.125000 1.175055

 0.291171 -0.216506 1.086667

 0.258819 -0.250000 0.965926

 0.226467 -0.216506 0.845185

 0.202783 -0.125000 0.756797

 0.194114 -0.000000 0.724444

 0.202783 0.125000 0.756797

 0.226467 0.216506 0.845185

 0.258819 0.250000 0.965926

 0.291171 0.216506 1.086667

 0.314855 0.125000 1.175055

 0.163158 -0.000000 1.239306

 0.158786 -0.125000 1.206099

 0.146842 -0.216506 1.115376

 0.130526 -0.250000 0.991445

 0.114210 -0.216506 0.867514

 0.102266 -0.125000 0.776791

 0.097895 -0.000000 0.743584

 0.102266 0.125000 0.776791

 0.114210 0.216506 0.867514

 0.130526 0.250000 0.991445

 0.146842 0.216506 1.115376

 0.158786 0.125000 1.206099

 0.000000 -0.000000 1.250000

 0.000000 -0.125000 1.216506

 0.000000 -0.216506 1.125000

 0.000000 -0.250000 1.000000

 0.000000 -0.216506 0.875000

 0.000000 -0.125000 0.783494

 0.000000 -0.000000 0.750000

 0.000000 0.125000 0.783494

 0.000000 0.216506 0.875000

 0.000000 0.250000 1.000000

 0.000000 0.216506 1.125000

 0.000000 0.125000 1.216506

 -0.163158 -0.000000 1.239306

 -0.158786 -0.125000 1.206099

 -0.146842 -0.216506 1.115375

 -0.130526 -0.250000 0.991445

 -0.114211 -0.216506 0.867514

 -0.102267 -0.125000 0.776791

 -0.097895 -0.000000 0.743584

 -0.102267 0.125000 0.776791

 -0.114211 0.216506 0.867514

 -0.130526 0.250000 0.991445

 -0.146842 0.216506 1.115375

 -0.158786 0.125000 1.206099

 -0.323524 -0.000000 1.207407

 -0.314855 -0.125000 1.175055

 -0.291171 -0.216506 1.086667

 -0.258819 -0.250000 0.965926

 -0.226467 -0.216506 0.845185

 -0.202783 -0.125000 0.756797

 -0.194114 -0.000000 0.724444

 -0.202783 0.125000 0.756797

 -0.226467 0.216506 0.845185

 -0.258819 0.250000 0.965926

 -0.291171 0.216506 1.086667

 -0.314855 0.125000 1.175055

 -0.478354 -0.000000 1.154849

 -0.465537 -0.125000 1.123905

 -0.430519 -0.216506 1.039364

 -0.382684 -0.250000 0.923880

 -0.334848 -0.216506 0.808395

 -0.299830 -0.125000 0.723854

 -0.287013 -0.000000 0.692910

 -0.299830 0.125000 0.723854

 -0.334848 0.216506 0.808395

 -0.382684 0.250000 0.923880

 -0.430519 0.216506 1.039364

 -0.465537 0.125000 1.123905

 -0.625000 -0.000000 1.082532

 -0.608253 -0.125000 1.053526

 -0.562500 -0.216506 0.974279

 -0.500000 -0.250000 0.866026

 -0.437500 -0.216506 0.757772

 -0.391747 -0.125000 0.678525

 -0.375000 -0.000000 0.649519

 -0.391747 0.125000 0.678525

 -0.437500 0.216506 0.757772

 -0.500000 0.250000 0.866026

 -0.562500 0.216506 0.974279

 -0.608253 0.125000 1.053526

 -0.760952 -0.000000 0.991692

 -0.740562 -0.125000 0.965119

 -0.684857 -0.216506 0.892522

 -0.608761 -0.250000 0.793353

 -0.532666 -0.216506 0.694184

 -0.476961 -0.125000 0.621587

 -0.456571 -0.000000 0.595015

 -0.476961 0.125000 0.621587

 -0.532666 0.216506 0.694184

 -0.608761 0.250000 0.793353

 -0.684857 0.216506 0.892522

 -0.740562 0.125000 0.965119

 -0.883884 -0.000000 0.883883

 -0.860200 -0.125000 0.860200

 -0.795495 -0.216506 0.795495

 -0.707107 -0.250000 0.707107

 -0.618719 -0.216506 0.618718

 -0.554014 -0.125000 0.554013

 -0.530330 -0.000000 0.530330

 -0.554014 0.125000 0.554013

 -0.618719 0.216506 0.618718

 -0.707107 0.250000 0.707107

 -0.795495 0.216506 0.795495

 -0.860200 0.125000 0.860200

 -0.991692 -0.000000 0.760952

 -0.965119 -0.125000 0.740562

 -0.892522 -0.216506 0.684857

 -0.793353 -0.250000 0.608761

 -0.694184 -0.216506 0.532666

 -0.621587 -0.125000 0.476961

 -0.595015 -0.000000 0.456571

 -0.621587 0.125000 0.476961

 -0.694184 0.216506 0.532666

 -0.793353 0.250000 0.608761

 -0.892522 0.216506 0.684857

 -0.965119 0.125000 0.740562

 -1.082532 -0.000000 0.625000

 -1.053525 -0.125000 0.608253

 -0.974278 -0.216506 0.562500

 -0.866025 -0.250000 0.500000

 -0.757772 -0.216506 0.437500

 -0.678525 -0.125000 0.391747

 -0.649519 -0.000000 0.375000

 -0.678525 0.125000 0.391747

 -0.757772 0.216506 0.437500

 -0.866025 0.250000 0.500000

 -0.974278 0.216506 0.562500

 -1.053525 0.125000 0.608253

 -1.154849 -0.000000 0.478354

 -1.123905 -0.125000 0.465537

 -1.039364 -0.216506 0.430519

 -0.923880 -0.250000 0.382683

 -0.808395 -0.216506 0.334848

 -0.723854 -0.125000 0.299830

 -0.692910 -0.000000 0.287013

 -0.723854 0.125000 0.299830

 -0.808395 0.216506 0.334848

 -0.923880 0.250000 0.382683

 -1.039364 0.216506 0.430519

 -1.123905 0.125000 0.465537

 -1.207407 -0.000000 0.323524

 -1.175055 -0.125000 0.314855

 -1.086667 -0.216506 0.291171

 -0.965926 -0.250000 0.258819

 -0.845185 -0.216506 0.226467

 -0.756797 -0.125000 0.202783

 -0.724444 -0.000000 0.194114

 -0.756797 0.125000 0.202783

 -0.845185 0.216506 0.226467

 -0.965926 0.250000 0.258819

 -1.086667 0.216506 0.291171

 -1.175055 0.125000 0.314855

 -1.239306 -0.000000 0.163158

 -1.206099 -0.125000 0.158786

 -1.115375 -0.216506 0.146842

 -0.991445 -0.250000 0.130526

 -0.867514 -0.216506 0.114211

 -0.776791 -0.125000 0.102267

 -0.743584 -0.000000 0.097895

 -0.776791 0.125000 0.102267

 -0.867514 0.216506 0.114211

 -0.991445 0.250000 0.130526

 -1.115375 0.216506 0.146842

 -1.206099 0.125000 0.158786

 -1.250000 -0.000000 0.000000

 -1.216506 -0.125000 0.000000

 -1.125000 -0.216506 0.000000

 -1.000000 -0.250000 0.000000

 -0.875000 -0.216506 0.000000

 -0.783494 -0.125000 0.000000

 -0.750000 -0.000000 0.000000

 -0.783494 0.125000 0.000000

 -0.875000 0.216506 0.000000

 -1.000000 0.250000 0.000000

 -1.125000 0.216506 0.000000

 -1.216506 0.125000 0.000000

 -1.239306 -0.000000 -0.163158

 -1.206099 -0.125000 -0.158786

 -1.115375 -0.216506 -0.146842

 -0.991445 -0.250000 -0.130526

 -0.867514 -0.216506 -0.114211

 -0.776791 -0.125000 -0.102267

 -0.743584 -0.000000 -0.097895

 -0.776791 0.125000 -0.102267

 -0.867514 0.216506 -0.114211

 -0.991445 0.250000 -0.130526

 -1.115375 0.216506 -0.146842

 -1.206099 0.125000 -0.158786

 -1.207407 -0.000000 -0.323524

 -1.175055 -0.125000 -0.314855

 -1.086667 -0.216506 -0.291171

 -0.965926 -0.250000 -0.258819

 -0.845185 -0.216506 -0.226467

 -0.756797 -0.125000 -0.202783

 -0.724444 -0.000000 -0.194114

 -0.756797 0.125000 -0.202783

 -0.845185 0.216506 -0.226467

 -0.965926 0.250000 -0.258819

 -1.086667 0.216506 -0.291171

 -1.175055 0.125000 -0.314855

 -1.154850 -0.000000 -0.478354

 -1.123906 -0.125000 -0.465536

 -1.039365 -0.216506 -0.430518

 -0.923880 -0.250000 -0.382683

 -0.808395 -0.216506 -0.334848

 -0.723854 -0.125000 -0.299830

 -0.692910 -0.000000 -0.287012

 -0.723854 0.125000 -0.299830

 -0.808395 0.216506 -0.334848

 -0.923880 0.250000 -0.382683

 -1.039365 0.216506 -0.430518

 -1.123906 0.125000 -0.465536

 -1.082532 -0.000000 -0.625000

 -1.053526 -0.125000 -0.608253

 -0.974279 -0.216506 -0.562500

 -0.866026 -0.250000 -0.500000

 -0.757772 -0.216506 -0.437500

 -0.678525 -0.125000 -0.391747

 -0.649519 -0.000000 -0.375000

 -0.678525 0.125000 -0.391747

 -0.757772 0.216506 -0.437500

 -0.866026 0.250000 -0.500000

 -0.974279 0.216506 -0.562500

 -1.053526 0.125000 -0.608253

 -0.991692 -0.000000 -0.760952

 -0.965119 -0.125000 -0.740562

 -0.892522 -0.216506 -0.684857

 -0.793353 -0.250000 -0.608761

 -0.694184 -0.216506 -0.532666

 -0.621587 -0.125000 -0.476961

 -0.595015 -0.000000 -0.456571

 -0.621587 0.125000 -0.476961

 -0.694184 0.216506 -0.532666

 -0.793353 0.250000 -0.608761

 -0.892522 0.216506 -0.684857

 -0.965119 0.125000 -0.740562

 -0.883884 -0.000000 -0.883883

 -0.860200 -0.125000 -0.860200

 -0.795495 -0.216506 -0.795495

 -0.707107 -0.250000 -0.707107

 -0.618719 -0.216506 -0.618718

 -0.554014 -0.125000 -0.554013

 -0.530330 -0.000000 -0.530330

 -0.554014 0.125000 -0.554013

 -0.618719 0.216506 -0.618718

 -0.707107 0.250000 -0.707107

 -0.795495 0.216506 -0.795495

 -0.860200 0.125000 -0.860200

 -0.760952 -0.000000 -0.991691

 -0.740563 -0.125000 -0.965119

 -0.684857 -0.216506 -0.892522

 -0.608762 -0.250000 -0.793353

 -0.532667 -0.216506 -0.694184

 -0.476961 -0.125000 -0.621587

 -0.456571 -0.000000 -0.595015

 -0.476961 0.125000 -0.621587

 -0.532667 0.216506 -0.694184

 -0.608762 0.250000 -0.793353

 -0.684857 0.216506 -0.892522

 -0.740563 0.125000 -0.965119

 -0.625000 -0.000000 -1.082532

 -0.608253 -0.125000 -1.053526

 -0.562500 -0.216506 -0.974279

 -0.500000 -0.250000 -0.866026

 -0.437500 -0.216506 -0.757772

 -0.391747 -0.125000 -0.678525

 -0.375000 -0.000000 -0.649519

 -0.391747 0.125000 -0.678525

 -0.437500 0.216506 -0.757772

 -0.500000 0.250000 -0.866026

 -0.562500 0.216506 -0.974279

 -0.608253 0.125000 -1.053526

 -0.478354 -0.000000 -1.154849

 -0.465537 -0.125000 -1.123905

 -0.430519 -0.216506 -1.039364

 -0.382684 -0.250000 -0.923880

 -0.334848 -0.216506 -0.808395

 -0.299830 -0.125000 -0.723854

 -0.287013 -0.000000 -0.692910

 -0.299830 0.125000 -0.723854

 -0.334848 0.216506 -0.808395

 -0.382684 0.250000 -0.923880

 -0.430519 0.216506 -1.039364

 -0.465537 0.125000 -1.123905

 -0.323524 -0.000000 -1.207407

 -0.314855 -0.125000 -1.175055

 -0.291172 -0.216506 -1.086666

 -0.258819 -0.250000 -0.965926

 -0.226467 -0.216506 -0.845185

 -0.202783 -0.125000 -0.756797

 -0.194115 -0.000000 -0.724444

 -0.202783 0.125000 -0.756797

 -0.226467 0.216506 -0.845185

 -0.258819 0.250000 -0.965926

 -0.291172 0.216506 -1.086666

 -0.314855 0.125000 -1.175055

 -0.163158 -0.000000 -1.239306

 -0.158787 -0.125000 -1.206099

 -0.146843 -0.216506 -1.115375

 -0.130527 -0.250000 -0.991445

 -0.114211 -0.216506 -0.867514

 -0.102267 -0.125000 -0.776791

 -0.097895 -0.000000 -0.743584

 -0.102267 0.125000 -0.776791

 -0.114211 0.216506 -0.867514

 -0.130527 0.250000 -0.991445

 -0.146843 0.216506 -1.115375

 -0.158787 0.125000 -1.206099

 0.000000 -0.000000 -1.250000

 0.000000 -0.125000 -1.216506

 0.000000 -0.216506 -1.125000

 0.000000 -0.250000 -1.000000

 0.000000 -0.216506 -0.875000

 0.000000 -0.125000 -0.783494

 0.000000 -0.000000 -0.750000

 0.000000 0.125000 -0.783494

 0.000000 0.216506 -0.875000

 0.000000 0.250000 -1.000000

 0.000000 0.216506 -1.125000

 0.000000 0.125000 -1.216506

 0.163158 -0.000000 -1.239306

 0.158786 -0.125000 -1.206099

 0.146842 -0.216506 -1.115376

 0.130526 -0.250000 -0.991445

 0.114210 -0.216506 -0.867514

 0.102266 -0.125000 -0.776791

 0.097895 -0.000000 -0.743584

 0.102266 0.125000 -0.776791

 0.114210 0.216506 -0.867514

 0.130526 0.250000 -0.991445

 0.146842 0.216506 -1.115376

 0.158786 0.125000 -1.206099

 0.323523 -0.000000 -1.207407

 0.314854 -0.125000 -1.175055

 0.291171 -0.216506 -1.086667

 0.258819 -0.250000 -0.965926

 0.226466 -0.216506 -0.845185

 0.202783 -0.125000 -0.756797

 0.194114 -0.000000 -0.724444

 0.202783 0.125000 -0.756797

 0.226466 0.216506 -0.845185

 0.258819 0.250000 -0.965926

 0.291171 0.216506 -1.086667

 0.314854 0.125000 -1.175055

 0.478355 -0.000000 -1.154849

 0.465537 -0.125000 -1.123905

 0.430519 -0.216506 -1.039364

 0.382684 -0.250000 -0.923879

 0.334848 -0.216506 -0.808394

 0.299830 -0.125000 -0.723854

 0.287013 -0.000000 -0.692910

 0.299830 0.125000 -0.723854

 0.334848 0.216506 -0.808394

 0.382684 0.250000 -0.923879

 0.430519 0.216506 -1.039364

 0.465537 0.125000 -1.123905

 0.625000 -0.000000 -1.082532

 0.608253 -0.125000 -1.053525

 0.562500 -0.216506 -0.974279

 0.500000 -0.250000 -0.866025

 0.437500 -0.216506 -0.757772

 0.391747 -0.125000 -0.678525

 0.375000 -0.000000 -0.649519

 0.391747 0.125000 -0.678525

 0.437500 0.216506 -0.757772

 0.500000 0.250000 -0.866025

 0.562500 0.216506 -0.974279

 0.608253 0.125000 -1.053525

 0.760952 -0.000000 -0.991692

 0.740562 -0.125000 -0.965120

 0.684856 -0.216506 -0.892523

 0.608761 -0.250000 -0.793353

 0.532666 -0.216506 -0.694184

 0.476961 -0.125000 -0.621587

 0.456571 -0.000000 -0.595015

 0.476961 0.125000 -0.621587

 0.532666 0.216506 -0.694184

 0.608761 0.250000 -0.793353

 0.684856 0.216506 -0.892523

 0.740562 0.125000 -0.965120

 0.883883 -0.000000 -0.883884

 0.860199 -0.125000 -0.860200

 0.795495 -0.216506 -0.795496

 0.707106 -0.250000 -0.707107

 0.618718 -0.216506 -0.618719

 0.554013 -0.125000 -0.554014

 0.530330 -0.000000 -0.530330

 0.554013 0.125000 -0.554014

 0.618718 0.216506 -0.618719

 0.707106 0.250000 -0.707107

 0.795495 0.216506 -0.795496

 0.860199 0.125000 -0.860200

 0.991692 -0.000000 -0.760952

 0.965119 -0.125000 -0.740562

 0.892523 -0.216506 -0.684856

 0.793353 -0.250000 -0.608761

 0.694184 -0.216506 -0.532666

 0.621587 -0.125000 -0.476961

 0.595015 -0.000000 -0.456571

 0.621587 0.125000 -0.476961

 0.694184 0.216506 -0.532666

 0.793353 0.250000 -0.608761

 0.892523 0.216506 -0.684856

 0.965119 0.125000 -0.740562

 1.082532 -0.000000 -0.625000

 1.053525 -0.125000 -0.608253

 0.974279 -0.216506 -0.562500

 0.866025 -0.250000 -0.500000

 0.757772 -0.216506 -0.437500

 0.678525 -0.125000 -0.391747

 0.649519 -0.000000 -0.375000

 0.678525 0.125000 -0.391747

 0.757772 0.216506 -0.437500

 0.866025 0.250000 -0.500000

 0.974279 0.216506 -0.562500

 1.053525 0.125000 -0.608253

 1.154849 -0.000000 -0.478355

 1.123905 -0.125000 -0.465537

 1.039364 -0.216506 -0.430519

 0.923879 -0.250000 -0.382684

 0.808394 -0.216506 -0.334848

 0.723854 -0.125000 -0.299830

 0.692910 -0.000000 -0.287013

 0.723854 0.125000 -0.299830

 0.808394 0.216506 -0.334848

 0.923879 0.250000 -0.382684

 1.039364 0.216506 -0.430519

 1.123905 0.125000 -0.465537

 1.207407 -0.000000 -0.323523

 1.175055 -0.125000 -0.314855

 1.086667 -0.216506 -0.291171

 0.965926 -0.250000 -0.258819

 0.845185 -0.216506 -0.226466

 0.756797 -0.125000 -0.202783

 0.724444 -0.000000 -0.194114

 0.756797 0.125000 -0.202783

 0.845185 0.216506 -0.226466

 0.965926 0.250000 -0.258819

 1.086667 0.216506 -0.291171

 1.175055 0.125000 -0.314855

 1.239306 -0.000000 -0.163158

 1.206099 -0.125000 -0.158786

 1.115376 -0.216506 -0.146842

 0.991445 -0.250000 -0.130526

 0.867514 -0.216506 -0.114210

 0.776791 -0.125000 -0.102266

 0.743584 -0.000000 -0.097895

 0.776791 0.125000 -0.102266

 0.867514 0.216506 -0.114210

 0.991445 0.250000 -0.130526

 1.115376 0.216506 -0.146842

 1.206099 0.125000 -0.158786

tris:

 0 12 13

 0 13 1

 1 13 14

 1 14 2

 2 14 15

 2 15 3

 3 15 16

 3 16 4

 4 16 17

 4 17 5

 5 17 18

 5 18 6

 6 18 19

 6 19 7

 7 19 20

 7 20 8

 8 20 21

 8 21 9

 9 21 22

 9 22 10

 10 22 23

 10 23 11

 11 23 12

 11 12 0

 12 24 25

 12 25 13

 13 25 26

 13 26 14

 14 26 27

 14 27 15

 15 27 28

 15 28 16

 16 28 29

 16 29 17

 17 29 30

 17 30 18

 18 30 31

 18 31 19

 19 31 32

 19 32 20

 20 32 33

 20 33 21

 21 33 34

 21 34 22

 22 34 35

 22 35 23

 23 35 24

 23 24 12

 24 36 37

 24 37 25

 25 37 38

 25 38 26

 26 38 39

 26 39 27

 27 39 40

 27 40 28

 28 40 41

 28 41 29

 29 41 42

 29 42 30

 30 42 43

 30 43 31

 31 43 44

 31 44 32

 32 44 45

 32 45 33

 33 45 46

 33 46 34

 34 46 47

 34 47 35

 35 47 36

 35 36 24

 36 48 49

 36 49 37

 37 49 50

 37 50 38

 38 50 51

 38 51 39

 39 51 52

 39 52 40

 40 52 53

 40 53 41

 41 53 54

 41 54 42

 42 54 55

 42 55 43

 43 55 56

 43 56 44

 44 56 57

 44 57 45

 45 57 58

 45 58 46

 46 58 59

 46 59 47

 47 59 48

 47 48 36

 48 60 61

 48 61 49

 49 61 62

 49 62 50

 50 62 63

 50 63 51

 51 63 64

 51 64 52

 52 64 65

 52 65 53

 53 65 66

 53 66 54

 54 66 67

 54 67 55

 55 67 68

 55 68 56

 56 68 69

 56 69 57

 57 69 70

 57 70 58

 58 70 71

 58 71 59

 59 71 60

 59 60 48

 60 72 73

 60 73 61

 61 73 74

 61 74 62

 62 74 75

 62 75 63

 63 75 76

 63 76 64

 64 76 77

 64 77 65

 65 77 78

 65 78 66

 66 78 79

 66 79 67

 67 79 80

 67 80 68

 68 80 81

 68 81 69

 69 81 82

 69 82 70

 70 82 83

 70 83 71

 71 83 72

 71 72 60

 72 84 85

 72 85 73

 73 85 86

 73 86 74

 74 86 87

 74 87 75

 75 87 88

 75 88 76

 76 88 89

 76 89 77

 77 89 90

 77 90 78

 78 90 91

 78 91 79

 79 91 92

 79 92 80

 80 92 93

 80 93 81

 81 93 94

 81 94 82

 82 94 95

 82 95 83

 83 95 84

 83 84 72

 84 96 97

 84 97 85

 85 97 98

 85 98 86

 86 98 99

 86 99 87

 87 99 100

 87 100 88

 88 100 101

 88 101 89

 89 101 102

 89 102 90

 90 102 103

 90 103 91

 91 103 104

 91 104 92

 92 104 105

 92 105 93

 93 105 106

 93 106 94

 94 106 107

 94 107 95

 95 107 96

 95 96 84

 96 108 109

 96 109 97

 97 109 110

 97 110 98

 98 110 111

 98 111 99

 99 111 112

 99 112 100

 100 112 113

 100 113 101

 101 113 114

 101 114 102

 102 114 115

 102 115 103

 103 115 116

 103 116 104

 104 116 117

 104 117 105

 105 117 118

 105 118 106

 106 118 119

 106 119 107

 107 119 108

 107 108 96

 108 120 121

 108 121 109

 109 121 122

 109 122 110

 110 122 123

 110 123 111

 111 123 124

 111 124 112

 112 124 125

 112 125 113

 113 125 126

 113 126 114

 114 126 127

 114 127 115

 115 127 128

 115 128 116

 116 128 129

 116 129 117

 117 129 130

 117 130 118

 118 130 131

 118 131 119

 119 131 120

 119 120 108

 120 132 133

 120 133 121

 121 133 134

 121 134 122

 122 134 135

 122 135 123

 123 135 136

 123 136 124

 124 136 137

 124 137 125

 125 137 138

 125 138 126

 126 138 139

 126 139 127

 127 139 140

 127 140 128

 128 140 141

 128 141 129

 129 141 142

 129 142 130

 130 142 143

 130 143 131

 131 143 132

 131 132 120

 132 144 145

 132 145 133

 133 145 146

 133 146 134

 134 146 147

 134 147 135

 135 147 148

 135 148 136

 136 148 149

 136 149 137

 137 149 150

 137 150 138

 138 150 151

 138 151 139

 139 151 152

 139 152 140

 140 152 153

 140 153 141

 141 153 154

 141 154 142

 142 154 155

 142 155 143

 143 155 144

 143 144 132

 144 156 157

 144 157 145

 145 157 158

 145 158 146

 146 158 159

 146 159 147

 147 159 160

 147 160 148

 148 160 161

 148 161 149

 149 161 162

 149 162 150

 150 162 163

 150 163 151

 151 163 164

 151 164 152

 152 164 165

 152 165 153

 153 165 166

 153 166 154

 154 166 167

 154 167 155

 155 167 156

 155 156 144

 156 168 169

 156 169 157

 157 169 170

 157 170 158

 158 170 171

 158 171 159

 159 171 172

 159 172 160

 160 172 173

 160 173 161

 161 173 174

 161 174 162

 162 174 175

 162 175 163

 163 175 176

 163 176 164

 164 176 177

 164 177 165

 165 177 178

 165 178 166

 166 178 179

 166 179 167

 167 179 168

 167 168 156

 168 180 181

 168 181 169

 169 181 182

 169 182 170

 170 182 183

 170 183 171

 171 183 184

 171 184 172

 172 184 185

 172 185 173

 173 185 186

 173 186 174

 174 186 187

 174 187 175

 175 187 188

 175 188 176

 176 188 189

 176 189 177

 177 189 190

 177 190 178

 178 190 191

 178 191 179

 179 191 180

 179 180 168

 180 192 193

 180 193 181

 181 193 194

 181 194 182

 182 194 195

 182 195 183

 183 195 196

 183 196 184

 184 196 197

 184 197 185

 185 197 198

 185 198 186

 186 198 199

 186 199 187

 187 199 200

 187 200 188

 188 200 201

 188 201 189

 189 201 202

 189 202 190

 190 202 203

 190 203 191

 191 203 192

 191 192 180

 192 204 205

 192 205 193

 193 205 206

 193 206 194

 194 206 207

 194 207 195

 195 207 208

 195 208 196

 196 208 209

 196 209 197

 197 209 210

 197 210 198

 198 210 211

 198 211 199

 199 211 212

 199 212 200

 200 212 213

 200 213 201

 201 213 214

 201 214 202

 202 214 215

 202 215 203

 203 215 204

 203 204 192

 204 216 217

 204 217 205

 205 217 218

 205 218 206

 206 218 219

 206 219 207

 207 219 220

 207 220 208

 208 220 221

 208 221 209

 209 221 222

 209 222 210

 210 222 223

 210 223 211

 211 223 224

 211 224 212

 212 224 225

 212 225 213

 213 225 226

 213 226 214

 214 226 227

 214 227 215

 215 227 216

 215 216 204

 216 228 229

 216 229 217

 217 229 230

 217 230 218

 218 230 231

 218 231 219

 219 231 232

 219 232 220

 220 232 233

 220 233 221

 221 233 234

 221 234 222

 222 234 235

 222 235 223

 223 235 236

 223 236 224

 224 236 237

 224 237 225

 225 237 238

 225 238 226

 226 238 239

 226 239 227

 227 239 228

 227 228 216

 228 240 241

 228 241 229

 229 241 242

 229 242 230

 230 242 243

 230 243 231

 231 243 244

 231 244 232

 232 244 245

 232 245 233

 233 245 246

 233 246 234

 234 246 247

 234 247 235

 235 247 248

 235 248 236

 236 248 249

 236 249 237

 237 249 250

 237 250 238

 238 250 251

 238 251 239

 239 251 240

 239 240 228

 240 252 253

 240 253 241

 241 253 254

 241 254 242

 242 254 255

 242 255 243

 243 255 256

 243 256 244

 244 256 257

 244 257 245

 245 257 258

 245 258 246

 246 258 259

 246 259 247

 247 259 260

 247 260 248

 248 260 261

 248 261 249

 249 261 262

 249 262 250

 250 262 263

 250 263 251

 251 263 252

 251 252 240

 252 264 265

 252 265 253

 253 265 266

 253 266 254

 254 266 267

 254 267 255

 255 267 268

 255 268 256

 256 268 269

 256 269 257

 257 269 270

 257 270 258

 258 270 271

 258 271 259

 259 271 272

 259 272 260

 260 272 273

 260 273 261

 261 273 274

 261 274 262

 262 274 275

 262 275 263

 263 275 264

 263 264 252

 264 276 277

 264 277 265

 265 277 278

 265 278 266

 266 278 279

 266 279 267

 267 279 280

 267 280 268

 268 280 281

 268 281 269

 269 281 282

 269 282 270

 270 282 283

 270 283 271

 271 283 284

 271 284 272

 272 284 285

 272 285 273

 273 285 286

 273 286 274

 274 286 287

 274 287 275

 275 287 276

 275 276 264

 276 288 289

 276 289 277

 277 289 290

 277 290 278

 278 290 291

 278 291 279

 279 291 292

 279 292 280

 280 292 293

 280 293 281

 281 293 294

 281 294 282

 282 294 295

 282 295 283

 283 295 296

 283 296 284

 284 296 297

 284 297 285

 285 297 298

 285 298 286

 286 298 299

 286 299 287

 287 299 288

 287 288 276

 288 300 301

 288 301 289

 289 301 302

 289 302 290

 290 302 303

 290 303 291

 291 303 304

 291 304 292

 292 304 305

 292 305 293

 293 305 306

 293 306 294

 294 306 307

 294 307 295

 295 307 308

 295 308 296

 296 308 309

 296 309 297

 297 309 310

 297 310 298

 298 310 311

 298 311 299

 299 311 300

 299 300 288

 300 312 313

 300 313 301

 301 313 314

 301 314 302

 302 314 315

 302 315 303

 303 315 316

 303 316 304

 304 316 317

 304 317 305

 305 317 318

 305 318 306

 306 318 319

 306 319 307

 307 319 320

 307 320 308

 308 320 321

 308 321 309

 309 321 322

 309 322 310

 310 322 323

 310 323 311

 311 323 312

 311 312 300

 312 324 325

 312 325 313

 313 325 326

 313 326 314

 314 326 327

 314 327 315

 315 327 328

 315 328 316

 316 328 329

 316 329 317

 317 329 330

 317 330 318

 318 330 331

 318 331 319

 319 331 332

 319 332 320

 320 332 333

 320 333 321

 321 333 334

 321 334 322

 322 334 335

 322 335 323

 323 335 324

 323 324 312

 324 336 337

 324 337 325

 325 337 338

 325 338 326

 326 338 339

 326 339 327

 327 339 340

 327 340 328

 328 340 341

 328 341 329

 329 341 342

 329 342 330

 330 342 343

 330 343 331

 331 343 344

 331 344 332

 332 344 345

 332 345 333

 333 345 346

 333 346 334

 334 346 347

 334 347 335

 335 347 336

 335 336 324

 336 348 349

 336 349 337

 337 349 350

 337 350 338

 338 350 351

 338 351 339

 339 351 352

 339 352 340

 340 352 353

 340 353 341

 341 353 354

 341 354 342

 342 354 355

 342 355 343

 343 355 356

 343 356 344

 344 356 357

 344 357 345

 345 357 358

 345 358 346

 346 358 359

 346 359 347

 347 359 348

 347 348 336

 348 360 361

 348 361 349

 349 361 362

 349 362 350

 350 362 363

 350 363 351

 351 363 364

 351 364 352

 352 364 365

 352 365 353

 353 365 366

 353 366 354

 354 366 367

 354 367 355

 355 367 368

 355 368 356

 356 368 369

 356 369 357

 357 369 370

 357 370 358

 358 370 371

 358 371 359

 359 371 360

 359 360 348

 360 372 373

 360 373 361

 361 373 374

 361 374 362

 362 374 375

 362 375 363

 363 375 376

 363 376 364

 364 376 377

 364 377 365

 365 377 378

 365 378 366

 366 378 379

 366 379 367

 367 379 380

 367 380 368

 368 380 381

 368 381 369

 369 381 382

 369 382 370

 370 382 383

 370 383 371

 371 383 372

 371 372 360

 372 384 385

 372 385 373

 373 385 386

 373 386 374

 374 386 387

 374 387 375

 375 387 388

 375 388 376

 376 388 389

 376 389 377

 377 389 390

 377 390 378

 378 390 391

 378 391 379

 379 391 392

 379 392 380

 380 392 393

 380 393 381

 381 393 394

 381 394 382

 382 394 395

 382 395 383

 383 395 384

 383 384 372

 384 396 397

 384 397 385

 385 397 398

 385 398 386

 386 398 399

 386 399 387

 387 399 400

 387 400 388

 388 400 401

 388 401 389

 389 401 402

 389 402 390

 390 402 403

 390 403 391

 391 403 404

 391 404 392

 392 404 405

 392 405 393

 393 405 406

 393 406 394

 394 406 407

 394 407 395

 395 407 396

 395 396 384

 396 408 409

 396 409 397

 397 409 410

 397 410 398

 398 410 411

 398 411 399

 399 411 412

 399 412 400

 400 412 413

 400 413 401

 401 413 414

 401 414 402

 402 414 415

 402 415 403

 403 415 416

 403 416 404

 404 416 417

 404 417 405

 405 417 418

 405 418 406

 406 418 419

 406 419 407

 407 419 408

 407 408 396

 408 420 421

 408 421 409

 409 421 422

 409 422 410

 410 422 423

 410 423 411

 411 423 424

 411 424 412

 412 424 425

 412 425 413

 413 425 426

 413 426 414

 414 426 427

 414 427 415

 415 427 428

 415 428 416

 416 428 429

 416 429 417

 417 429 430

 417 430 418

 418 430 431

 418 431 419

 419 431 420

 419 420 408

 420 432 433

 420 433 421

 421 433 434

 421 434 422

 422 434 435

 422 435 423

 423 435 436

 423 436 424

 424 436 437

 424 437 425

 425 437 438

 425 438 426

 426 438 439

 426 439 427

 427 439 440

 427 440 428

 428 440 441

 428 441 429

 429 441 442

 429 442 430

 430 442 443

 430 443 431

 431 443 432

 431 432 420

 432 444 445

 432 445 433

 433 445 446

 433 446 434

 434 446 447

 434 447 435

 435 447 448

 435 448 436

 436 448 449

 436 449 437

 437 449 450

 437 450 438

 438 450 451

 438 451 439

 439 451 452

 439 452 440

 440 452 453

 440 453 441

 441 453 454

 441 454 442

 442 454 455

 442 455 443

 443 455 444

 443 444 432

 444 456 457

 444 457 445

 445 457 458

 445 458 446

 446 458 459

 446 459 447

 447 459 460

 447 460 448

 448 460 461

 448 461 449

 449 461 462

 449 462 450

 450 462 463

 450 463 451

 451 463 464

 451 464 452

 452 464 465

 452 465 453

 453 465 466

 453 466 454

 454 466 467

 454 467 455

 455 467 456

 455 456 444

 456 468 469

 456 469 457

 457 469 470

 457 470 458

 458 470 471

 458 471 459

 459 471 472

 459 472 460

 460 472 473

 460 473 461

 461 473 474

 461 474 462

 462 474 475

 462 475 463

 463 475 476

 463 476 464

 464 476 477

 464 477 465

 465 477 478

 465 478 466

 466 478 479

 466 479 467

 467 479 468

 467 468 456

 468 480 481

 468 481 469

 469 481 482

 469 482 470

 470 482 483

 470 483 471

 471 483 484

 471 484 472

 472 484 485

 472 485 473

 473 485 486

 473 486 474

 474 486 487

 474 487 475

 475 487 488

 475 488 476

 476 488 489

 476 489 477

 477 489 490

 477 490 478

 478 490 491

 478 491 479

 479 491 480

 479 480 468

 480 492 493

 480 493 481

 481 493 494

 481 494 482

 482 494 495

 482 495 483

 483 495 496

 483 496 484

 484 496 497

 484 497 485

 485 497 498

 485 498 486

 486 498 499

 486 499 487

 487 499 500

 487 500 488

 488 500 501

 488 501 489

 489 501 502

 489 502 490

 490 502 503

 490 503 491

 491 503 492

 491 492 480

 492 504 505

 492 505 493

 493 505 506

 493 506 494

 494 506 507

 494 507 495

 495 507 508

 495 508 496

 496 508 509

 496 509 497

 497 509 510

 497 510 498

 498 510 511

 498 511 499

 499 511 512

 499 512 500

 500 512 513

 500 513 501

 501 513 514

 501 514 502

 502 514 515

 502 515 503

 503 515 504

 503 504 492

 504 516 517

 504 517 505

 505 517 518

 505 518 506

 506 518 519

 506 519 507

 507 519 520

 507 520 508

 508 520 521

 508 521 509

 509 521 522

 509 522 510

 510 522 523

 510 523 511

 511 523 524

 511 524 512

 512 524 525

 512 525 513

 513 525 526

 513 526 514

 514 526 527

 514 527 515

 515 527 516

 515 516 504

 516 528 529

 516 529 517

 517 529 530

 517 530 518

 518 530 531

 518 531 519

 519 531 532

 519 532 520

 520 532 533

 520 533 521

 521 533 534

 521 534 522

 522 534 535

 522 535 523

 523 535 536

 523 536 524

 524 536 537

 524 537 525

 525 537 538

 525 538 526

 526 538 539

 526 539 527

 527 539 528

 527 528 516

 528 540 541

 528 541 529

 529 541 542

 529 542 530

 530 542 543

 530 543 531

 531 543 544

 531 544 532

 532 544 545

 532 545 533

 533 545 546

 533 546 534

 534 546 547

 534 547 535

 535 547 548

 535 548 536

 536 548 549

 536 549 537

 537 549 550

 537 550 538

 538 550 551

 538 551 539

 539 551 540

 539 540 528

 540 552 553

 540 553 541

 541 553 554

 541 554 542

 542 554 555

 542 555 543

 543 555 556

 543 556 544

 544 556 557

 544 557 545

 545 557 558

 545 558 546

 546 558 559

 546 559 547

 547 559 560

 547 560 548

 548 560 561

 548 561 549

 549 561 562

 549 562 550

 550 562 563

 550 563 551

 551 563 552

 551 552 540

 552 564 565

 552 565 553

 553 565 566

 553 566 554

 554 566 567

 554 567 555

 555 567 568

 555 568 556

 556 568 569

 556 569 557

 557 569 570

 557 570 558

 558 570 571

 558 571 559

 559 571 572

 559 572 560

 560 572 573

 560 573 561

 561 573 574

 561 574 562

 562 574 575

 562 575 563

 563 575 564

 563 564 552

 564 0 1

 564 1 565

 565 1 2

 565 2 566

 566 2 3

 566 3 567

 567 3 4

 567 4 568

 568 4 5

 568 5 569

 569 5 6

 569 6 570

 570 6 7

 570 7 571

 571 7 8

 571 8 572

 572 8 9

 572 9 573

 573 9 10

 573 10 574

 574 10 11

 574 11 575

 575 11 0

 575 0 564

vector2s:

 0.500000 0.500000

 0.520833 0.500000

 0.520833 0.583333

 0.500000 0.583333

 0.520833 0.666667

 0.500000 0.666667

 0.520833 0.750000

 0.500000 0.750000

 0.520833 0.833333

 0.500000 0.833333

 0.520833 0.916667

 0.500000 0.916667

 0.520833 1.000000

 0.500000 1.000000

 0.500000 0.000000

 0.520833 0.000000

 0.520833 0.083333

 0.500000 0.083333

 0.520833 0.166667

 0.500000 0.166667

 0.520833 0.250000

 0.500000 0.250000

 0.520833 0.333333

 0.500000 0.333333

 0.520833 0.416667

 0.500000 0.416667

 0.541667 0.500000

 0.541667 0.583333

 0.541667 0.666667

 0.541667 0.750000

 0.541667 0.833333

 0.541667 0.916667

 0.541667 1.000000

 0.541667 0.000000

 0.541667 0.083333

 0.541667 0.166667

 0.541667 0.250000

 0.541667 0.333333

 0.541667 0.416667

 0.562500 0.500000

 0.562500 0.583333

 0.562500 0.666667

 0.562500 0.750000

 0.562500 0.833333

 0.562500 0.916667

 0.562500 1.000000

 0.562500 0.000000

 0.562500 0.083333

 0.562500 0.166667

 0.562500 0.250000

 0.562500 0.333333

 0.562500 0.416667

 0.583333 0.500000

 0.583333 0.583333

 0.583333 0.666667

 0.583333 0.750000

 0.583333 0.833333

 0.583333 0.916667

 0.583333 1.000000

 0.583333 0.000000

 0.583333 0.083333

 0.583333 0.166667

 0.583333 0.250000

 0.583333 0.333333

 0.583333 0.416667

 0.604167 0.500000

 0.604167 0.583333

 0.604167 0.666667

 0.604167 0.750000

 0.604167 0.833333

 0.604167 0.916667

 0.604167 1.000000

 0.604167 0.000000

 0.604167 0.083333

 0.604167 0.166667

 0.604167 0.250000

 0.604167 0.333333

 0.604167 0.416667

 0.625000 0.500000

 0.625000 0.583333

 0.625000 0.666667

 0.625000 0.750000

 0.625000 0.833333

 0.625000 0.916667

 0.625000 1.000000

 0.625000 0.000000

 0.625000 0.083333

 0.625000 0.166667

 0.625000 0.250000

 0.625000 0.333333

 0.625000 0.416667

 0.645833 0.500000

 0.645833 0.583333

 0.645833 0.666667

 0.645833 0.750000

 0.645833 0.833333

 0.645833 0.916667

 0.645833 1.000000

 0.645833 0.000000

 0.645833 0.083333

 0.645833 0.166667

 0.645833 0.250000

 0.645833 0.333333

 0.645833 0.416667

 0.666667 0.500000

 0.666667 0.583333

 0.666667 0.666667

 0.666667 0.750000

 0.666667 0.833333

 0.666667 0.916667

 0.666667 1.000000

 0.666667 0.000000

 0.666667 0.083333

 0.666667 0.166667

 0.666667 0.250000

 0.666667 0.333333

 0.666667 0.416667

 0.687500 0.500000

 0.687500 0.583333

 0.687500 0.666667

 0.687500 0.750000

 0.687500 0.833333

 0.687500 0.916667

 0.687500 1.000000

 0.687500 0.000000

 0.687500 0.083333

 0.687500 0.166667

 0.687500 0.250000

 0.687500 0.333333

 0.687500 0.416667

 0.708333 0.500000

 0.708333 0.583333

 0.708333 0.666667

 0.708333 0.750000

 0.708333 0.833333

 0.708333 0.916667

 0.708333 1.000000

 0.708333 0.000000

 0.708333 0.083333

 0.708333 0.166667

 0.708333 0.250000

 0.708333 0.333333

 0.708333 0.416667

 0.729167 0.500000

 0.729167 0.583333

 0.729167 0.666667

 0.729167 0.750000

 0.729167 0.833333

 0.729167 0.916667

 0.729167 1.000000

 0.729167 0.000000

 0.729167 0.083333

 0.729167 0.166667

 0.729167 0.250000

 0.729167 0.333333

 0.729167 0.416667

 0.750000 0.500000

 0.750000 0.583333

 0.750000 0.666667

 0.750000 0.750000

 0.750000 0.833333

 0.750000 0.916667

 0.750000 1.000000

 0.750000 0.000000

 0.750000 0.083333

 0.750000 0.166667

 0.750000 0.250000

 0.750000 0.333333

 0.750000 0.416667

 0.770833 0.500000

 0.770833 0.583333

 0.770833 0.666667

 0.770833 0.750000

 0.770833 0.833333

 0.770833 0.916667

 0.770833 1.000000

 0.770833 0.000000

 0.770833 0.083333

 0.770833 0.166667

 0.770833 0.250000

 0.770833 0.333333

 0.770833 0.416667

 0.791667 0.500000

 0.791667 0.583333

 0.791667 0.666667

 0.791667 0.750000

 0.791667 0.833333

 0.791667 0.916667

 0.791667 1.000000

 0.791667 0.000000

 0.791667 0.083333

 0.791667 0.166667

 0.791667 0.250000

 0.791667 0.333333

 0.791667 0.416667

 0.812500 0.500000

 0.812500 0.583333

 0.812500 0.666667

 0.812500 0.750000

 0.812500 0.833333

 0.812500 0.916667

 0.812500 1.000000

 0.812500 0.000000

 0.812500 0.083333

 0.812500 0.166667

 0.812500 0.250000

 0.812500 0.333333

 0.812500 0.416667

 0.833333 0.500000

 0.833333 0.583333

 0.833333 0.666667

 0.833333 0.750000

 0.833333 0.833333

 0.833333 0.916667

 0.833333 1.000000

 0.833333 0.000000

 0.833333 0.083333

 0.833333 0.166667

 0.833333 0.250000

 0.833333 0.333333

 0.833333 0.416667

 0.854167 0.500000

 0.854167 0.583333

 0.854167 0.666667

 0.854167 0.750000

 0.854167 0.833333

 0.854167 0.916667

 0.854167 1.000000

 0.854167 0.000000

 0.854167 0.083333

 0.854167 0.166667

 0.854167 0.250000

 0.854167 0.333333

 0.854167 0.416667

 0.875000 0.500000

 0.875000 0.583333

 0.875000 0.666667

 0.875000 0.750000

 0.875000 0.833333

 0.875000 0.916667

 0.875000 1.000000

 0.875000 0.000000

 0.875000 0.083333

 0.875000 0.166667

 0.875000 0.250000

 0.875000 0.333333

 0.875000 0.416667

 0.895833 0.500000

 0.895833 0.583333

 0.895833 0.666667

 0.895833 0.750000

 0.895833 0.833333

 0.895833 0.916667

 0.895833 1.000000

 0.895833 0.000000

 0.895833 0.083333

 0.895833 0.166667

 0.895833 0.250000

 0.895833 0.333333

 0.895833 0.416667

 0.916667 0.500000

 0.916667 0.583333

 0.916667 0.666667

 0.916667 0.750000

 0.916667 0.833333

 0.916667 0.916667

 0.916667 1.000000

 0.916667 0.000000

 0.916667 0.083333

 0.916667 0.166667

 0.916667 0.250000

 0.916667 0.333333

 0.916667 0.416667

 0.937500 0.500000

 0.937500 0.583333

 0.937500 0.666667

 0.937500 0.750000

 0.937500 0.833333

 0.937500 0.916667

 0.937500 1.000000

 0.937500 0.000000

 0.937500 0.083333

 0.937500 0.166667

 0.937500 0.250000

 0.937500 0.333333

 0.937500 0.416667

 0.958333 0.500000

 0.958333 0.583333

 0.958333 0.666667

 0.958333 0.750000

 0.958333 0.833333

 0.958333 0.916667

 0.958333 1.000000

 0.958333 0.000000

 0.958333 0.083333

 0.958333 0.166667

 0.958333 0.250000

 0.958333 0.333333

 0.958333 0.416667

 0.979167 0.500000

 0.979167 0.583333

 0.979167 0.666667

 0.979167 0.750000

 0.979167 0.833333

 0.979167 0.916667

 0.979167 1.000000

 0.979167 0.000000

 0.979167 0.083333

 0.979167 0.166667

 0.979167 0.250000

 0.979167 0.333333

 0.979167 0.416667

 1.000000 0.500000

 1.000000 0.583333

 1.000000 0.666667

 1.000000 0.750000

 1.000000 0.833333

 1.000000 0.916667

 1.000000 1.000000

 1.000000 0.000000

 1.000000 0.083333

 1.000000 0.166667

 1.000000 0.250000

 1.000000 0.333333

 1.000000 0.416667

 0.000000 0.500000

 0.020833 0.500000

 0.020833 0.583333

 0.000000 0.583333

 0.020833 0.666667

 0.000000 0.666667

 0.020833 0.750000

 0.000000 0.750000

 0.020833 0.833333

 0.000000 0.833333

 0.020833 0.916667

 0.000000 0.916667

 0.020833 1.000000

 0.000000 1.000000

 0.000000 0.000000

 0.020833 0.000000

 0.020833 0.083333

 0.000000 0.083333

 0.020833 0.166667

 0.000000 0.166667

 0.020833 0.250000

 0.000000 0.250000

 0.020833 0.333333

 0.000000 0.333333

 0.020833 0.416667

 0.000000 0.416667

 0.041667 0.500000

 0.041667 0.583333

 0.041667 0.666667

 0.041667 0.750000

 0.041667 0.833333

 0.041667 0.916667

 0.041667 1.000000

 0.041667 0.000000

 0.041667 0.083333

 0.041667 0.166667

 0.041667 0.250000

 0.041667 0.333333

 0.041667 0.416667

 0.062500 0.500000

 0.062500 0.583333

 0.062500 0.666667

 0.062500 0.750000

 0.062500 0.833333

 0.062500 0.916667

 0.062500 1.000000

 0.062500 0.000000

 0.062500 0.083333

 0.062500 0.166667

 0.062500 0.250000

 0.062500 0.333333

 0.062500 0.416667

 0.083333 0.500000

 0.083333 0.583333

 0.083333 0.666667

 0.083333 0.750000

 0.083333 0.833333

 0.083333 0.916667

 0.083333 1.000000

 0.083333 0.000000

 0.083333 0.083333

 0.083333 0.166667

 0.083333 0.250000

 0.083333 0.333333

 0.083333 0.416667

 0.104167 0.500000

 0.104167 0.583333

 0.104167 0.666667

 0.104167 0.750000

 0.104167 0.833333

 0.104167 0.916667

 0.104167 1.000000

 0.104167 0.000000

 0.104167 0.083333

 0.104167 0.166667

 0.104167 0.250000

 0.104167 0.333333

 0.104167 0.416667

 0.125000 0.500000

 0.125000 0.583333

 0.125000 0.666667

 0.125000 0.750000

 0.125000 0.833333

 0.125000 0.916667

 0.125000 1.000000

 0.125000 0.000000

 0.125000 0.083333

 0.125000 0.166667

 0.125000 0.250000

 0.125000 0.333333

 0.125000 0.416667

 0.145833 0.500000

 0.145833 0.583333

 0.145833 0.666667

 0.145833 0.750000

 0.145833 0.833333

 0.145833 0.916667

 0.145833 1.000000

 0.145833 0.000000

 0.145833 0.083333

 0.145833 0.166667

 0.145833 0.250000

 0.145833 0.333333

 0.145833 0.416667

 0.166667 0.500000

 0.166667 0.583333

 0.166667 0.666667

 0.166667 0.750000

 0.166667 0.833333

 0.166667 0.916667

 0.166667 1.000000

 0.166667 0.000000

 0.166667 0.083333

 0.166667 0.166667

 0.166667 0.250000

 0.166667 0.333333

 0.166667 0.416667

 0.187500 0.500000

 0.187500 0.583333

 0.187500 0.666667

 0.187500 0.750000

 0.187500 0.833333

 0.187500 0.916667

 0.187500 1.000000

 0.187500 0.000000

 0.187500 0.083333

 0.187500 0.166667

 0.187500 0.250000

 0.187500 0.333333

 0.187500 0.416667

 0.208333 0.500000

 0.208333 0.583333

 0.208333 0.666667

 0.208333 0.750000

 0.208333 0.833333

 0.208333 0.916667

 0.208333 1.000000

 0.208333 0.000000

 0.208333 0.083333

 0.208333 0.166667

 0.208333 0.250000

 0.208333 0.333333

 0.208333 0.416667

 0.229167 0.500000

 0.229167 0.583333

 0.229167 0.666667

 0.229167 0.750000

 0.229167 0.833333

 0.229167 0.916667

 0.229167 1.000000

 0.229167 0.000000

 0.229167 0.083333

 0.229167 0.166667

 0.229167 0.250000

 0.229167 0.333333

 0.229167 0.416667

 0.250000 0.500000

 0.250000 0.583333

 0.250000 0.666667

 0.250000 0.750000

 0.250000 0.833333

 0.250000 0.916667

 0.250000 1.000000

 0.250000 0.000000

 0.250000 0.083333

 0.250000 0.166667

 0.250000 0.250000

 0.250000 0.333333

 0.250000 0.416667

 0.270833 0.500000

 0.270833 0.583333

 0.270833 0.666667

 0.270833 0.750000

 0.270833 0.833333

 0.270833 0.916667

 0.270833 1.000000

 0.270833 0.000000

 0.270833 0.083333

 0.270833 0.166667

 0.270833 0.250000

 0.270833 0.333333

 0.270833 0.416667

 0.291667 0.500000

 0.291667 0.583333

 0.291667 0.666667

 0.291667 0.750000

 0.291667 0.833333

 0.291667 0.916667

 0.291667 1.000000

 0.291667 0.000000

 0.291667 0.083333

 0.291667 0.166667

 0.291667 0.250000

 0.291667 0.333333

 0.291667 0.416667

 0.312500 0.500000

 0.312500 0.583333

 0.312500 0.666667

 0.312500 0.750000

 0.312500 0.833333

 0.312500 0.916667

 0.312500 1.000000

 0.312500 0.000000

 0.312500 0.083333

 0.312500 0.166667

 0.312500 0.250000

 0.312500 0.333333

 0.312500 0.416667

 0.333333 0.500000

 0.333333 0.583333

 0.333333 0.666667

 0.333333 0.750000

 0.333333 0.833333

 0.333333 0.916667

 0.333333 1.000000

 0.333333 0.000000

 0.333333 0.083333

 0.333333 0.166667

 0.333333 0.250000

 0.333333 0.333333

 0.333333 0.416667

 0.354167 0.500000

 0.354167 0.583333

 0.354167 0.666667

 0.354167 0.750000

 0.354167 0.833333

 0.354167 0.916667

 0.354167 1.000000

 0.354167 0.000000

 0.354167 0.083333

 0.354167 0.166667

 0.354167 0.250000

 0.354167 0.333333

 0.354167 0.416667

 0.375000 0.500000

 0.375000 0.583333

 0.375000 0.666667

 0.375000 0.750000

 0.375000 0.833333

 0.375000 0.916667

 0.375000 1.000000

 0.375000 0.000000

 0.375000 0.083333

 0.375000 0.166667

 0.375000 0.250000

 0.375000 0.333333

 0.375000 0.416667

 0.395833 0.500000

 0.395833 0.583333

 0.395833 0.666667

 0.395833 0.750000

 0.395833 0.833333

 0.395833 0.916667

 0.395833 1.000000

 0.395833 0.000000

 0.395833 0.083333

 0.395833 0.166667

 0.395833 0.250000

 0.395833 0.333333

 0.395833 0.416667

 0.416667 0.500000

 0.416667 0.583333

 0.416667 0.666667

 0.416667 0.750000

 0.416667 0.833333

 0.416667 0.916667

 0.416667 1.000000

 0.416667 0.000000

 0.416667 0.083333

 0.416667 0.166667

 0.416667 0.250000

 0.416667 0.333333

 0.416667 0.416667

 0.437500 0.500000

 0.437500 0.583333

 0.437500 0.666667

 0.437500 0.750000

 0.437500 0.833333

 0.437500 0.916667

 0.437500 1.000000

 0.437500 0.000000

 0.437500 0.083333

 0.437500 0.166667

 0.437500 0.250000

 0.437500 0.333333

 0.437500 0.416667

 0.458333 0.500000

 0.458333 0.583333

 0.458333 0.666667

 0.458333 0.750000

 0.458333 0.833333

 0.458333 0.916667

 0.458333 1.000000

 0.458333 0.000000

 0.458333 0.083333

 0.458333 0.166667

 0.458333 0.250000

 0.458333 0.333333

 0.458333 0.416667

 0.479167 0.500000

 0.479167 0.583333

 0.479167 0.666667

 0.479167 0.750000

 0.479167 0.833333

 0.479167 0.916667

 0.479167 1.000000

 0.479167 0.000000

 0.479167 0.083333

 0.479167 0.166667

 0.479167 0.250000

 0.479167 0.333333

 0.479167 0.416667

uv:

 0 1 2

 0 2 3

 3 2 4

 3 4 5

 5 4 6

 5 6 7

 7 6 8

 7 8 9

 9 8 10

 9 10 11

 11 10 12

 11 12 13

 14 15 16

 14 16 17

 17 16 18

 17 18 19

 19 18 20

 19 20 21

 21 20 22

 21 22 23

 23 22 24

 23 24 25

 25 24 1

 25 1 0

 1 26 27

 1 27 2

 2 27 28

 2 28 4

 4 28 29

 4 29 6

 6 29 30

 6 30 8

 8 30 31

 8 31 10

 10 31 32

 10 32 12

 15 33 34

 15 34 16

 16 34 35

 16 35 18

 18 35 36

 18 36 20

 20 36 37

 20 37 22

 22 37 38

 22 38 24

 24 38 26

 24 26 1

 26 39 40

 26 40 27

 27 40 41

 27 41 28

 28 41 42

 28 42 29

 29 42 43

 29 43 30

 30 43 44

 30 44 31

 31 44 45

 31 45 32

 33 46 47

 33 47 34

 34 47 48

 34 48 35

 35 48 49

 35 49 36

 36 49 50

 36 50 37

 37 50 51

 37 51 38

 38 51 39

 38 39 26

 39 52 53

 39 53 40

 40 53 54

 40 54 41

 41 54 55

 41 55 42

 42 55 56

 42 56 43

 43 56 57

 43 57 44

 44 57 58

 44 58 45

 46 59 60

 46 60 47

 47 60 61

 47 61 48

 48 61 62

 48 62 49

 49 62 63

 49 63 50

 50 63 64

 50 64 51

 51 64 52

 51 52 39

 52 65 66

 52 66 53

 53 66 67

 53 67 54

 54 67 68

 54 68 55

 55 68 69

 55 69 56

 56 69 70

 56 70 57

 57 70 71

 57 71 58

 59 72 73

 59 73 60

 60 73 74

 60 74 61

 61 74 75

 61 75 62

 62 75 76

 62 76 63

 63 76 77

 63 77 64

 64 77 65

 64 65 52

 65 78 79

 65 79 66

 66 79 80

 66 80 67

 67 80 81

 67 81 68

 68 81 82

 68 82 69

 69 82 83

 69 83 70

 70 83 84

 70 84 71

 72 85 86

 72 86 73

 73 86 87

 73 87 74

 74 87 88

 74 88 75

 75 88 89

 75 89 76

 76 89 90

 76 90 77

 77 90 78

 77 78 65

 78 91 92

 78 92 79

 79 92 93

 79 93 80

 80 93 94

 80 94 81

 81 94 95

 81 95 82

 82 95 96

 82 96 83

 83 96 97

 83 97 84

 85 98 99

 85 99 86

 86 99 100

 86 100 87

 87 100 101

 87 101 88

 88 101 102

 88 102 89

 89 102 103

 89 103 90

 90 103 91

 90 91 78

 91 104 105

 91 105 92

 92 105 106

 92 106 93

 93 106 107

 93 107 94

 94 107 108

 94 108 95

 95 108 109

 95 109 96

 96 109 110

 96 110 97

 98 111 112

 98 112 99

 99 112 113

 99 113 100

 100 113 114

 100 114 101

 101 114 115

 101 115 102

 102 115 116

 102 116 103

 103 116 104

 103 104 91

 104 117 118

 104 118 105

 105 118 119

 105 119 106

 106 119 120

 106 120 107

 107 120 121

 107 121 108

 108 121 122

 108 122 109

 109 122 123

 109 123 110

 111 124 125

 111 125 112

 112 125 126

 112 126 113

 113 126 127

 113 127 114

 114 127 128

 114 128 115

 115 128 129

 115 129 116

 116 129 117

 116 117 104

 117 130 131

 117 131 118

 118 131 132

 118 132 119

 119 132 133

 119 133 120

 120 133 134

 120 134 121

 121 134 135

 121 135 122

 122 135 136

 122 136 123

 124 137 138

 124 138 125

 125 138 139

 125 139 126

 126 139 140

 126 140 127

 127 140 141

 127 141 128

 128 141 142

 128 142 129

 129 142 130

 129 130 117

 130 143 144

 130 144 131

 131 144 145

 131 145 132

 132 145 146

 132 146 133

 133 146 147

 133 147 134

 134 147 148

 134 148 135

 135 148 149

 135 149 136

 137 150 151

 137 151 138

 138 151 152

 138 152 139

 139 152 153

 139 153 140

 140 153 154

 140 154 141

 141 154 155

 141 155 142

 142 155 143

 142 143 130

 143 156 157

 143 157 144

 144 157 158

 144 158 145

 145 158 159

 145 159 146

 146 159 160

 146 160 147

 147 160 161

 147 161 148

 148 161 162

 148 162 149

 150 163 164

 150 164 151

 151 164 165

 151 165 152

 152 165 166

 152 166 153

 153 166 167

 153 167 154

 154 167 168

 154 168 155

 155 168 156

 155 156 143

 156 169 170

 156 170 157

 157 170 171

 157 171 158

 158 171 172

 158 172 159

 159 172 173

 159 173 160

 160 173 174

 160 174 161

 161 174 175

 161 175 162

 163 176 177

 163 177 164

 164 177 178

 164 178 165

 165 178 179

 165 179 166

 166 179 180

 166 180 167

 167 180 181

 167 181 168

 168 181 169

 168 169 156

 169 182 183

 169 183 170

 170 183 184

 170 184 171

 171 184 185

 171 185 172

 172 185 186

 172 186 173

 173 186 187

 173 187 174

 174 187 188

 174 188 175

 176 189 190

 176 190 177

 177 190 191

 177 191 178

 178 191 192

 178 192 179

 179 192 193

 179 193 180

 180 193 194

 180 194 181

 181 194 182

 181 182 169

 182 195 196

 182 196 183

 183 196 197

 183 197 184

 184 197 198

 184 198 185

 185 198 199

 185 199 186

 186 199 200

 186 200 187

 187 200 201

 187 201 188

 189 202 203

 189 203 190

 190 203 204

 190 204 191

 191 204 205

 191 205 192

 192 205 206

 192 206 193

 193 206 207

 193 207 194

 194 207 195

 194 195 182

 195 208 209

 195 209 196

 196 209 210

 196 210 197

 197 210 211

 197 211 198

 198 211 212

 198 212 199

 199 212 213

 199 213 200

 200 213 214

 200 214 201

 202 215 216

 202 216 203

 203 216 217

 203 217 204

 204 217 218

 204 218 205

 205 218 219

 205 219 206

 206 219 220

 206 220 207

 207 220 208

 207 208 195

 208 221 222

 208 222 209

 209 222 223

 209 223 210

 210 223 224

 210 224 211

 211 224 225

 211 225 212

 212 225 226

 212 226 213

 213 226 227

 213 227 214

 215 228 229

 215 229 216

 216 229 230

 216 230 217

 217 230 231

 217 231 218

 218 231 232

 218 232 219

 219 232 233

 219 233 220

 220 233 221

 220 221 208

 221 234 235

 221 235 222

 222 235 236

 222 236 223

 223 236 237

 223 237 224

 224 237 238

 224 238 225

 225 238 239

 225 239 226

 226 239 240

 226 240 227

 228 241 242

 228 242 229

 229 242 243

 229 243 230

 230 243 244

 230 244 231

 231 244 245

 231 245 232

 232 245 246

 232 246 233

 233 246 234

 233 234 221

 234 247 248

 234 248 235

 235 248 249

 235 249 236

 236 249 250

 236 250 237

 237 250 251

 237 251 238

 238 251 252

 238 252 239

 239 252 253

 239 253 240

 241 254 255

 241 255 242

 242 255 256

 242 256 243

 243 256 257

 243 257 244

 244 257 258

 244 258 245

 245 258 259

 245 259 246

 246 259 247

 246 247 234

 247 260 261

 247 261 248

 248 261 262

 248 262 249

 249 262 263

 249 263 250

 250 263 264

 250 264 251

 251 264 265

 251 265 252

 252 265 266

 252 266 253

 254 267 268

 254 268 255

 255 268 269

 255 269 256

 256 269 270

 256 270 257

 257 270 271

 257 271 258

 258 271 272

 258 272 259

 259 272 260

 259 260 247

 260 273 274

 260 274 261

 261 274 275

 261 275 262

 262 275 276

 262 276 263

 263 276 277

 263 277 264

 264 277 278

 264 278 265

 265 278 279

 265 279 266

 267 280 281

 267 281 268

 268 281 282

 268 282 269

 269 282 283

 269 283 270

 270 283 284

 270 284 271

 271 284 285

 271 285 272

 272 285 273

 272 273 260

 273 286 287

 273 287 274

 274 287 288

 274 288 275

 275 288 289

 275 289 276

 276 289 290

 276 290 277

 277 290 291

 277 291 278

 278 291 292

 278 292 279

 280 293 294

 280 294 281

 281 294 295

 281 295 282

 282 295 296

 282 296 283

 283 296 297

 283 297 284

 284 297 298

 284 298 285

 285 298 286

 285 286 273

 286 299 300

 286 300 287

 287 300 301

 287 301 288

 288 301 302

 288 302 289

 289 302 303

 289 303 290

 290 303 304

 290 304 291

 291 304 305

 291 305 292

 293 306 307

 293 307 294

 294 307 308

 294 308 295

 295 308 309

 295 309 296

 296 309 310

 296 310 297

 297 310 311

 297 311 298

 298 311 299

 298 299 286

 299 312 313

 299 313 300

 300 313 314

 300 314 301

 301 314 315

 301 315 302

 302 315 316

 302 316 303

 303 316 317

 303 317 304

 304 317 318

 304 318 305

 306 319 320

 306 320 307

 307 320 321

 307 321 308

 308 321 322

 308 322 309

 309 322 323

 309 323 310

 310 323 324

 310 324 311

 311 324 312

 311 312 299

 325 326 327

 325 327 328

 328 327 329

 328 329 330

 330 329 331

 330 331 332

 332 331 333

 332 333 334

 334 333 335

 334 335 336

 336 335 337

 336 337 338

 339 340 341

 339 341 342

 342 341 343

 342 343 344

 344 343 345

 344 345 346

 346 345 347

 346 347 348

 348 347 349

 348 349 350

 350 349 326

 350 326 325

 326 351 352

 326 352 327

 327 352 353

 327 353 329

 329 353 354

 329 354 331

 331 354 355

 331 355 333

 333 355 356

 333 356 335

 335 356 357

 335 357 337

 340 358 359

 340 359 341

 341 359 360

 341 360 343

 343 360 361

 343 361 345

 345 361 362

 345 362 347

 347 362 363

 347 363 349

 349 363 351

 349 351 326

 351 364 365

 351 365 352

 352 365 366

 352 366 353

 353 366 367

 353 367 354

 354 367 368

 354 368 355

 355 368 369

 355 369 356

 356 369 370

 356 370 357

 358 371 372

 358 372 359

 359 372 373

 359 373 360

 360 373 374

 360 374 361

 361 374 375

 361 375 362

 362 375 376

 362 376 363

 363 376 364

 363 364 351

 364 377 378

 364 378 365

 365 378 379

 365 379 366

 366 379 380

 366 380 367

 367 380 381

 367 381 368

 368 381 382

 368 382 369

 369 382 383

 369 383 370

 371 384 385

 371 385 372

 372 385 386

 372 386 373

 373 386 387

 373 387 374

 374 387 388

 374 388 375

 375 388 389

 375 389 376

 376 389 377

 376 377 364

 377 390 391

 377 391 378

 378 391 392

 378 392 379

 379 392 393

 379 393 380

 380 393 394

 380 394 381

 381 394 395

 381 395 382

 382 395 396

 382 396 383

 384 397 398

 384 398 385

 385 398 399

 385 399 386

 386 399 400

 386 400 387

 387 400 401

 387 401 388

 388 401 402

 388 402 389

 389 402 390

 389 390 377

 390 403 404

 390 404 391

 391 404 405

 391 405 392

 392 405 406

 392 406 393

 393 406 407

 393 407 394

 394 407 408

 394 408 395

 395 408 409

 395 409 396

 397 410 411

 397 411 398

 398 411 412

 398 412 399

 399 412 413

 399 413 400

 400 413 414

 400 414 401

 401 414 415

 401 415 402

 402 415 403

 402 403 390

 403 416 417

 403 417 404

 404 417 418

 404 418 405

 405 418 419

 405 419 406

 406 419 420

 406 420 407

 407 420 421

 407 421 408

 408 421 422

 408 422 409

 410 423 424

 410 424 411

 411 424 425

 411 425 412

 412 425 426

 412 426 413

 413 426 427

 413 427 414

 414 427 428

 414 428 415

 415 428 416

 415 416 403

 416 429 430

 416 430 417

 417 430 431

 417 431 418

 418 431 432

 418 432 419

 419 432 433

 419 433 420

 420 433 434

 420 434 421

 421 434 435

 421 435 422

 423 436 437

 423 437 424

 424 437 438

 424 438 425

 425 438 439

 425 439 426

 426 439 440

 426 440 427

 427 440 441

 427 441 428

 428 441 429

 428 429 416

 429 442 443

 429 443 430

 430 443 444

 430 444 431

 431 444 445

 431 445 432

 432 445 446

 432 446 433

 433 446 447

 433 447 434

 434 447 448

 434 448 435

 436 449 450

 436 450 437

 437 450 451

 437 451 438

 438 451 452

 438 452 439

 439 452 453

 439 453 440

 440 453 454

 440 454 441

 441 454 442

 441 442 429

 442 455 456

 442 456 443

 443 456 457

 443 457 444

 444 457 458

 444 458 445

 445 458 459

 445 459 446

 446 459 460

 446 460 447

 447 460 461

 447 461 448

 449 462 463

 449 463 450

 450 463 464

 450 464 451

 451 464 465

 451 465 452

 452 465 466

 452 466 453

 453 466 467

 453 467 454

 454 467 455

 454 455 442

 455 468 469

 455 469 456

 456 469 470

 456 470 457

 457 470 471

 457 471 458

 458 471 472

 458 472 459

 459 472 473

 459 473 460

 460 473 474

 460 474 461

 462 475 476

 462 476 463

 463 476 477

 463 477 464

 464 477 478

 464 478 465

 465 478 479

 465 479 466

 466 479 480

 466 480 467

 467 480 468

 467 468 455

 468 481 482

 468 482 469

 469 482 483

 469 483 470

 470 483 484

 470 484 471

 471 484 485

 471 485 472

 472 485 486

 472 486 473

 473 486 487

 473 487 474

 475 488 489

 475 489 476

 476 489 490

 476 490 477

 477 490 491

 477 491 478

 478 491 492

 478 492 479

 479 492 493

 479 493 480

 480 493 481

 480 481 468

 481 494 495

 481 495 482

 482 495 496

 482 496 483

 483 496 497

 483 497 484

 484 497 498

 484 498 485

 485 498 499

 485 499 486

 486 499 500

 486 500 487

 488 501 502

 488 502 489

 489 502 503

 489 503 490

 490 503 504

 490 504 491

 491 504 505

 491 505 492

 492 505 506

 492 506 493

 493 506 494

 493 494 481

 494 507 508

 494 508 495

 495 508 509

 495 509 496

 496 509 510

 496 510 497

 497 510 511

 497 511 498

 498 511 512

 498 512 499

 499 512 513

 499 513 500

 501 514 515

 501 515 502

 502 515 516

 502 516 503

 503 516 517

 503 517 504

 504 517 518

 504 518 505

 505 518 519

 505 519 506

 506 519 507

 506 507 494

 507 520 521

 507 521 508

 508 521 522

 508 522 509

 509 522 523

 509 523 510

 510 523 524

 510 524 511

 511 524 525

 511 525 512

 512 525 526

 512 526 513

 514 527 528

 514 528 515

 515 528 529

 515 529 516

 516 529 530

 516 530 517

 517 530 531

 517 531 518

 518 531 532

 518 532 519

 519 532 520

 519 520 507

 520 533 534

 520 534 521

 521 534 535

 521 535 522

 522 535 536

 522 536 523

 523 536 537

 523 537 524

 524 537 538

 524 538 525

 525 538 539

 525 539 526

 527 540 541

 527 541 528

 528 541 542

 528 542 529

 529 542 543

 529 543 530

 530 543 544

 530 544 531

 531 544 545

 531 545 532

 532 545 533

 532 533 520

 533 546 547

 533 547 534

 534 547 548

 534 548 535

 535 548 549

 535 549 536

 536 549 550

 536 550 537

 537 550 551

 537 551 538

 538 551 552

 538 552 539

 540 553 554

 540 554 541

 541 554 555

 541 555 542

 542 555 556

 542 556 543

 543 556 557

 543 557 544

 544 557 558

 544 558 545

 545 558 546

 545 546 533

 546 559 560

 546 560 547

 547 560 561

 547 561 548

 548 561 562

 548 562 549

 549 562 563

 549 563 550

 550 563 564

 550 564 551

 551 564 565

 551 565 552

 553 566 567

 553 567 554

 554 567 568

 554 568 555

 555 568 569

 555 569 556

 556 569 570

 556 570 557

 557 570 571

 557 571 558

 558 571 559

 558 559 546

 559 572 573

 559 573 560

 560 573 574

 560 574 561

 561 574 575

 561 575 562

 562 575 576

 562 576 563

 563 576 577

 563 577 564

 564 577 578

 564 578 565

 566 579 580

 566 580 567

 567 580 581

 567 581 568

 568 581 582

 568 582 569

 569 582 583

 569 583 570

 570 583 584

 570 584 571

 571 584 572

 571 572 559

 572 585 586

 572 586 573

 573 586 587

 573 587 574

 574 587 588

 574 588 575

 575 588 589

 575 589 576

 576 589 590

 576 590 577

 577 590 591

 577 591 578

 579 592 593

 579 593 580

 580 593 594

 580 594 581

 581 594 595

 581 595 582

 582 595 596

 582 596 583

 583 596 597

 583 597 584

 584 597 585

 584 585 572

 585 598 599

 585 599 586

 586 599 600

 586 600 587

 587 600 601

 587 601 588

 588 601 602

 588 602 589

 589 602 603

 589 603 590

 590 603 604

 590 604 591

 592 605 606

 592 606 593

 593 606 607

 593 607 594

 594 607 608

 594 608 595

 595 608 609

 595 609 596

 596 609 610

 596 610 597

 597 610 598

 597 598 585

 598 611 612

 598 612 599

 599 612 613

 599 613 600

 600 613 614

 600 614 601

 601 614 615

 601 615 602

 602 615 616

 602 616 603

 603 616 617

 603 617 604

 605 618 619

 605 619 606

 606 619 620

 606 620 607

 607 620 621

 607 621 608

 608 621 622

 608 622 609

 609 622 623

 609 623 610

 610 623 611

 610 611 598

 611 624 625

 611 625 612

 612 625 626

 612 626 613

 613 626 627

 613 627 614

 614 627 628

 614 628 615

 615 628 629

 615 629 616

 616 629 630

 616 630 617

 618 631 632

 618 632 619

 619 632 633

 619 633 620

 620 633 634

 620 634 621

 621 634 635

 621 635 622

 622 635 636

 622 636 623

 623 636 624

 623 624 611

 624 0 3

 624 3 625

 625 3 5

 625 5 626

 626 5 7

 626 7 627

 627 7 9

 627 9 628

 628 9 11

 628 11 629

 629 11 13

 629 13 630

 631 14 17

 631 17 632

 632 17 19

 632 19 633

 633 19 21

 633 21 634

 634 21 23

 634 23 635

 635 23 25

 635 25 636

 636 25 0

 636 0 624

palette:

 255 255 255 255

color:

 0 0 0

 0 0 0

 0 0 0

 0 0 0

 0 0 0

 0 0 0

 0 0 0

 0 0 0

 0 0 0

 0 0 0

 0 0 0

 0 0 0

 0 0 0

 0 0 0

 0 0 0

 0 0 0

 0 0 0

 0 0 0

 0 0 0

 0 0 0

 0 0 0

 0 0 0

 0 0 0

 0 0 0

 0 0 0

 0 0 0

 0 0 0

 0 0 0

 0 0 0

 0 0 0

 0 0 0

 0 0 0

 0 0 0

 0 0 0

 0 0 0

 0 0 0

 0 0 0

 0 0 0

 0 0 0

 0 0 0

 0 0 0

 0 0 0

 0 0 0

 0 0 0

 0 0 0

 0 0 0

 0 0 0

 0 0 0

 0 0 0

 0 0 0

 0 0 0

 0 0 0

 0 0 0

 0 0 0

 0 0 0

 0 0 0

 0 0 0

 0 0 0

 0 0 0

 0 0 0

 0 0 0

 0 0 0

 0 0 0

 0 0 0

 0 0 0

 0 0 0

 0 0 0

 0 0 0

 0 0 0

 0 0 0

 0 0 0

 0 0 0

 0 0 0

 0 0 0

 0 0 0

 0 0 0

 0 0 0

 0 0 0

 0 0 0

 0 0 0

 0 0 0

 0 0 0

 0 0 0

 0 0 0

 0 0 0

 0 0 0

 0 0 0

 0 0 0

 0 0 0

 0 0 0

 0 0 0

 0 0 0

 0 0 0

 0 0 0

 0 0 0

 0 0 0

 0 0 0

 0 0 0

 0 0 0

 0 0 0

 0 0 0

 0 0 0

 0 0 0

 0 0 0

 0 0 0

 0 0 0

 0 0 0

 0 0 0

 0 0 0

 0 0 0

 0 0 0

 0 0 0

 0 0 0

 0 0 0

 0 0 0

 0 0 0

 0 0 0

 0 0 0

 0 0 0

 0 0 0

 0 0 0

 0 0 0

 0 0 0

 0 0 0

 0 0 0

 0 0 0

 0 0 0

 0 0 0

 0 0 0

 0 0 0

 0 0 0

 0 0 0

 0 0 0

 0 0 0

 0 0 0

 0 0 0

 0 0 0

 0 0 0

 0 0 0

 0 0 0

 0 0 0

 0 0 0

 0 0 0

 0 0 0

 0 0 0

 0 0 0

 0 0 0

 0 0 0

 0 0 0

 0 0 0

 0 0 0

 0 0 0

 0 0 0

 0 0 0

 0 0 0

 0 0 0

 0 0 0

 0 0 0

 0 0 0

 0 0 0

 0 0 0

 0 0 0

 0 0 0

 0 0 0

 0 0 0

 0 0 0

 0 0 0

 0 0 0

 0 0 0

 0 0 0

 0 0 0

 0 0 0

 0 0 0

 0 0 0

 0 0 0

 0 0 0

 0 0 0

 0 0 0

 0 0 0

 0 0 0

 0 0 0

 0 0 0

 0 0 0

 0 0 0

 0 0 0

 0 0 0

 0 0 0

 0 0 0

 0 0 0

 0 0 0

 0 0 0

 0 0 0

 0 0 0

 0 0 0

 0 0 0

 0 0 0

 0 0 0

 0 0 0

 0 0 0

 0 0 0

 0 0 0

 0 0 0

 0 0 0

 0 0 0

 0 0 0

 0 0 0

 0 0 0

 0 0 0

 0 0 0

 0 0 0

 0 0 0

 0 0 0

 0 0 0

 0 0 0

 0 0 0

 0 0 0

 0 0 0

 0 0 0

 0 0 0

 0 0 0

 0 0 0

 0 0 0

 0 0 0

 0 0 0

 0 0 0

 0 0 0

 0 0 0

 0 0 0

 0 0 0

 0 0 0

 0 0 0

 0 0 0

 0 0 0

 0 0 0

 0 0 0

 0 0 0

 0 0 0

 0 0 0

 0 0 0

 0 0 0

 0 0 0

 0 0 0

 0 0 0

 0 0 0

 0 0 0

 0 0 0

 0 0 0

 0 0 0

 0 0 0

 0 0 0

 0 0 0

 0 0 0

 0 0 0

 0 0 0

 0 0 0

 0 0 0

 0 0 0

 0 0 0

 0 0 0

 0 0 0

 0 0 0

 0 0 0

 0 0 0

 0 0 0

 0 0 0

 0 0 0

 0 0 0

 0 0 0

 0 0 0

 0 0 0

 0 0 0

 0 0 0

 0 0 0

 0 0 0

 0 0 0

 0 0 0

 0 0 0

 0 0 0

 0 0 0

 0 0 0

 0 0 0

 0 0 0

 0 0 0

 0 0 0

 0 0 0

 0 0 0

 0 0 0

 0 0 0

 0 0 0

 0 0 0

 0 0 0

 0 0 0

 0 0 0

 0 0 0

 0 0 0

 0 0 0

 0 0 0

 0 0 0

 0 0 0

 0 0 0

 0 0 0

 0 0 0

 0 0 0

 0 0 0

 0 0 0

 0 0 0

 0 0 0

 0 0 0

 0 0 0

 0 0 0

 0 0 0

 0 0 0

 0 0 0

 0 0 0

 0 0 0

 0 0 0

 0 0 0

 0 0 0

 0 0 0

 0 0 0

 0 0 0

 0 0 0

 0 0 0

 0 0 0

 0 0 0

 0 0 0

 0 0 0

 0 0 0

 0 0 0

 0 0 0

 0 0 0

 0 0 0

 0 0 0

 0 0 0

 0 0 0

 0 0 0

 0 0 0

 0 0 0

 0 0 0

 0 0 0

 0 0 0

 0 0 0

 0 0 0

 0 0 0

 0 0 0

 0 0 0

 0 0 0

 0 0 0

 0 0 0

 0 0 0

 0 0 0

 0 0 0

 0 0 0

 0 0 0

 0 0 0

 0 0 0

 0 0 0

 0 0 0

 0 0 0

 0 0 0

 0 0 0

 0 0 0

 0 0 0

 0 0 0

 0 0 0

 0 0 0

 0 0 0

 0 0 0

 0 0 0

 0 0 0

 0 0 0

 0 0 0

 0 0 0

 0 0 0

 0 0 0

 0 0 0

 0 0 0

 0 0 0

 0 0 0

 0 0 0

 0 0 0

 0 0 0

 0 0 0

 0 0 0

 0 0 0

 0 0 0

 0 0 0

 0 0 0

 0 0 0

 0 0 0

 0 0 0

 0 0 0

 0 0 0

 0 0 0

 0 0 0

 0 0 0

 0 0 0

 0 0 0

 0 0 0

 0 0 0

 0 0 0

 0 0 0

 0 0 0

 0 0 0

 0 0 0

 0 0 0

 0 0 0

 0 0 0

 0 0 0

 0 0 0

 0 0 0

 0 0 0

 0 0 0

 0 0 0

 0 0 0

 0 0 0

 0 0 0

 0 0 0

 0 0 0

 0 0 0

 0 0 0

 0 0 0

 0 0 0

 0 0 0

 0 0 0

 0 0 0

 0 0 0

 0 0 0

 0 0 0

 0 0 0

 0 0 0

 0 0 0

 0 0 0

 0 0 0

 0 0 0

 0 0 0

 0 0 0

 0 0 0

 0 0 0

 0 0 0

 0 0 0

 0 0 0

 0 0 0

 0 0 0

 0 0 0

 0 0 0

 0 0 0

 0 0 0

 0 0 0

 0 0 0

 0 0 0

 0 0 0

 0 0 0

 0 0 0

 0 0 0

 0 0 0

 0 0 0

 0 0 0

 0 0 0

 0 0 0

 0 0 0

 0 0 0

 0 0 0

 0 0 0

 0 0 0

 0 0 0

 0 0 0

 0 0 0

 0 0 0

 0 0 0

 0 0 0

 0 0 0

 0 0 0

 0 0 0

 0 0 0

 0 0 0

 0 0 0

 0 0 0

 0 0 0

 0 0 0

 0 0 0

 0 0 0

 0 0 0

 0 0 0

 0 0 0

 0 0 0

 0 0 0

 0 0 0

 0 0 0

 0 0 0

 0 0 0

 0 0 0

 0 0 0

 0 0 0

 0 0 0

 0 0 0

 0 0 0

 0 0 0

 0 0 0

 0 0 0

 0 0 0

 0 0 0

 0 0 0

 0 0 0

 0 0 0

 0 0 0

 0 0 0

 0 0 0

 0 0 0

 0 0 0

 0 0 0

 0 0 0

 0 0 0

 0 0 0

 0 0 0

 0 0 0

 0 0 0

 0 0 0

 0 0 0

 0 0 0

 0 0 0

 0 0 0

 0 0 0

 0 0 0

 0 0 0

 0 0 0

 0 0 0

 0 0 0

 0 0 0

 0 0 0

 0 0 0

 0 0 0

 0 0 0

 0 0 0

 0 0 0

 0 0 0

 0 0 0

 0 0 0

 0 0 0

 0 0 0

 0 0 0

 0 0 0

 0 0 0

 0 0 0

 0 0 0

 0 0 0

 0 0 0

 0 0 0

 0 0 0

 0 0 0

 0 0 0

 0 0 0

 0 0 0

 0 0 0

 0 0 0

 0 0 0

 0 0 0

 0 0 0

 0 0 0

 0 0 0

 0 0 0

 0 0 0

 0 0 0

 0 0 0

 0 0 0

 0 0 0

 0 0 0

 0 0 0

 0 0 0

 0 0 0

 0 0 0

 0 0 0

 0 0 0

 0 0 0

 0 0 0

 0 0 0

 0 0 0

 0 0 0

 0 0 0

 0 0 0

 0 0 0

 0 0 0

 0 0 0

 0 0 0

 0 0 0

 0 0 0

 0 0 0

 0 0 0

 0 0 0

 0 0 0

 0 0 0

 0 0 0

 0 0 0

 0 0 0

 0 0 0

 0 0 0

 0 0 0

 0 0 0

 0 0 0

 0 0 0

 0 0 0

 0 0 0

 0 0 0

 0 0 0

 0 0 0

 0 0 0

 0 0 0

 0 0 0

 0 0 0

 0 0 0

 0 0 0

 0 0 0

 0 0 0

 0 0 0

 0 0 0

 0 0 0

 0 0 0

 0 0 0

 0 0 0

 0 0 0

 0 0 0

 0 0 0

 0 0 0

 0 0 0

 0 0 0

 0 0 0

 0 0 0

 0 0 0

 0 0 0

 0 0 0

 0 0 0

 0 0 0

 0 0 0

 0 0 0

 0 0 0

 0 0 0

 0 0 0

 0 0 0

 0 0 0

 0 0 0

 0 0 0

 0 0 0

 0 0 0

 0 0 0

 0 0 0

 0 0 0

 0 0 0

 0 0 0

 0 0 0

 0 0 0

 0 0 0

 0 0 0

 0 0 0

 0 0 0

 0 0 0

 0 0 0

 0 0 0

 0 0 0

 0 0 0

 0 0 0

 0 0 0

 0 0 0

 0 0 0

 0 0 0

 0 0 0

 0 0 0

 0 0 0

 0 0 0

 0 0 0

 0 0 0

 0 0 0

 0 0 0

 0 0 0

 0 0 0

 0 0 0

 0 0 0

 0 0 0

 0 0 0

 0 0 0

 0 0 0

 0 0 0

 0 0 0

 0 0 0

 0 0 0

 0 0 0

 0 0 0

 0 0 0

 0 0 0

 0 0 0

 0 0 0

 0 0 0

 0 0 0

 0 0 0

 0 0 0

 0 0 0

 0 0 0

 0 0 0

 0 0 0

 0 0 0

 0 0 0

 0 0 0

 0 0 0

 0 0 0

 0 0 0

 0 0 0

 0 0 0

 0 0 0

 0 0 0

 0 0 0

 0 0 0

 0 0 0

 0 0 0

 0 0 0

 0 0 0

 0 0 0

 0 0 0

 0 0 0

 0 0 0

 0 0 0

 0 0 0

 0 0 0

 0 0 0

 0 0 0

 0 0 0

 0 0 0

 0 0 0

 0 0 0

 0 0 0

 0 0 0

 0 0 0

 0 0 0

 0 0 0

 0 0 0

 0 0 0

 0 0 0

 0 0 0

 0 0 0

 0 0 0

 0 0 0

 0 0 0

 0 0 0

 0 0 0

 0 0 0

 0 0 0

 0 0 0

 0 0 0

 0 0 0

 0 0 0

 0 0 0

 0 0 0

 0 0 0

 0 0 0

 0 0 0

 0 0 0

 0 0 0

 0 0 0

 0 0 0

 0 0 0

 0 0 0

 0 0 0

 0 0 0

 0 0 0

 0 0 0

 0 0 0

 0 0 0

 0 0 0

 0 0 0

 0 0 0

 0 0 0

 0 0 0

 0 0 0

 0 0 0

 0 0 0

 0 0 0

 0 0 0

 0 0 0

 0 0 0

 0 0 0

 0 0 0

 0 0 0

 0 0 0

 0 0 0

 0 0 0

 0 0 0

 0 0 0

 0 0 0

 0 0 0

 0 0 0

 0 0 0

 0 0 0

 0 0 0

 0 0 0

 0 0 0

 0 0 0

 0 0 0

 0 0 0

 0 0 0

 0 0 0

 0 0 0

 0 0 0

 0 0 0

 0 0 0

 0 0 0

 0 0 0

 0 0 0

 0 0 0

 0 0 0

 0 0 0

 0 0 0

 0 0 0

 0 0 0

 0 0 0

 0 0 0

 0 0 0

 0 0 0

 0 0 0

 0 0 0

 0 0 0

 0 0 0

 0 0 0

 0 0 0

 0 0 0

 0 0 0

 0 0 0

 0 0 0

 0 0 0

 0 0 0

 0 0 0

 0 0 0

 0 0 0

 0 0 0

 0 0 0

 0 0 0

 0 0 0

 0 0 0

 0 0 0

 0 0 0

 0 0 0

 0 0 0

 0 0 0

 0 0 0

 0 0 0

 0 0 0

 0 0 0

 0 0 0

 0 0 0

 0 0 0

 0 0 0

 0 0 0

 0 0 0

 0 0 0

 0 0 0

 0 0 0

 0 0 0

 0 0 0

 0 0 0

 0 0 0

 0 0 0

 0 0 0

 0 0 0

 0 0 0

 0 0 0

 0 0 0

 0 0 0

 0 0 0

 0 0 0

 0 0 0

 0 0 0

 0 0 0

 0 0 0

 0 0 0

 0 0 0

 0 0 0

 0 0 0

 0 0 0

 0 0 0

 0 0 0

 0 0 0

 0 0 0

 0 0 0

 0 0 0

 0 0 0

 0 0 0

 0 0 0

 0 0 0

 0 0 0

 0 0 0

 0 0 0

 0 0 0

 0 0 0

 0 0 0

 0 0 0

 0 0 0

 0 0 0

 0 0 0

 0 0 0

 0 0 0

 0 0 0

 0 0 0

 0 0 0

 0 0 0

 0 0 0

 0 0 0

 0 0 0

 0 0 0

 0 0 0

 0 0 0

 0 0 0

 0 0 0

 0 0 0

 0 0 0

 0 0 0

 0 0 0

 0 0 0

 0 0 0

 0 0 0

 0 0 0

 0 0 0

 0 0 0

 0 0 0

 0 0 0

 0 0 0

 0 0 0

 0 0 0

 0 0 0

 0 0 0

 0 0 0

 0 0 0

 0 0 0

 0 0 0

 0 0 0

 0 0 0

 0 0 0

 0 0 0

 0 0 0

 0 0 0

 0 0 0

 0 0 0

 0 0 0

 0 0 0

 0 0 0

 0 0 0

 0 0 0

 0 0 0

 0 0 0

 0 0 0

 0 0 0

 0 0 0

 0 0 0

 0 0 0

 0 0 0

 0 0 0

 0 0 0

 0 0 0

 0 0 0

 0 0 0

 0 0 0

 0 0 0

 0 0 0

 0 0 0

 0 0 0

 0 0 0

 0 0 0

 0 0 0

 0 0 0

 0 0 0

 0 0 0

 0 0 0

 0 0 0

 0 0 0

 0 0 0

 0 0 0

 0 0 0

 0 0 0

 0 0 0

 0 0 0

 0 0 0

 0 0 0

 0 0 0

 0 0 0

 0 0 0

 0 0 0

 0 0 0

 0 0 0

 0 0 0

 0 0 0

 0 0 0

 0 0 0

 0 0 0

 0 0 0

 0 0 0

 0 0 0

 0 0 0

 0 0 0

 0 0 0

 0 0 0

 0 0 0

 0 0 0

 0 0 0

 0 0 0

 0 0 0

 0 0 0

 0 0 0

 0 0 0

 0 0 0

 0 0 0

 0 0 0

 0 0 0

 0 0 0

 0 0 0

 0 0 0

 0 0 0

 0 0 0

 0 0 0

 0 0 0

 0 0 0

 0 0 0

 0 0 0

 0 0 0

 0 0 0

 0 0 0

 0 0 0

 0 0 0

 0 0 0

 0 0 0

 0 0 0

 0 0 0

 0 0 0

 0 0 0

 0 0 0

 0 0 0

 0 0 0

 0 0 0

 0 0 0

 0 0 0

 0 0 0

 0 0 0

 0 0 0

 0 0 0

 0 0 0

 0 0 0

 0 0 0

 0 0 0

 0 0 0

 0 0 0

 0 0 0

 0 0 0

 0 0 0

 0 0 0

 0 0 0

 0 0 0

 0 0 0

 0 0 0

 0 0 0

 0 0 0

 0 0 0

 0 0 0

 0 0 0

 0 0 0

 0 0 0

 0 0 0

 0 0 0

 0 0 0

 0 0 0

 0 0 0

 0 0 0

 0 0 0

 0 0 0

 0 0 0

 0 0 0

 0 0 0

 0 0 0

 0 0 0

 0 0 0

 0 0 0

 0 0 0

 0 0 0

 0 0 0

 0 0 0

 0 0 0

 0 0 0

 0 0 0

 0 0 0

 0 0 0

 0 0 0

 0 0 0

 0 0 0

 0 0 0

 0 0 0

 0 0 0

 0 0 0

 0 0 0

 0 0 0

 0 0 0

 0 0 0

 0 0 0

 0 0 0

 0 0 0

 0 0 0

 0 0 0

 0 0 0

 0 0 0

 0 0 0

 0 0 0

 0 0 0

 0 0 0

 0 0 0

 0 0 0

 0 0 0

 0 0 0

 0 0 0

 0 0 0

 0 0 0

 0 0 0

 0 0 0

 0 0 0

 0 0 0

 0 0 0

 0 0 0

 0 0 0

 0 0 0

 0 0 0

 0 0 0

 0 0 0

 0 0 0

 0 0 0

 0 0 0

 0 0 0

 0 0 0

 0 0 0

 0 0 0

 0 0 0

 0 0 0

 0 0 0

 0 0 0

 0 0 0

 0 0 0

 0 0 0

 0 0 0

 0 0 0

 0 0 0

 0 0 0

 0 0 0

 0 0 0

 0 0 0

 0 0 0

 0 0 0

 0 0 0

 0 0 0

 0 0 0

 0 0 0

 0 0 0

