vectors:

 35.657795 -15.457666 61.760864

 35.589382 -15.457666 61.698177

 34.480667 -15.457666 61.746586

 34.417980 -15.457666 61.814999

 34.331581 -9.433341 63.544731

 34.368053 -10.514465 63.444534

 34.442749 -12.728810 63.239311

 34.479218 -13.809934 63.139111

 35.712196 -13.809933 63.085278

 35.757259 -12.728809 63.181915

 35.849556 -10.514464 63.379848

 35.894619 -9.433341 63.476486

 35.858913 -13.809933 62.925163

 35.959110 -12.728809 62.961632

 36.164337 -10.514464 63.036327

 36.264534 -9.433341 63.072796

 35.754433 -14.376543 61.715801

 35.952366 -12.162199 61.623505

 36.049004 -11.081075 61.578442

 36.259342 -8.869667 61.480171

 35.625854 -14.376543 61.597980

 35.700550 -12.162199 61.392757

 35.737019 -11.081074 61.292561

 35.816582 -8.869667 61.074455

 34.435604 -14.376543 61.649948

 34.343307 -12.162201 61.452015

 34.298244 -11.081075 61.355377

 34.199974 -8.869667 61.145039

 34.317783 -14.376543 61.778526

 34.112560 -12.162200 61.703835

 34.012360 -11.081076 61.667362

 33.794258 -8.869667 61.587799

 34.319103 -13.809934 62.992393

 34.222466 -12.728810 63.037460

 34.024532 -10.514465 63.129757

 33.927895 -9.433341 63.174820

 36.480873 -7.227905 61.376873

 35.900181 -7.227905 60.844765

 34.096672 -7.227905 60.923508

 33.564568 -7.227905 61.504200

tris:

 16 0 1

 16 1 20

 24 2 3

 24 3 28

 35 34 5

 35 5 4

 33 32 7

 33 7 6

 38 27 31

 38 31 39

 26 25 29

 26 29 30

 36 19 23

 36 23 37

 18 17 21

 18 21 22

 11 10 14

 11 14 15

 9 8 12

 9 12 13

vector2s:

 0.925122 0.325103

 0.916662 0.446256

 0.890582 0.446256

 0.882121 0.325103

 0.916661 0.446256

 0.890583 0.446256

 0.944929 0.325103

 0.941662 0.446256

 0.858100 0.446256

 0.854835 0.325103

 0.931460 0.325103

 0.925554 0.446256

 0.874207 0.446256

 0.868300 0.325103

 0.956820 0.316951

 0.951415 0.454408

 0.855827 0.454408

 0.850422 0.316951

 0.942773 0.325103

 0.938458 0.446256

 0.868784 0.446256

 0.864471 0.325103

 0.938457 0.446256

 0.868785 0.446256

 0.864470 0.325103

 0.944928 0.325103

 0.858099 0.446256

 0.854834 0.325103

 0.931461 0.325103

uv:

 0 1 2

 0 2 3

 0 4 5

 0 5 3

 6 7 8

 6 8 9

 10 11 12

 10 12 13

 14 15 16

 14 16 17

 18 19 20

 18 20 21

 14 15 16

 14 16 17

 18 22 23

 18 23 24

 25 7 26

 25 26 27

 28 11 12

 28 12 13

palette:

 202 204 202 255

 64 69 63 255

 255 255 255 255

 57 63 56 255

 216 216 216 255

color:

 0 1 1

 0 1 0

 0 1 1

 0 1 0

 2 2 2

 2 2 2

 2 2 2

 2 2 2

 3 4 4

 3 4 3

 2 2 2

 2 2 2

 3 4 4

 3 4 3

 2 2 2

 2 2 2

 2 2 2

 2 2 2

 2 2 2

 2 2 2

