vectors:

 -0.538975 1.619366 2.392312

 -0.045869 -0.368295 2.921684

 -0.538975 1.619366 5.648019

 -0.045869 -0.368295 5.118647

 2.690977 1.961683 2.392312

 2.197869 -0.368295 2.921684

 2.690977 1.619366 5.648019

 2.197869 -0.368295 5.118647

 1.076001 -1.406597 4.020165

 -0.045869 0.127243 2.921684

 -0.045869 0.127243 5.118647

 2.197869 0.127243 5.118647

 2.197869 0.127243 2.921684

 -0.294404 -0.120526 2.678331

 -0.294404 -0.120526 5.362000

 2.446404 -0.120526 5.362000

 2.446404 -0.120526 2.678331

 -0.045869 1.159570 5.118647

 2.197869 1.159570 5.118647

 2.197869 1.159570 2.921684

 -0.045869 1.159570 2.921684

 2.111619 1.593953 -2.829026

 1.464144 -0.724342 -3.151771

 0.969493 1.263320 -5.877826

 0.693433 -0.724342 -5.209111

 -0.913061 1.263320 -1.695935

 -0.637001 -0.724342 -2.364650

 -2.055187 1.263320 -4.744735

 -1.407711 -0.724342 -4.421991

 0.028216 -1.762643 -3.786881

 1.464144 -0.228803 -3.151771

 0.693433 -0.228803 -5.209111

 -1.407711 -0.228803 -4.421991

 -0.637001 -0.228803 -2.364650

 1.782253 -0.476572 -3.011071

 0.840802 -0.476572 -5.524186

 -1.725821 -0.476572 -4.562691

 -0.784370 -0.476572 -2.049575

 0.693433 0.803523 -5.209111

 -1.407711 0.803523 -4.421991

 -0.637001 0.803523 -2.364650

 1.464144 0.803523 -3.151771

 5.700424 -2.254159 -0.653132

 5.700424 -2.254159 1.543830

 3.456686 -2.254159 1.543830

 3.456686 -2.254159 -0.653132

 4.578555 -3.787999 0.445349

 5.700424 -2.749698 1.543830

 6.193531 -0.762036 2.073203

 5.700424 -2.749698 -0.653132

 6.193531 -1.258162 -1.182505

 3.456686 -2.749698 1.543830

 2.963580 1.577070 2.073203

 3.456686 -2.749698 -0.653132

 2.963580 0.057884 -1.182505

 3.208150 -2.501929 -0.896485

 3.208150 -2.501929 1.787184

 5.948959 -2.501929 1.787184

 5.948959 -2.501929 -0.896485

 3.456686 -1.221833 1.543830

 5.700424 -1.221833 1.543830

 5.700424 -1.221833 -0.653132

 3.456686 -1.221833 -0.653132

 -3.787571 0.268925 -0.625927

 -3.542170 -0.465055 -0.457087

 -3.647450 0.129839 0.701002

 -3.542170 -0.465055 0.443554

 -2.495023 0.573448 -0.716653

 -2.622352 -0.465055 -0.457087

 -2.398997 0.562461 0.614514

 -2.622352 -0.465055 0.443554

 -3.082261 -0.890705 -0.006766

 -3.542170 -0.261910 -0.457087

 -3.542170 -0.261910 0.443554

 -2.622352 -0.261910 0.443554

 -2.622352 -0.261910 -0.457087

 -3.644056 -0.363483 -0.556849

 -3.644056 -0.363483 0.543317

 -2.520466 -0.363483 0.543317

 -2.520466 -0.363483 -0.556849

 -3.542170 0.161290 0.443554

 -2.622352 0.161290 0.443554

 -2.622352 0.161290 -0.457087

 -3.542170 0.161290 -0.457087

 -2.687620 0.781010 1.817041

 -2.573877 0.047030 2.092344

 -3.293281 0.641924 3.005970

 -3.064706 0.047030 2.847487

 -1.554437 1.085533 2.445382

 -1.802655 0.047030 2.593624

 -2.199381 1.074546 3.613832

 -2.293484 0.047030 3.348767

 -2.433680 -0.378620 2.720556

 -2.573877 0.250175 2.092344

 -3.064706 0.250175 2.847487

 -2.293484 0.250175 3.348767

 -1.802655 0.250175 2.593624

 -2.604935 0.148602 1.953173

 -3.204501 0.148602 2.875607

 -2.262425 0.148602 3.487938

 -1.662860 0.148602 2.565504

 -3.064706 0.673375 2.847487

 -2.293484 0.673375 3.348767

 -1.802655 0.673375 2.593624

 -2.573877 0.673375 2.092344

tris:

 13 1 3

 13 3 14

 14 3 7

 14 7 15

 15 7 5

 15 5 16

 16 5 1

 16 1 13

 5 7 8

 3 1 8

 1 5 8

 7 3 8

 19 12 9

 19 9 20

 18 11 12

 18 12 19

 17 10 11

 17 11 18

 20 9 10

 20 10 17

 12 16 13

 12 13 9

 11 15 16

 11 16 12

 10 14 15

 10 15 11

 9 13 14

 9 14 10

 0 20 17

 0 17 2

 2 17 18

 2 18 6

 6 18 19

 6 19 4

 4 19 20

 4 20 0

 34 22 24

 34 24 35

 35 24 28

 35 28 36

 36 28 26

 36 26 37

 37 26 22

 37 22 34

 26 28 29

 24 22 29

 22 26 29

 28 24 29

 40 33 30

 40 30 41

 39 32 33

 39 33 40

 38 31 32

 38 32 39

 41 30 31

 41 31 38

 33 37 34

 33 34 30

 32 36 37

 32 37 33

 31 35 36

 31 36 32

 30 34 35

 30 35 31

 21 41 38

 21 38 23

 23 38 39

 23 39 27

 27 39 40

 27 40 25

 25 40 41

 25 41 21

 53 49 46

 57 47 49

 57 49 58

 55 53 51

 55 51 56

 47 51 46

 56 51 47

 56 47 57

 51 53 46

 49 47 46

 58 49 53

 58 53 55

 61 42 45

 61 45 62

 60 43 42

 60 42 61

 59 44 43

 59 43 60

 62 45 44

 62 44 59

 42 58 55

 42 55 45

 43 57 58

 43 58 42

 44 56 57

 44 57 43

 45 55 56

 45 56 44

 54 62 59

 54 59 52

 52 59 60

 52 60 48

 48 60 61

 48 61 50

 50 61 62

 50 62 54

 76 64 66

 76 66 77

 77 66 70

 77 70 78

 78 70 68

 78 68 79

 79 68 64

 79 64 76

 68 70 71

 66 64 71

 64 68 71

 70 66 71

 82 75 72

 82 72 83

 81 74 75

 81 75 82

 80 73 74

 80 74 81

 83 72 73

 83 73 80

 75 79 76

 75 76 72

 74 78 79

 74 79 75

 73 77 78

 73 78 74

 72 76 77

 72 77 73

 63 83 80

 63 80 65

 65 80 81

 65 81 69

 69 81 82

 69 82 67

 67 82 83

 67 83 63

 97 85 87

 97 87 98

 98 87 91

 98 91 99

 99 91 89

 99 89 100

 100 89 85

 100 85 97

 89 91 92

 87 85 92

 85 89 92

 91 87 92

 103 96 93

 103 93 104

 102 95 96

 102 96 103

 101 94 95

 101 95 102

 104 93 94

 104 94 101

 96 100 97

 96 97 93

 95 99 100

 95 100 96

 94 98 99

 94 99 95

 93 97 98

 93 98 94

 84 104 101

 84 101 86

 86 101 102

 86 102 90

 90 102 103

 90 103 88

 88 103 104

 88 104 84

vector2s:

 0.035662 0.288478

 0.052422 0.304888

 0.052422 0.453040

 0.035662 0.469451

 0.203729 0.453040

 0.220488 0.469451

 0.203729 0.304888

 0.220488 0.288478

 0.128075 0.378965

 0.771698 0.253474

 0.771698 0.498390

 0.253999 0.498390

 0.253999 0.253474

 0.998006 0.253474

 0.998006 0.498390

 0.576741 0.498390

 0.576741 0.253474

 0.340311 0.712602

 0.334453 0.692096

 0.410954 0.692096

 0.405096 0.712602

 0.029866 0.303613

 0.045314 0.319060

 0.045314 0.458520

 0.029866 0.473967

 0.184773 0.458520

 0.200220 0.473967

 0.184773 0.319060

 0.200220 0.303613

 0.115043 0.388790

 0.334453 0.598273

 0.410954 0.598273

uv:

 0 1 2

 0 2 3

 3 2 4

 3 4 5

 5 4 6

 5 6 7

 7 6 1

 7 1 0

 6 4 8

 2 1 8

 1 6 8

 4 2 8

 9 10 11

 9 11 12

 13 14 15

 13 15 16

 9 10 11

 9 11 12

 13 14 15

 13 15 16

 6 7 0

 6 0 1

 4 5 7

 4 7 6

 2 3 5

 2 5 4

 1 0 3

 1 3 2

 17 18 19

 17 19 20

 17 18 19

 17 19 20

 17 18 19

 17 19 20

 17 18 19

 17 19 20

 21 22 23

 21 23 24

 24 23 25

 24 25 26

 26 25 27

 26 27 28

 28 27 22

 28 22 21

 27 25 29

 23 22 29

 22 27 29

 25 23 29

 9 10 11

 9 11 12

 13 14 15

 13 15 16

 9 10 11

 9 11 12

 13 14 15

 13 15 16

 27 28 21

 27 21 22

 25 26 28

 25 28 27

 23 24 26

 23 26 25

 22 21 24

 22 24 23

 17 18 19

 17 19 20

 17 18 19

 17 19 20

 17 18 19

 17 19 20

 17 18 19

 17 19 20

 1 6 8

 5 4 6

 5 6 7

 0 1 2

 0 2 3

 4 2 8

 3 2 4

 3 4 5

 2 1 8

 6 4 8

 7 6 1

 7 1 0

 9 10 11

 9 11 12

 13 14 15

 13 15 16

 9 10 11

 9 11 12

 13 14 15

 13 15 16

 6 7 0

 6 0 1

 4 5 7

 4 7 6

 2 3 5

 2 5 4

 1 0 3

 1 3 2

 17 30 31

 17 31 20

 17 30 31

 17 31 20

 17 30 31

 17 31 20

 17 30 31

 17 31 20

 21 22 23

 21 23 24

 24 23 25

 24 25 26

 26 25 27

 26 27 28

 28 27 22

 28 22 21

 27 25 29

 23 22 29

 22 27 29

 25 23 29

 9 10 11

 9 11 12

 13 14 15

 13 15 16

 9 10 11

 9 11 12

 13 14 15

 13 15 16

 27 28 21

 27 21 22

 25 26 28

 25 28 27

 23 24 26

 23 26 25

 22 21 24

 22 24 23

 17 18 19

 17 19 20

 17 18 19

 17 19 20

 17 18 19

 17 19 20

 17 18 19

 17 19 20

 21 22 23

 21 23 24

 24 23 25

 24 25 26

 26 25 27

 26 27 28

 28 27 22

 28 22 21

 27 25 29

 23 22 29

 22 27 29

 25 23 29

 9 10 11

 9 11 12

 13 14 15

 13 15 16

 9 10 11

 9 11 12

 13 14 15

 13 15 16

 27 28 21

 27 21 22

 25 26 28

 25 28 27

 23 24 26

 23 26 25

 22 21 24

 22 24 23

 17 18 19

 17 19 20

 17 18 19

 17 19 20

 17 18 19

 17 19 20

 17 18 19

 17 19 20

palette:

 255 255 255 255

 226 226 226 255

 134 134 134 255

 194 194 194 255

 188 188 188 255

color:

 0 0 0

 0 0 0

 0 0 0

 0 0 0

 0 0 0

 0 0 0

 0 0 0

 0 0 0

 0 0 1

 0 0 1

 0 0 1

 0 0 1

 2 3 3

 2 3 2

 2 3 3

 2 3 2

 2 3 3

 2 3 2

 2 3 3

 2 3 2

 3 0 0

 3 0 3

 3 0 0

 3 0 3

 3 0 0

 3 0 3

 3 0 0

 3 0 3

 4 2 2

 4 2 4

 4 2 2

 4 2 4

 4 2 2

 4 2 4

 4 2 2

 4 2 4

 0 0 0

 0 0 0

 0 0 0

 0 0 0

 0 0 0

 0 0 0

 0 0 0

 0 0 0

 0 0 1

 0 0 1

 0 0 1

 0 0 1

 2 3 3

 2 3 2

 2 3 3

 2 3 2

 2 3 3

 2 3 2

 2 3 3

 2 3 2

 3 0 0

 3 0 3

 3 0 0

 3 0 3

 3 0 0

 3 0 3

 3 0 0

 3 0 3

 4 2 2

 4 2 4

 4 2 2

 4 2 4

 4 2 2

 4 2 4

 4 2 2

 4 2 4

 0 0 1

 0 0 0

 0 0 0

 0 0 0

 0 0 0

 0 0 1

 0 0 0

 0 0 0

 0 0 1

 0 0 1

 0 0 0

 0 0 0

 2 3 3

 2 3 2

 2 3 3

 2 3 2

 2 3 3

 2 3 2

 2 3 3

 2 3 2

 3 0 0

 3 0 3

 3 0 0

 3 0 3

 3 0 0

 3 0 3

 3 0 0

 3 0 3

 4 2 2

 4 2 4

 4 2 2

 4 2 4

 4 2 2

 4 2 4

 4 2 2

 4 2 4

 0 0 0

 0 0 0

 0 0 0

 0 0 0

 0 0 0

 0 0 0

 0 0 0

 0 0 0

 0 0 1

 0 0 1

 0 0 1

 0 0 1

 2 3 3

 2 3 2

 2 3 3

 2 3 2

 2 3 3

 2 3 2

 2 3 3

 2 3 2

 3 0 0

 3 0 3

 3 0 0

 3 0 3

 3 0 0

 3 0 3

 3 0 0

 3 0 3

 4 2 2

 4 2 4

 4 2 2

 4 2 4

 4 2 2

 4 2 4

 4 2 2

 4 2 4

 0 0 0

 0 0 0

 0 0 0

 0 0 0

 0 0 0

 0 0 0

 0 0 0

 0 0 0

 0 0 1

 0 0 1

 0 0 1

 0 0 1

 2 3 3

 2 3 2

 2 3 3

 2 3 2

 2 3 3

 2 3 2

 2 3 3

 2 3 2

 3 0 0

 3 0 3

 3 0 0

 3 0 3

 3 0 0

 3 0 3

 3 0 0

 3 0 3

 4 2 2

 4 2 4

 4 2 2

 4 2 4

 4 2 2

 4 2 4

 4 2 2

 4 2 4

