0,1,0,1,2
0,2,3,1,2
0,3,4,1,2
0,4,5,1,2
0,5,6,1,2
0,6,7,1,2
0,7,8,1,2
0,8,9,1,2
0,9,10,1,2
0,10,11,1,2
0,11,12,1,2
0,12,13,1,2
0,13,14,1,2
0,14,15,1,2
0,15,16,1,2
0,16,17,1,2
0,17,18,1,2
0,18,19,1,2
0,19,20,1,2
0,20,21,1,2
0,21,22,1,2
0,22,23,1,2
0,23,24,1,2
0,24,25,1,2
0,25,26,1,2
0,26,27,1,2
0,27,28,1,2
0,28,29,1,2
0,29,30,1,2
0,30,31,1,2
0,31,32,1,2
0,32,33,1,2
0,33,34,1,2
0,34,35,1,2
0,35,36,1,2
0,36,37,1,2
0,37,38,1,2
0,38,39,1,2
0,39,40,1,2
0,40,41,1,2
0,41,42,1,2
0,42,43,1,2
0,43,44,1,2
0,44,45,1,2
0,45,46,1,2
0,46,47,1,2
0,47,48,1,2
0,48,49,1,2
0,49,50,1,2
0,50,51,1,2
0,51,52,1,2
0,52,53,1,2
0,53,54,1,2
0,54,55,1,2
0,55,56,1,2
0,56,57,1,2
0,57,58,1,2
0,58,59,1,2
0,59,60,1,2
0,60,61,1,2
0,61,62,1,2
0,62,63,1,2
0,63,64,1,2
0,64,65,1,2
0,65,66,1,2
0,66,67,1,2
0,67,68,1,2
0,68,69,1,2
0,69,70,1,2
0,70,71,1,2
0,71,72,1,2
0,72,73,1,2
0,73,74,1,2
0,74,75,1,2
0,75,76,1,2
0,76,77,1,2
0,77,78,1,2
0,78,79,1,2
0,79,80,1,2
0,80,81,1,2
0,81,82,1,2
0,82,83,1,2
0,83,84,1,2
0,84,85,1,2
0,85,86,1,2
0,86,87,1,2
0,87,88,1,2
0,88,89,1,2
0,89,90,1,2
0,90,91,1,2
0,91,92,1,2
0,92,93,1,2
0,93,94,1,2
0,94,95,1,2
0,95,96,1,2
0,96,97,1,2
0,97,98,1,2
0,98,99,1,2
0,99,100,1,2
0,100,101,1,2
0,101,102,1,2
0,102,103,1,2
0,103,104,1,2
0,104,105,1,2
0,105,106,1,2
0,106,107,1,2
0,107,108,1,2
0,108,109,1,2
0,109,110,1,2
0,110,111,1,2
0,111,112,1,2
0,112,113,1,2
0,113,114,1,2
0,114,115,1,2
0,115,116,1,2
0,116,117,1,2
0,117,118,1,2
0,118,119,1,2
0,119,120,1,2
0,120,121,1,2
0,121,122,1,2
0,122,123,1,2
0,123,124,1,2
0,124,125,1,2
0,125,126,1,2
0,126,127,1,2
0,127,128,1,2
0,128,129,1,2
0,129,130,1,2
0,130,131,1,2
0,131,132,1,2
0,132,133,1,2
0,133,134,1,2
0,134,135,1,2
0,135,136,1,2
0,136,137,1,2
0,137,138,1,2
0,138,139,1,2
0,139,140,1,2
0,140,141,1,2
0,141,142,1,2
0,142,143,1,2
0,143,144,1,2
0,144,145,1,2
0,145,146,1,2
0,146,147,1,2
0,147,148,1,2
0,148,149,1,2
0,149,150,1,2
0,150,151,1,2
0,151,152,1,2
0,152,153,1,2
0,153,154,1,2
0,154,155,1,2
0,155,156,1,2
0,156,157,1,2
0,157,158,1,2
0,158,159,1,2
0,159,160,1,2
0,160,161,1,2
0,161,162,1,2
0,162,163,1,2
0,163,164,1,2
0,164,165,1,2
0,165,166,1,2
0,166,167,1,2
0,167,168,1,2
0,168,169,1,2
0,169,170,1,2
0,170,171,1,2
0,171,172,1,2
0,172,173,1,2
0,173,174,1,2
0,174,175,1,2
0,175,176,1,2
0,176,177,1,2
0,177,178,1,2
0,178,179,1,2
0,179,180,1,2
0,180,181,1,2
0,181,182,1,2
0,182,183,1,2
0,183,184,1,2
0,184,185,1,2
0,185,186,1,2
0,186,187,1,2
0,187,188,1,2
0,188,189,1,2
0,189,190,1,2
0,190,191,1,2
0,191,192,1,2
0,192,193,1,2
0,193,194,1,2
0,194,195,1,2
0,195,196,1,2
0,196,197,1,2
0,197,198,1,2
0,198,199,1,2
0,199,200,1,2
0,200,201,1,2
0,201,202,1,2
0,202,203,1,2
0,203,204,1,2
0,204,205,1,2
0,205,206,1,2
0,206,207,1,2
0,207,208,1,2
0,208,209,1,2
0,209,210,1,2
0,210,211,1,2
0,211,212,1,2
0,212,213,1,2
0,213,214,1,2
0,214,215,1,2
0,215,216,1,2
0,216,217,1,2
0,217,218,1,2
0,218,219,1,2
0,219,220,1,2
0,220,221,1,2
0,221,222,1,2
0,222,223,1,2
0,223,224,1,2
0,224,225,1,2
0,225,226,1,2
0,226,227,1,2
0,227,228,1,2
0,228,229,1,2
0,229,230,1,2
0,230,231,1,2
0,231,232,1,2
0,232,233,1,2
0,233,234,1,2
0,234,235,1,2
0,235,236,1,2
0,236,237,1,2
0,237,238,1,2
0,238,239,1,2
0,239,240,1,2
0,240,241,1,2
0,241,242,1,2
0,242,243,1,2
0,243,244,1,2
0,244,245,1,2
0,245,246,1,2
0,246,247,1,2
0,247,248,1,2
0,248,249,1,2
0,249,250,1,2
0,250,251,1,2
0,251,252,1,2
0,252,253,1,2
0,253,254,1,2
0,254,255,1,2
0,255,256,1,2
0,256,257,1,2
0,257,258,1,2
0,258,259,1,2
0,259,260,1,2
0,260,261,1,2
0,261,262,1,2
0,262,263,1,2
0,263,264,1,2
0,264,265,1,2
0,265,266,1,2
0,266,267,1,2
0,267,268,1,2
0,268,269,1,2
0,269,270,1,2
0,270,271,1,2
0,271,272,1,2
0,272,273,1,2
0,273,274,1,2
0,274,275,1,2
0,275,276,1,2
0,276,277,1,2
0,277,278,1,2
0,278,279,1,2
0,279,280,1,2
0,280,281,1,2
0,281,282,1,2
0,282,283,1,2
0,283,284,1,2
0,284,285,1,2
0,285,286,1,2
0,286,287,1,2
0,287,288,1,2
0,288,289,1,2
0,289,290,1,2
0,290,291,1,2
0,291,292,1,2
0,292,293,1,2
0,293,294,1,2
0,294,295,1,2
0,295,296,1,2
0,296,297,1,2
0,297,298,1,2
0,298,299,1,2
0,299,300,1,2
0,300,301,1,2
0,301,302,1,2
0,302,303,1,2
0,303,304,1,2
0,304,305,1,2
0,305,306,1,2
0,306,307,1,2
0,307,308,1,2
0,308,309,1,2
0,309,310,1,2
0,310,311,1,2
0,311,312,1,2
0,312,313,1,2
0,313,314,1,2
0,314,315,1,2
0,315,316,1,2
0,316,317,1,2
0,317,318,1,2
0,318,319,1,2
0,319,320,1,2
0,320,321,1,2
0,321,322,1,2
0,322,323,1,2
0,323,324,1,2
0,324,325,1,2
0,325,326,1,2
0,326,327,1,2
0,327,328,1,2
0,328,329,1,2
0,329,330,1,2
0,330,331,1,2
0,331,332,1,2
0,332,333,1,2
0,333,334,1,2
0,334,335,1,2
0,335,336,1,2
0,336,337,1,2
0,337,338,1,2
0,338,339,1,2
0,339,340,1,2
0,340,341,1,2
0,341,342,1,2
0,342,343,1,2
0,343,344,1,2
0,344,345,1,2
0,345,346,1,2
0,346,347,1,2
0,347,348,1,2
0,348,349,1,2
0,349,350,1,2
0,350,351,1,2
0,351,352,1,2
0,352,353,1,2
0,353,354,1,2
0,354,355,1,2
0,355,356,1,2
0,356,357,1,2
0,357,358,1,2
0,358,359,1,2
0,359,360,1,2
0,360,361,1,2
0,361,362,1,2
0,362,363,1,2
0,363,364,1,2
0,364,365,1,2
0,365,366,1,2
0,366,367,1,2
0,367,368,1,2
0,368,369,1,2
0,369,370,1,2
0,370,371,1,2
0,371,372,1,2
0,372,373,1,2
0,373,374,1,2
0,374,375,1,2
0,375,376,1,2
0,376,377,1,2
0,377,378,1,2
0,378,379,1,2
0,379,380,1,2
0,380,381,1,2
0,381,382,1,2
0,382,383,1,2
0,383,384,1,2
0,384,385,1,2
0,385,386,1,2
0,386,387,1,2
0,387,388,1,2
0,388,389,1,2
0,389,390,1,2
0,390,391,1,2
0,391,392,1,2
0,392,393,1,2
0,393,394,1,2
0,394,395,1,2
0,395,396,1,2
0,396,397,1,2
0,397,398,1,2
0,398,399,1,2
0,399,400,1,2
0,400,401,1,2
0,401,402,1,2
0,402,403,1,2
0,403,404,1,2
0,404,405,1,2
0,405,406,1,2
0,406,407,1,2
0,407,408,1,2
0,408,409,1,2
0,409,410,1,2
0,410,411,1,2
0,411,412,1,2
0,412,413,1,2
0,413,414,1,2
0,414,415,1,2
0,415,416,1,2
0,416,417,1,2
0,417,418,1,2
0,418,419,1,2
0,419,420,1,2
0,420,421,1,2
0,421,422,1,2
0,422,423,1,2
0,423,424,1,2
0,424,425,1,2
0,425,426,1,2
0,426,427,1,2
0,427,428,1,2
0,428,429,1,2
0,429,430,1,2
0,430,431,1,2
0,431,432,1,2
0,432,433,1,2
0,433,434,1,2
0,434,435,1,2
0,435,436,1,2
0,436,437,1,2
0,437,438,1,2
0,438,439,1,2
0,439,440,1,2
0,440,441,1,2
0,441,442,1,2
0,442,443,1,2
0,443,444,1,2
0,444,445,1,2
0,445,446,1,2
0,446,447,1,2
0,447,448,1,2
0,448,449,1,2
0,449,450,1,2
0,450,451,1,2
0,451,452,1,2
0,452,453,1,2
0,453,454,1,2
0,454,455,1,2
0,455,456,1,2
0,456,457,1,2
0,457,458,1,2
0,458,459,1,2
0,459,460,1,2
0,460,461,1,2
0,461,462,1,2
0,462,463,1,2
0,463,464,1,2
0,464,465,1,2
0,465,466,1,2
0,466,467,1,2
0,467,468,1,2
0,468,469,1,2
0,469,470,1,2
0,470,471,1,2
0,471,472,1,2
0,472,473,1,2
0,473,474,1,2
0,474,475,1,2
0,475,476,1,2
0,476,477,1,2
0,477,478,1,2
0,478,479,1,2
0,479,480,1,2
0,480,481,1,2
0,481,482,1,2
0,482,483,1,2
0,483,484,1,2
0,484,485,1,2
0,485,486,1,2
0,486,487,1,2
0,487,488,1,2
0,488,489,1,2
0,489,490,1,2
0,490,491,1,2
0,491,492,1,2
0,492,493,1,2
0,493,494,1,2
0,494,495,1,2
0,495,496,1,2
0,496,497,1,2
0,497,498,1,2
0,498,499,1,2
0,499,500,1,2
0,500,501,1,2
0,501,502,1,2
0,502,503,1,2
0,503,504,1,2
0,504,505,1,2
0,505,506,1,2
0,506,507,1,2
0,507,508,1,2
0,508,509,1,2
0,509,510,1,2
0,510,511,1,2
0,511,512,1,2
0,512,513,1,2
0,513,514,1,2
0,514,515,1,2
0,515,516,1,2
0,516,517,1,2
0,517,518,1,2
0,518,519,1,2
0,519,520,1,2
0,520,521,1,2
0,521,522,1,2
0,522,523,1,2
0,523,524,1,2
0,524,525,1,2
0,525,526,1,2
0,526,527,1,2
0,527,528,1,2
0,528,529,1,2
0,529,530,1,2
0,530,531,1,2
0,531,532,1,2
0,532,533,1,2
0,533,534,1,2
0,534,535,1,2
0,535,536,1,2
0,536,537,1,2
0,537,538,1,2
0,538,539,1,2
0,539,540,1,2
0,540,541,1,2
0,541,542,1,2
0,542,543,1,2
0,543,544,1,2
0,544,545,1,2
0,545,546,1,2
0,546,547,1,2
0,547,548,1,2
0,548,549,1,2
0,549,550,1,2
0,550,551,1,2
0,551,552,1,2
0,552,553,1,2
0,553,554,1,2
0,554,555,1,2
0,555,556,1,2
0,556,557,1,2
0,557,558,1,2
0,558,559,1,2
0,559,560,1,2
0,560,561,1,2
0,561,562,1,2
0,562,563,1,2
0,563,564,1,2
0,564,565,1,2
0,565,566,1,2
0,566,567,1,2
0,567,568,1,2
0,568,569,1,2
0,569,570,1,2
0,570,571,1,2
0,571,572,1,2
0,572,573,1,2
0,573,574,1,2
0,574,575,1,2
0,575,576,1,2
0,576,577,1,2
0,577,578,1,2
0,578,579,1,2
0,579,580,1,2
0,580,581,1,2
0,581,582,1,2
0,582,583,1,2
0,583,584,1,2
0,584,585,1,2
0,585,586,1,2
0,586,587,1,2
0,587,588,1,2
0,588,589,1,2
0,589,590,1,2
0,590,591,1,2
0,591,592,1,2
0,592,593,1,2
0,593,594,1,2
0,594,595,1,2
0,595,596,1,2
0,596,597,1,2
0,597,598,1,2
0,598,599,1,2
0,599,600,1,2
0,600,601,1,2
0,601,602,1,2
0,602,603,1,2
0,603,604,1,2
0,604,605,1,2
0,605,606,1,2
0,606,607,1,2
0,607,608,1,2
0,608,609,1,2
0,609,610,1,2
0,610,611,1,2
0,611,612,1,2
0,612,613,1,2
0,613,614,1,2
0,614,615,1,2
0,615,616,1,2
0,616,617,1,2
0,617,618,1,2
0,618,619,1,2
0,619,620,1,2
0,620,621,1,2
0,621,622,1,2
0,622,623,1,2
0,623,624,1,2
0,624,625,1,2
0,625,626,1,2
0,626,627,1,2
0,627,628,1,2
0,628,629,1,2
0,629,630,1,2
0,630,631,1,2
0,631,632,1,2
0,632,633,1,2
0,633,634,1,2
0,634,635,1,2
0,635,636,1,2
0,636,637,1,2
0,637,638,1,2
0,638,639,1,2
0,639,640,1,2
0,640,641,1,2
0,641,642,1,2
0,642,643,1,2
0,643,644,1,2
0,644,645,1,2
0,645,646,1,2
0,646,647,1,2
0,647,648,1,2
0,648,649,1,2
0,649,650,1,2
0,650,651,1,2
0,651,652,1,2
0,652,653,1,2
0,653,654,1,2
0,654,655,1,2
0,655,656,1,2
0,656,657,1,2
0,657,658,1,2
0,658,659,1,2
0,659,660,1,2
0,660,661,1,2
0,661,662,1,2
0,662,663,1,2
0,663,664,1,2
0,664,665,1,2
0,665,666,1,2
0,666,667,1,2
0,667,668,1,2
0,668,669,1,2
0,669,670,1,2
0,670,671,1,2
0,671,672,1,2
0,672,673,1,2
0,673,674,1,2
0,674,675,1,2
0,675,676,1,2
0,676,677,1,2
0,677,678,1,2
0,678,679,1,2
0,679,680,1,2
0,680,681,1,2
0,681,682,1,2
0,682,683,1,2
0,683,684,1,2
0,684,685,1,2
0,685,686,1,2
0,686,687,1,2
0,687,688,1,2
0,688,689,1,2
0,689,690,1,2
0,690,691,1,2
0,691,692,1,2
0,692,693,1,2
0,693,694,1,2
0,694,695,1,2
0,695,696,1,2
0,696,697,1,2
0,697,698,1,2
0,698,699,1,2
0,699,700,1,2
0,700,701,1,2
0,701,702,1,2
0,702,703,1,2
0,703,704,1,2
0,704,705,1,2
0,705,706,1,2
0,706,707,1,2
0,707,708,1,2
0,708,709,1,2
0,709,710,1,2
0,710,711,1,2
0,711,712,1,2
0,712,713,1,2
0,713,714,1,2
0,714,715,1,2
0,715,716,1,2
0,716,717,1,2
0,717,718,1,2
0,718,719,1,2
0,719,720,1,2
0,720,721,1,2
0,721,722,1,2
0,722,723,1,2
0,723,724,1,2
0,724,725,1,2
0,725,726,1,2
0,726,727,1,2
0,727,728,1,2
0,728,729,1,2
0,729,730,1,2
0,730,731,1,2
0,731,732,1,2
0,732,733,1,2
0,733,734,1,2
0,734,735,1,2
0,735,736,1,2
0,736,737,1,2
0,737,738,1,2
0,738,739,1,2
0,739,740,1,2
0,740,741,1,2
0,741,742,1,2
0,742,743,1,2
0,743,744,1,2
0,744,745,1,2
0,745,746,1,2
0,746,747,1,2
0,747,748,1,2
0,748,749,1,2
0,749,750,1,2
0,750,751,1,2
0,751,752,1,2
0,752,753,1,2
0,753,754,1,2
0,754,755,1,2
0,755,756,1,2
0,756,757,1,2
0,757,758,1,2
0,758,759,1,2
0,759,760,1,2
0,760,761,1,2
0,761,762,1,2
0,762,763,1,2
0,763,764,1,2
0,764,765,1,2
0,765,766,1,2
0,766,767,1,2
0,767,768,1,2
0,768,769,1,2
0,769,770,1,2
0,770,771,1,2
0,771,772,1,2
0,772,773,1,2
0,773,774,1,2
0,774,775,1,2
0,775,776,1,2
0,776,777,1,2
0,777,778,1,2
0,778,779,1,2
0,779,780,1,2
0,780,781,1,2
0,781,782,1,2
0,782,783,1,2
0,783,784,1,2
0,784,785,1,2
0,785,786,1,2
0,786,787,1,2
0,787,788,1,2
0,788,789,1,2
0,789,790,1,2
0,790,791,1,2
0,791,792,1,2
0,792,793,1,2
0,793,794,1,2
0,794,795,1,2
0,795,796,1,2
0,796,797,1,2
0,797,798,1,2
0,798,799,1,2
0,799,800,1,2
0,800,801,1,2
0,801,802,1,2
0,802,803,1,2
0,803,804,1,2
0,804,805,1,2
0,805,806,1,2
0,806,807,1,2
0,807,808,1,2
0,808,809,1,2
0,809,810,1,2
0,810,811,1,2
0,811,812,1,2
0,812,813,1,2
0,813,814,1,2
0,814,815,1,2
0,815,816,1,2
0,816,817,1,2
0,817,818,1,2
0,818,819,1,2
0,819,820,1,2
0,820,821,1,2
0,821,822,1,2
0,822,823,1,2
0,823,824,1,2
0,824,825,1,2
0,825,826,1,2
0,826,827,1,2
0,827,828,1,2
0,828,829,1,2
0,829,830,1,2
0,830,831,1,2
0,831,832,1,2
0,832,833,1,2
0,833,834,1,2
0,834,835,1,2
0,835,836,1,2
0,836,837,1,2
0,837,838,1,2
0,838,839,1,2
0,839,840,1,2
0,840,841,1,2
0,841,842,1,2
0,842,843,1,2
0,843,844,1,2
0,844,845,1,2
0,845,846,1,2
0,846,847,1,2
0,847,848,1,2
0,848,849,1,2
0,849,850,1,2
0,850,851,1,2
0,851,852,1,2
0,852,853,1,2
0,853,854,1,2
0,854,855,1,2
0,855,856,1,2
0,856,857,1,2
0,857,858,1,2
0,858,859,1,2
0,859,860,1,2
0,860,861,1,2
0,861,862,1,2
0,862,863,1,2
0,863,864,1,2
0,864,865,1,2
0,865,866,1,2
0,866,867,1,2
0,867,868,1,2
0,868,869,1,2
0,869,870,1,2
0,870,871,1,2
0,871,872,1,2
0,872,873,1,2
0,873,874,1,2
0,874,875,1,2
0,875,876,1,2
0,876,877,1,2
0,877,878,1,2
0,878,879,1,2
0,879,880,1,2
0,880,881,1,2
0,881,882,1,2
0,882,883,1,2
0,883,884,1,2
0,884,885,1,2
0,885,886,1,2
0,886,887,1,2
0,887,888,1,2
0,888,889,1,2
0,889,890,1,2
0,890,891,1,2
0,891,892,1,2
0,892,893,1,2
0,893,894,1,2
0,894,895,1,2
0,895,896,1,2
0,896,897,1,2
0,897,898,1,2
0,898,899,1,2
0,899,900,1,2
0,900,901,1,2
0,901,902,1,2
0,902,903,1,2
0,903,904,1,2
0,904,905,1,2
0,905,906,1,2
0,906,907,1,2
0,907,908,1,2
0,908,909,1,2
0,909,910,1,2
0,910,911,1,2
0,911,912,1,2
0,912,913,1,2
0,913,914,1,2
0,914,915,1,2
0,915,916,1,2
0,916,917,1,2
0,917,918,1,2
0,918,919,1,2
0,919,920,1,2
0,920,921,1,2
0,921,922,1,2
0,922,923,1,2
0,923,924,1,2
0,924,925,1,2
0,925,926,1,2
0,926,927,1,2
0,927,928,1,2
0,928,929,1,2
0,929,930,1,2
0,930,931,1,2
0,931,932,1,2
0,932,933,1,2
0,933,934,1,2
0,934,935,1,2
0,935,936,1,2
0,936,937,1,2
0,937,938,1,2
0,938,939,1,2
0,939,940,1,2
0,940,941,1,2
0,941,942,1,2
0,942,943,1,2
0,943,944,1,2
0,944,945,1,2
0,945,946,1,2
0,946,947,1,2
0,947,948,1,2
0,948,949,1,2
0,949,950,1,2
0,950,951,1,2
0,951,952,1,2
0,952,953,1,2
0,953,954,1,2
0,954,955,1,2
0,955,956,1,2
0,956,957,1,2
0,957,958,1,2
0,958,959,1,2
0,959,960,1,2
0,960,961,1,2
0,961,962,1,2
0,962,963,1,2
0,963,964,1,2
0,964,965,1,2
0,965,966,1,2
0,966,967,1,2
0,967,968,1,2
0,968,969,1,2
0,969,970,1,2
0,970,971,1,2
0,971,972,1,2
0,972,973,1,2
0,973,974,1,2
0,974,975,1,2
0,975,976,1,2
0,976,977,1,2
0,977,978,1,2
0,978,979,1,2
0,979,980,1,2
0,980,981,1,2
0,981,982,1,2
0,982,983,1,2
0,983,984,1,2
0,984,985,1,2
0,985,986,1,2
0,986,987,1,2
0,987,988,1,2
0,988,989,1,2
0,989,990,1,2
0,990,991,1,2
0,991,992,1,2
0,992,993,1,2
0,993,994,1,2
0,994,995,1,2
0,995,996,1,2
0,996,997,1,2
0,997,998,1,2
0,998,999,1,2
0,999,1000,1,2
0,1000,1001,1,2
0,1001,1002,1,2
0,1002,1003,1,2
0,1003,1004,1,2
0,1004,1005,1,2
0,1005,1006,1,2
0,1006,1007,1,2
0,1007,1008,1,2
0,1008,1009,1,2
0,1009,1010,1,2
0,1010,1011,1,2
0,1011,1012,1,2
0,1012,1013,1,2
0,1013,1014,1,2
0,1014,1015,1,2
0,1015,1016,1,2
0,1016,1017,1,2
0,1017,1018,1,2
0,1018,1019,1,2
0,1019,1020,1,2
0,1020,1021,1,2
0,1021,1022,1,2
0,1022,1023,1,2
0,1023,1024,1,2
0,1024,1025,1,2
0,1025,1026,1,2
0,1026,1027,1,2
0,1027,1028,1,2
0,1028,1029,1,2
0,1029,1030,1,2
0,1030,1031,1,2
0,1031,1032,1,2
0,1032,1033,1,2
0,1033,1034,1,2
0,1034,1035,1,2
0,1035,1036,1,2
0,1036,1037,1,2
0,1037,1038,1,2
0,1038,1039,1,2
0,1039,1040,1,2
0,1040,1041,1,2
0,1041,1042,1,2
0,1042,1043,1,2
0,1043,1044,1,2
0,1044,1045,1,2
0,1045,1046,1,2
0,1046,1047,1,2
0,1047,1048,1,2
0,1048,1049,1,2
0,1049,1050,1,2
0,1050,1051,1,2
0,1051,1052,1,2
0,1052,1053,1,2
0,1053,1054,1,2
0,1054,1055,1,2
0,1055,1056,1,2
0,1056,1057,1,2
0,1057,1058,1,2
0,1058,1059,1,2
0,1059,1060,1,2
0,1060,1061,1,2
0,1061,1062,1,2
0,1062,1063,1,2
0,1063,1064,1,2
0,1064,1065,1,2
0,1065,1066,1,2
0,1066,1067,1,2
0,1067,1068,1,2
0,1068,1069,1,2
0,1069,1070,1,2
0,1070,1071,1,2
0,1071,1072,1,2
0,1072,1073,1,2
0,1073,1074,1,2
0,1074,1075,1,2
0,1075,1076,1,2
0,1076,1077,1,2
0,1077,1078,1,2
0,1078,1079,1,2
0,1079,1080,1,2
0,1080,1081,1,2
0,1081,1082,1,2
0,1082,1083,1,2
0,1083,1084,1,2
0,1084,1085,1,2
0,1085,1086,1,2
0,1086,1087,1,2
0,1087,1088,1,2
0,1088,1089,1,2
0,1089,1090,1,2
0,1090,1091,1,2
0,1091,1092,1,2
0,1092,1093,1,2
0,1093,1094,1,2
0,1094,1095,1,2
0,1095,1096,1,2
0,1096,1097,1,2
0,1097,1098,1,2
0,1098,1099,1,2
0,1099,1100,1,2
0,1100,1101,1,2
0,1101,1102,1,2
0,1102,1103,1,2
0,1103,1104,1,2
0,1104,1105,1,2
0,1105,1106,1,2
0,1106,1107,1,2
0,1107,1108,1,2
0,1108,1109,1,2
0,1109,1110,1,2
0,1110,1111,1,2
0,1111,1112,1,2
0,1112,1113,1,2
0,1113,1114,1,2
0,1114,1115,1,2
0,1115,1116,1,2
0,1116,1117,1,2
0,1117,1118,1,2
0,1118,1119,1,2
0,1119,1120,1,2
0,1120,1121,1,2
0,1121,1122,1,2
0,1122,1123,1,2
0,1123,1124,1,2
0,1124,1125,1,2
0,1125,1126,1,2
0,1126,1127,1,2
0,1127,1128,1,2
0,1128,1129,1,2
0,1129,1130,1,2
0,1130,1131,1,2
0,1131,1132,1,2
0,1132,1133,1,2
0,1133,1134,1,2
0,1134,1135,1,2
0,1135,1136,1,2
0,1136,1137,1,2
0,1137,1138,1,2
0,1138,1139,1,2
0,1139,1140,1,2
0,1140,1141,1,2
0,1141,1142,1,2
0,1142,1143,1,2
0,1143,1144,1,2
0,1144,1145,1,2
0,1145,1146,1,2
0,1146,1147,1,2
0,1147,1148,1,2
0,1148,1149,1,2
0,1149,1150,1,2
0,1150,1151,1,2
0,1151,1152,1,2
0,1152,1153,1,2
0,1153,1154,1,2
0,1154,1155,1,2
0,1155,1156,1,2
0,1156,1157,1,2
0,1157,1158,1,2
0,1158,1159,1,2
0,1159,1160,1,2
0,1160,1161,1,2
0,1161,1162,1,2
0,1162,1163,1,2
0,1163,1164,1,2
0,1164,1165,1,2
0,1165,1166,1,2
0,1166,1167,1,2
0,1167,1168,1,2
0,1168,1169,1,2
0,1169,1170,1,2
0,1170,1171,1,2
0,1171,1172,1,2
0,1172,1173,1,2
0,1173,1174,1,2
0,1174,1175,1,2
0,1175,1176,1,2
0,1176,1177,1,2
0,1177,1178,1,2
0,1178,1179,1,2
0,1179,1180,1,2
0,1180,1181,1,2
0,1181,1182,1,2
0,1182,1183,1,2
0,1183,1184,1,2
0,1184,1185,1,2
0,1185,1186,1,2
0,1186,1187,1,2
0,1187,1188,1,2
0,1188,1189,1,2
0,1189,1190,1,2
0,1190,1191,1,2
0,1191,1192,1,2
0,1192,1193,1,2
0,1193,1194,1,2
0,1194,1195,1,2
0,1195,1196,1,2
0,1196,1197,1,2
0,1197,1198,1,2
0,1198,1199,1,2
0,1199,1200,1,2
0,1200,1201,1,2
0,1201,1202,1,2
0,1202,1203,1,2
0,1203,1204,1,2
0,1204,1205,1,2
0,1205,1206,1,2
0,1206,1207,1,2
0,1207,1208,1,2
0,1208,1209,1,2
0,1209,1210,1,2
0,1210,1211,1,2
0,1211,1212,1,2
0,1212,1213,1,2
0,1213,1214,1,2
0,1214,1215,1,2
0,1215,1216,1,2
0,1216,1217,1,2
0,1217,1218,1,2
0,1218,1219,1,2
0,1219,1220,1,2
0,1220,1221,1,2
0,1221,1222,1,2
0,1222,1223,1,2
0,1223,1224,1,2
0,1224,1225,1,2
0,1225,1226,1,2
0,1226,1227,1,2
0,1227,1228,1,2
0,1228,1229,1,2
0,1229,1230,1,2
0,1230,1231,1,2
0,1231,1232,1,2
0,1232,1233,1,2
0,1233,1234,1,2
0,1234,1235,1,2
0,1235,1236,1,2
0,1236,1237,1,2
0,1237,1238,1,2
0,1238,1239,1,2
0,1239,1240,1,2
0,1240,1241,1,2
0,1241,1242,1,2
0,1242,1243,1,2
0,1243,1244,1,2
0,1244,1245,1,2
0,1245,1246,1,2
0,1246,1247,1,2
0,1247,1248,1,2
0,1248,1249,1,2
0,1249,1250,1,2
0,1250,1251,1,2
0,1251,1252,1,2
0,1252,1253,1,2
0,1253,1254,1,2
0,1254,1255,1,2
0,1255,1256,1,2
0,1256,1257,1,2
0,1257,1258,1,2
0,1258,1259,1,2
0,1259,1260,1,2
0,1260,1261,1,2
0,1261,1262,1,2
0,1262,1263,1,2
0,1263,1264,1,2
0,1264,1265,1,2
0,1265,1266,1,2
0,1266,1267,1,2
0,1267,1268,1,2
0,1268,1269,1,2
0,1269,1270,1,2
0,1270,1271,1,2
0,1271,1272,1,2
0,1272,1273,1,2
0,1273,1274,1,2
0,1274,1275,1,2
0,1275,1276,1,2
0,1276,1277,1,2
0,1277,1278,1,2
0,1278,1279,1,2
0,1279,1280,1,2
0,1280,1281,1,2
0,1281,1282,1,2
0,1282,1283,1,2
0,1283,1284,1,2
0,1284,1285,1,2
0,1285,1286,1,2
0,1286,1287,1,2
0,1287,1288,1,2
0,1288,1289,1,2
0,1289,1290,1,2
0,1290,1291,1,2
0,1291,1292,1,2
0,1292,1293,1,2
0,1293,1294,1,2
0,1294,1295,1,2
0,1295,1296,1,2
0,1296,1297,1,2
0,1297,1298,1,2
0,1298,1299,1,2
0,1299,1300,1,2
0,1300,1301,1,2
0,1301,1302,1,2
0,1302,1303,1,2
0,1303,1304,1,2
0,1304,1305,1,2
0,1305,1306,1,2
0,1306,1307,1,2
0,1307,1308,1,2
0,1308,1309,1,2
0,1309,1310,1,2
0,1310,1311,1,2
0,1311,1312,1,2
0,1312,1313,1,2
0,1313,1314,1,2
0,1314,1315,1,2
0,1315,1316,1,2
0,1316,1317,1,2
0,1317,1318,1,2
0,1318,1319,1,2
0,1319,1320,1,2
0,1320,1321,1,2
0,1321,1322,1,2
0,1322,1323,1,2
0,1323,1324,1,2
0,1324,1325,1,2
0,1325,1326,1,2
0,1326,1327,1,2
0,1327,1328,1,2
0,1328,1329,1,2
0,1329,1330,1,2
0,1330,1331,1,2
0,1331,1332,1,2
0,1332,1333,1,2
0,1333,1334,1,2
0,1334,1335,1,2
0,1335,1336,1,2
0,1336,1337,1,2
0,1337,1338,1,2
0,1338,1339,1,2
0,1339,1340,1,2
0,1340,1341,1,2
0,1341,1342,1,2
0,1342,1343,1,2
0,1343,1344,1,2
0,1344,1345,1,2
0,1345,1346,1,2
0,1346,1347,1,2
0,1347,1348,1,2
0,1348,1349,1,2
0,1349,1350,1,2
0,1350,1351,1,2
0,1351,1352,1,2
0,1352,1353,1,2
0,1353,1354,1,2
0,1354,1355,1,2
0,1355,1356,1,2
0,1356,1357,1,2
0,1357,1358,1,2
0,1358,1359,1,2
0,1359,1360,1,2
0,1360,1361,1,2
0,1361,1362,1,2
0,1362,1363,1,2
0,1363,1364,1,2
0,1364,1365,1,2
0,1365,1366,1,2
0,1366,1367,1,2
0,1367,1368,1,2
0,1368,1369,1,2
0,1369,1370,1,2
0,1370,1371,1,2
0,1371,1372,1,2
0,1372,1373,1,2
0,1373,1374,1,2
0,1374,1375,1,2
0,1375,1376,1,2
0,1376,1377,1,2
0,1377,1378,1,2
0,1378,1379,1,2
0,1379,1380,1,2
0,1380,1381,1,2
0,1381,1382,1,2
0,1382,1383,1,2
0,1383,1384,1,2
0,1384,1385,1,2
0,1385,1386,1,2
0,1386,1387,1,2
0,1387,1388,1,2
0,1388,1389,1,2
0,1389,1390,1,2
0,1390,1391,1,2
0,1391,1392,1,2
0,1392,1393,1,2
0,1393,1394,1,2
0,1394,1395,1,2
0,1395,1396,1,2
0,1396,1397,1,2
0,1397,1398,1,2
0,1398,1399,1,2
0,1399,1400,1,2
0,1400,1401,1,2
0,1401,1402,1,2
0,1402,1403,1,2
0,1403,1404,1,2
0,1404,1405,1,2
0,1405,1406,1,2
0,1406,1407,1,2
0,1407,1408,1,2
0,1408,1409,1,2
0,1409,1410,1,2
0,1410,1411,1,2
0,1411,1412,1,2
0,1412,1413,1,2
0,1413,1414,1,2
0,1414,1415,1,2
0,1415,1416,1,2
0,1416,1417,1,2
0,1417,1418,1,2
0,1418,1419,1,2
0,1419,1420,1,2
0,1420,1421,1,2
0,1421,1422,1,2
0,1422,1423,1,2
0,1423,1424,1,2
0,1424,1425,1,2
0,1425,1426,1,2
0,1426,1427,1,2
0,1427,1428,1,2
0,1428,1429,1,2
0,1429,1430,1,2
0,1430,1431,1,2
0,1431,1432,1,2
0,1432,1433,1,2
0,1433,1434,1,2
0,1434,1435,1,2
0,1435,1436,1,2
0,1436,1437,1,2
0,1437,1438,1,2
0,1438,1439,1,2
0,1439,1440,1,2
0,1440,1441,1,2
0,1441,1442,1,2
0,1442,1443,1,2
0,1443,1444,1,2
0,1444,1445,1,2
0,1445,1446,1,2
0,1446,1447,1,2
0,1447,1448,1,2
0,1448,1449,1,2
0,1449,1450,1,2
0,1450,1451,1,2
0,1451,1452,1,2
0,1452,1453,1,2
0,1453,1454,1,2
0,1454,1455,1,2
0,1455,1456,1,2
0,1456,1457,1,2
0,1457,1458,1,2
0,1458,1459,1,2
0,1459,1460,1,2
0,1460,1461,1,2
0,1461,1462,1,2
0,1462,1463,1,2
0,1463,1464,1,2
0,1464,1465,1,2
0,1465,1466,1,2
0,1466,1467,1,2
0,1467,1468,1,2
0,1468,1469,1,2
0,1469,1470,1,2
0,1470,1471,1,2
0,1471,1472,1,2
0,1472,1473,1,2
0,1473,1474,1,2
0,1474,1475,1,2
0,1475,1476,1,2
0,1476,1477,1,2
0,1477,1478,1,2
0,1478,1479,1,2
0,1479,1480,1,2
0,1480,1481,1,2
0,1481,1482,1,2
0,1482,1483,1,2
0,1483,1484,1,2
0,1484,1485,1,2
0,1485,1486,1,2
0,1486,1487,1,2
0,1487,1488,1,2
0,1488,1489,1,2
0,1489,1490,1,2
0,1490,1491,1,2
0,1491,1492,1,2
0,1492,1493,1,2
0,1493,1494,1,2
0,1494,1495,1,2
0,1495,1496,1,2
0,1496,1497,1,2
0,1497,1498,1,2
0,1498,1499,1,2
0,1499,1500,1,2
0,1500,1501,1,2
0,1501,1502,1,2
0,1502,1503,1,2
0,1503,1504,1,2
0,1504,1505,1,2
0,1505,1506,1,2
0,1506,1507,1,2
0,1507,1508,1,2
0,1508,1509,1,2
0,1509,1510,1,2
0,1510,1511,1,2
0,1511,1512,1,2
0,1512,1513,1,2
0,1513,1514,1,2
0,1514,1515,1,2
0,1515,1516,1,2
0,1516,1517,1,2
0,1517,1518,1,2
0,1518,1519,1,2
0,1519,1520,1,2
0,1520,1521,1,2
0,1521,1522,1,2
0,1522,1523,1,2
0,1523,1524,1,2
0,1524,1525,1,2
0,1525,1526,1,2
0,1526,1527,1,2
0,1527,1528,1,2
0,1528,1529,1,2
0,1529,1530,1,2
0,1530,1531,1,2
0,1531,1532,1,2
0,1532,1533,1,2
0,1533,1534,1,2
0,1534,1535,1,2
0,1535,1536,1,2
0,1536,1537,1,2
0,1537,1538,1,2
0,1538,1539,1,2
0,1539,1540,1,2
0,1540,1541,1,2
0,1541,1542,1,2
0,1542,1543,1,2
0,1543,1544,1,2
0,1544,1545,1,2
0,1545,1546,1,2
0,1546,1547,1,2
0,1547,1548,1,2
0,1548,1549,1,2
0,1549,1550,1,2
0,1550,1551,1,2
0,1551,1552,1,2
0,1552,1553,1,2
0,1553,1554,1,2
0,1554,1555,1,2
0,1555,1556,1,2
0,1556,1557,1,2
0,1557,1558,1,2
0,1558,1559,1,2
0,1559,1560,1,2
0,1560,1561,1,2
0,1561,1562,1,2
0,1562,1563,1,2
0,1563,1564,1,2
0,1564,1565,1,2
0,1565,1566,1,2
0,1566,1567,1,2
0,1567,1568,1,2
0,1568,1569,1,2
0,1569,1570,1,2
0,1570,1571,1,2
0,1571,1572,1,2
0,1572,1573,1,2
0,1573,1574,1,2
0,1574,1575,1,2
0,1575,1576,1,2
0,1576,1577,1,2
0,1577,1578,1,2
0,1578,1579,1,2
0,1579,1580,1,2
0,1580,1581,1,2
0,1581,1582,1,2
0,1582,1583,1,2
0,1583,1584,1,2
0,1584,1585,1,2
0,1585,1586,1,2
0,1586,1587,1,2
0,1587,1588,1,2
0,1588,1589,1,2
0,1589,1590,1,2
0,1590,1591,1,2
0,1591,1592,1,2
0,1592,1593,1,2
0,1593,1594,1,2
0,1594,1595,1,2
0,1595,1596,1,2
0,1596,1597,1,2
0,1597,1598,1,2
0,1598,1599,1,2
0,1599,1600,1,2
0,1600,1601,1,2
0,1601,1602,1,2
0,1602,1603,1,2
0,1603,1604,1,2
0,1604,1605,1,2
0,1605,1606,1,2
0,1606,1607,1,2
0,1607,1608,1,2
0,1608,1609,1,2
0,1609,1610,1,2
0,1610,1611,1,2
0,1611,1612,1,2
0,1612,1613,1,2
0,1613,1614,1,2
0,1614,1615,1,2
0,1615,1616,1,2
0,1616,1617,1,2
0,1617,1618,1,2
0,1618,1619,1,2
0,1619,1620,1,2
0,1620,1621,1,2
0,1621,1622,1,2
0,1622,1623,1,2
0,1623,1624,1,2
0,1624,1625,1,2
0,1625,1626,1,2
0,1626,1627,1,2
0,1627,1628,1,2
0,1628,1629,1,2
0,1629,1630,1,2
0,1630,1631,1,2
0,1631,1632,1,2
0,1632,1633,1,2
0,1633,1634,1,2
0,1634,1635,1,2
0,1635,1636,1,2
0,1636,1637,1,2
0,1637,1638,1,2
0,1638,1639,1,2
0,1639,1640,1,2
0,1640,1641,1,2
0,1641,1642,1,2
0,1642,1643,1,2
0,1643,1644,1,2
0,1644,1645,1,2
0,1645,1646,1,2
0,1646,1647,1,2
0,1647,1648,1,2
0,1648,1649,1,2
0,1649,1650,1,2
0,1650,1651,1,2
0,1651,1652,1,2
0,1652,1653,1,2
0,1653,1654,1,2
0,1654,1655,1,2
0,1655,1656,1,2
0,1656,1657,1,2
0,1657,1658,1,2
0,1658,1659,1,2
0,1659,1660,1,2
0,1660,1661,1,2
0,1661,1662,1,2
0,1662,1663,1,2
0,1663,1664,1,2
0,1664,1665,1,2
0,1665,1666,1,2
0,1666,1667,1,2
0,1667,1668,1,2
0,1668,1669,1,2
0,1669,1670,1,2
0,1670,1671,1,2
0,1671,1672,1,2
0,1672,1673,1,2
0,1673,1674,1,2
0,1674,1675,1,2
0,1675,1676,1,2
0,1676,1677,1,2
0,1677,1678,1,2
0,1678,1679,1,2
0,1679,1680,1,2
0,1680,1681,1,2
0,1681,1682,1,2
0,1682,1683,1,2
0,1683,1684,1,2
0,1684,1685,1,2
0,1685,1686,1,2
0,1686,1687,1,2
0,1687,1688,1,2
0,1688,1689,1,2
0,1689,1690,1,2
0,1690,1691,1,2
0,1691,1692,1,2
0,1692,1693,1,2
0,1693,1694,1,2
0,1694,1695,1,2
0,1695,1696,1,2
0,1696,1697,1,2
0,1697,1698,1,2
0,1698,1699,1,2
0,1699,1700,1,2
0,1700,1701,1,2
0,1701,1702,1,2
0,1702,1703,1,2
0,1703,1704,1,2
0,1704,1705,1,2
0,1705,1706,1,2
0,1706,1707,1,2
0,1707,1708,1,2
0,1708,1709,1,2
0,1709,1710,1,2
0,1710,1711,1,2
0,1711,1712,1,2
0,1712,1713,1,2
0,1713,1714,1,2
0,1714,1715,1,2
0,1715,1716,1,2
0,1716,1717,1,2
0,1717,1718,1,2
0,1718,1719,1,2
0,1719,1720,1,2
0,1720,1721,1,2
0,1721,1722,1,2
0,1722,1723,1,2
0,1723,1724,1,2
0,1724,1725,1,2
0,1725,1726,1,2
0,1726,1727,1,2
0,1727,1728,1,2
0,1728,1729,1,2
0,1729,1730,1,2
0,1730,1731,1,2
0,1731,1732,1,2
0,1732,1733,1,2
0,1733,1734,1,2
0,1734,1735,1,2
0,1735,1736,1,2
0,1736,1737,1,2
0,1737,1738,1,2
0,1738,1739,1,2
0,1739,1740,1,2
0,1740,1741,1,2
0,1741,1742,1,2
0,1742,1743,1,2
0,1743,1744,1,2
0,1744,1745,1,2
0,1745,1746,1,2
0,1746,1747,1,2
0,1747,1748,1,2
0,1748,1749,1,2
0,1749,1750,1,2
0,1750,1751,1,2
0,1751,1752,1,2
0,1752,1753,1,2
0,1753,1754,1,2
0,1754,1755,1,2
0,1755,1756,1,2
0,1756,1757,1,2
0,1757,1758,1,2
0,1758,1759,1,2
0,1759,1760,1,2
0,1760,1761,1,2
0,1761,1762,1,2
0,1762,1763,1,2
0,1763,1764,1,2
0,1764,1765,1,2
0,1765,1766,1,2
0,1766,1767,1,2
0,1767,1768,1,2
0,1768,1769,1,2
0,1769,1770,1,2
0,1770,1771,1,2
0,1771,1772,1,2
0,1772,1773,1,2
0,1773,1774,1,2
0,1774,1775,1,2
0,1775,1776,1,2
0,1776,1777,1,2
0,1777,1778,1,2
0,1778,1779,1,2
0,1779,1780,1,2
0,1780,1781,1,2
0,1781,1782,1,2
0,1782,1783,1,2
0,1783,1784,1,2
0,1784,1785,1,2
0,1785,1786,1,2
0,1786,1787,1,2
0,1787,1788,1,2
0,1788,1789,1,2
0,1789,1790,1,2
0,1790,1791,1,2
0,1791,1792,1,2
0,1792,1793,1,2
0,1793,1794,1,2
0,1794,1795,1,2
0,1795,1796,1,2
0,1796,1797,1,2
0,1797,1798,1,2
0,1798,1799,1,2
0,1799,1800,1,2
0,1800,1801,1,2
0,1801,1802,1,2
0,1802,1803,1,2
0,1803,1804,1,2
0,1804,1805,1,2
0,1805,1806,1,2
0,1806,1807,1,2
0,1807,1808,1,2
0,1808,1809,1,2
0,1809,1810,1,2
0,1810,1811,1,2
0,1811,1812,1,2
0,1812,1813,1,2
0,1813,1814,1,2
0,1814,1815,1,2
0,1815,1816,1,2
0,1816,1817,1,2
0,1817,1818,1,2
0,1818,1819,1,2
0,1819,1820,1,2
0,1820,1821,1,2
0,1821,1822,1,2
0,1822,1823,1,2
0,1823,1824,1,2
0,1824,1825,1,2
0,1825,1826,1,2
0,1826,1827,1,2
0,1827,1828,1,2
0,1828,1829,1,2
0,1829,1830,1,2
0,1830,1831,1,2
0,1831,1832,1,2
0,1832,1833,1,2
0,1833,1834,1,2
0,1834,1835,1,2
0,1835,1836,1,2
0,1836,1837,1,2
0,1837,1838,1,2
0,1838,1839,1,2
0,1839,1840,1,2
0,1840,1841,1,2
0,1841,1842,1,2
0,1842,1843,1,2
0,1843,1844,1,2
0,1844,1845,1,2
0,1845,1846,1,2
0,1846,1847,1,2
0,1847,1848,1,2
0,1848,1849,1,2
0,1849,1850,1,2
0,1850,1851,1,2
0,1851,1852,1,2
0,1852,1853,1,2
0,1853,1854,1,2
0,1854,1855,1,2
0,1855,1856,1,2
0,1856,1857,1,2
0,1857,1858,1,2
0,1858,1859,1,2
0,1859,1860,1,2
0,1860,1861,1,2
0,1861,1862,1,2
0,1862,1863,1,2
0,1863,1864,1,2
0,1864,1865,1,2
0,1865,1866,1,2
0,1866,1867,1,2
0,1867,1868,1,2
0,1868,1869,1,2
0,1869,1870,1,2
0,1870,1871,1,2
0,1871,1872,1,2
0,1872,1873,1,2
0,1873,1874,1,2
0,1874,1875,1,2
0,1875,1876,1,2
0,1876,1877,1,2
0,1877,1878,1,2
0,1878,1879,1,2
0,1879,1880,1,2
0,1880,1881,1,2
0,1881,1882,1,2
0,1882,1883,1,2
0,1883,1884,1,2
0,1884,1885,1,2
0,1885,1886,1,2
0,1886,1887,1,2
0,1887,1888,1,2
0,1888,1889,1,2
0,1889,1890,1,2
0,1890,1891,1,2
0,1891,1892,1,2
0,1892,1893,1,2
0,1893,1894,1,2
0,1894,1895,1,2
0,1895,1896,1,2
0,1896,1897,1,2
0,1897,1898,1,2
0,1898,1899,1,2
0,1899,1900,1,2
0,1900,1901,1,2
0,1901,1902,1,2
0,1902,1903,1,2
0,1903,1904,1,2
0,1904,1905,1,2
0,1905,1906,1,2
0,1906,1907,1,2
0,1907,1908,1,2
0,1908,1909,1,2
0,1909,1910,1,2
0,1910,1911,1,2
0,1911,1912,1,2
0,1912,1913,1,2
0,1913,1914,1,2
0,1914,1915,1,2
0,1915,1916,1,2
0,1916,1917,1,2
0,1917,1918,1,2
0,1918,1919,1,2
1,1,1920,1,2
1,2,1921,1,2
1,3,1922,1,2
1,4,1923,1,2
1,5,1924,1,2
1,6,1925,1,2
1,7,1926,1,2
1,8,1927,1,2
1,9,1928,1,2
1,10,1929,1,2
1,11,1930,1,2
1,12,1931,1,2
1,13,1932,1,2
1,14,1933,1,2
1,15,1934,1,2
1,16,1935,1,2
1,17,1936,1,2
1,18,1937,1,2
1,19,1938,1,2
1,20,1939,1,2
1,21,1940,1,2
1,22,1941,1,2
1,23,1942,1,2
1,24,1943,1,2
1,25,1944,1,2
1,26,1945,1,2
1,27,1946,1,2
1,28,1947,1,2
1,29,1948,1,2
1,30,1949,1,2
1,31,1950,1,2
1,32,1951,1,2
1,33,1952,1,2
1,34,1953,1,2
1,35,1954,1,2
1,36,1955,1,2
1,37,1956,1,2
1,38,1957,1,2
1,39,1958,1,2
1,40,1959,1,2
1,41,1960,1,2
1,42,1961,1,2
1,43,1962,1,2
1,44,1963,1,2
1,45,1964,1,2
1,46,1965,1,2
1,47,1966,1,2
1,48,1967,1,2
1,49,1968,1,2
1,50,1969,1,2
1,51,1970,1,2
1,52,1971,1,2
1,53,1972,1,2
1,54,1973,1,2
1,55,1974,1,2
1,56,1975,1,2
1,57,1976,1,2
1,58,1977,1,2
1,59,1978,1,2
1,60,1979,1,2
1,61,1980,1,2
1,62,1981,1,2
1,63,1982,1,2
1,64,1983,1,2
1,65,1984,1,2
1,66,1985,1,2
1,67,1986,1,2
1,68,1987,1,2
1,69,1988,1,2
1,70,1989,1,2
1,71,1990,1,2
1,72,1991,1,2
1,73,1992,1,2
1,74,1993,1,2
1,75,1994,1,2
1,76,1995,1,2
1,77,1996,1,2
1,78,1997,1,2
1,79,1998,1,2
1,80,1999,1,2
1,81,2000,1,2
1,82,2001,1,2
1,83,2002,1,2
1,84,2003,1,2
1,85,2004,1,2
1,86,2005,1,2
1,87,2006,1,2
1,88,2007,1,2
1,89,2008,1,2
1,90,2009,1,2
1,91,2010,1,2
1,92,2011,1,2
1,93,2012,1,2
1,94,2013,1,2
1,95,2014,1,2
1,96,2015,1,2
1,97,2016,1,2
1,98,2017,1,2
1,99,2018,1,2
1,100,2019,1,2
1,101,2020,1,2
1,102,2021,1,2
1,103,2022,1,2
1,104,2023,1,2
1,105,2024,1,2
1,106,2025,1,2
1,107,2026,1,2
1,108,2027,1,2
1,109,2028,1,2
1,110,2029,1,2
1,111,2030,1,2
1,112,2031,1,2
1,113,2032,1,2
1,114,2033,1,2
1,115,2034,1,2
1,116,2035,1,2
1,117,2036,1,2
1,118,2037,1,2
1,119,2038,1,2
1,120,2039,1,2
1,121,2040,1,2
1,122,2041,1,2
1,123,2042,1,2
1,124,2043,1,2
1,125,2044,1,2
1,126,2045,1,2
1,127,2046,1,2
1,128,2047,1,2
1,129,2048,1,2
1,130,2049,1,2
1,131,2050,1,2
1,132,2051,1,2
1,133,2052,1,2
1,134,2053,1,2
1,135,2054,1,2
1,136,2055,1,2
1,137,2056,1,2
1,138,2057,1,2
1,139,2058,1,2
1,140,2059,1,2
1,141,2060,1,2
1,142,2061,1,2
1,143,2062,1,2
1,144,2063,1,2
1,145,2064,1,2
1,146,2065,1,2
1,147,2066,1,2
1,148,2067,1,2
1,149,2068,1,2
1,150,2069,1,2
1,151,2070,1,2
1,152,2071,1,2
1,153,2072,1,2
1,154,2073,1,2
1,155,2074,1,2
1,156,2075,1,2
1,157,2076,1,2
1,158,2077,1,2
1,159,2078,1,2
1,160,2079,1,2
1,161,2080,1,2
1,162,2081,1,2
1,163,2082,1,2
1,164,2083,1,2
1,165,2084,1,2
1,166,2085,1,2
1,167,2086,1,2
1,168,2087,1,2
1,169,2088,1,2
1,170,2089,1,2
1,171,2090,1,2
1,172,2091,1,2
1,173,2092,1,2
1,174,2093,1,2
1,175,2094,1,2
1,176,2095,1,2
1,177,2096,1,2
1,178,2097,1,2
1,179,2098,1,2
1,180,2099,1,2
1,181,2100,1,2
1,182,2101,1,2
1,183,2102,1,2
1,184,2103,1,2
1,185,2104,1,2
1,186,2105,1,2
1,187,2106,1,2
1,188,2107,1,2
1,189,2108,1,2
1,190,2109,1,2
1,191,2110,1,2
1,192,2111,1,2
1,193,2112,1,2
1,194,2113,1,2
1,195,2114,1,2
1,196,2115,1,2
1,197,2116,1,2
1,198,2117,1,2
1,199,2118,1,2
1,200,2119,1,2
1,201,2120,1,2
1,202,2121,1,2
1,203,2122,1,2
1,204,2123,1,2
1,205,2124,1,2
1,206,2125,1,2
1,207,2126,1,2
1,208,2127,1,2
1,209,2128,1,2
1,210,2129,1,2
1,211,2130,1,2
1,212,2131,1,2
1,213,2132,1,2
1,214,2133,1,2
1,215,2134,1,2
1,216,2135,1,2
1,217,2136,1,2
1,218,2137,1,2
1,219,2138,1,2
1,220,2139,1,2
1,221,2140,1,2
1,222,2141,1,2
1,223,2142,1,2
1,224,2143,1,2
1,225,2144,1,2
1,226,2145,1,2
1,227,2146,1,2
1,228,2147,1,2
1,229,2148,1,2
1,230,2149,1,2
1,231,2150,1,2
1,232,2151,1,2
1,233,2152,1,2
1,234,2153,1,2
1,235,2154,1,2
1,236,2155,1,2
1,237,2156,1,2
1,238,2157,1,2
1,239,2158,1,2
1,240,2159,1,2
1,241,2160,1,2
1,242,2161,1,2
1,243,2162,1,2
1,244,2163,1,2
1,245,2164,1,2
1,246,2165,1,2
1,247,2166,1,2
1,248,2167,1,2
1,249,2168,1,2
1,250,2169,1,2
1,251,2170,1,2
1,252,2171,1,2
1,253,2172,1,2
1,254,2173,1,2
1,255,2174,1,2
1,256,2175,1,2
1,257,2176,1,2
1,258,2177,1,2
1,259,2178,1,2
1,260,2179,1,2
1,261,2180,1,2
1,262,2181,1,2
1,263,2182,1,2
1,264,2183,1,2
1,265,2184,1,2
1,266,2185,1,2
1,267,2186,1,2
1,268,2187,1,2
1,269,2188,1,2
1,270,2189,1,2
1,271,2190,1,2
1,272,2191,1,2
1,273,2192,1,2
1,274,2193,1,2
1,275,2194,1,2
1,276,2195,1,2
1,277,2196,1,2
1,278,2197,1,2
1,279,2198,1,2
1,280,2199,1,2
1,281,2200,1,2
1,282,2201,1,2
1,283,2202,1,2
1,284,2203,1,2
1,285,2204,1,2
1,286,2205,1,2
1,287,2206,1,2
1,288,2207,1,2
1,289,2208,1,2
1,290,2209,1,2
1,291,2210,1,2
1,292,2211,1,2
1,293,2212,1,2
1,294,2213,1,2
1,295,2214,1,2
1,296,2215,1,2
1,297,2216,1,2
1,298,2217,1,2
1,299,2218,1,2
1,300,2219,1,2
1,301,2220,1,2
1,302,2221,1,2
1,303,2222,1,2
1,304,2223,1,2
1,305,2224,1,2
1,306,2225,1,2
1,307,2226,1,2
1,308,2227,1,2
1,309,2228,1,2
1,310,2229,1,2
1,311,2230,1,2
1,312,2231,1,2
1,313,2232,1,2
1,314,2233,1,2
1,315,2234,1,2
1,316,2235,1,2
1,317,2236,1,2
1,318,2237,1,2
1,319,2238,1,2
1,320,2239,1,2
1,321,2240,1,2
1,322,2241,1,2
1,323,2242,1,2
1,324,2243,1,2
1,325,2244,1,2
1,326,2245,1,2
1,327,2246,1,2
1,328,2247,1,2
1,329,2248,1,2
1,330,2249,1,2
1,331,2250,1,2
1,332,2251,1,2
1,333,2252,1,2
1,334,2253,1,2
1,335,2254,1,2
1,336,2255,1,2
1,337,2256,1,2
1,338,2257,1,2
1,339,2258,1,2
1,340,2259,1,2
1,341,2260,1,2
1,342,2261,1,2
1,343,2262,1,2
1,344,2263,1,2
1,345,2264,1,2
1,346,2265,1,2
1,347,2266,1,2
1,348,2267,1,2
1,349,2268,1,2
1,350,2269,1,2
1,351,2270,1,2
1,352,2271,1,2
1,353,2272,1,2
1,354,2273,1,2
1,355,2274,1,2
1,356,2275,1,2
1,357,2276,1,2
1,358,2277,1,2
1,359,2278,1,2
1,360,2279,1,2
1,361,2280,1,2
1,362,2281,1,2
1,363,2282,1,2
1,364,2283,1,2
1,365,2284,1,2
1,366,2285,1,2
1,367,2286,1,2
1,368,2287,1,2
1,369,2288,1,2
1,370,2289,1,2
1,371,2290,1,2
1,372,2291,1,2
1,373,2292,1,2
1,374,2293,1,2
1,375,2294,1,2
1,376,2295,1,2
1,377,2296,1,2
1,378,2297,1,2
1,379,2298,1,2
1,380,2299,1,2
1,381,2300,1,2
1,382,2301,1,2
1,383,2302,1,2
1,384,2303,1,2
1,385,2304,1,2
1,386,2305,1,2
1,387,2306,1,2
1,388,2307,1,2
1,389,2308,1,2
1,390,2309,1,2
1,391,2310,1,2
1,392,2311,1,2
1,393,2312,1,2
1,394,2313,1,2
1,395,2314,1,2
1,396,2315,1,2
1,397,2316,1,2
1,398,2317,1,2
1,399,2318,1,2
1,400,2319,1,2
1,401,2320,1,2
1,402,2321,1,2
1,403,2322,1,2
1,404,2323,1,2
1,405,2324,1,2
1,406,2325,1,2
1,407,2326,1,2
1,408,2327,1,2
1,409,2328,1,2
1,410,2329,1,2
1,411,2330,1,2
1,412,2331,1,2
1,413,2332,1,2
1,414,2333,1,2
1,415,2334,1,2
1,416,2335,1,2
1,417,2336,1,2
1,418,2337,1,2
1,419,2338,1,2
1,420,2339,1,2
1,421,2340,1,2
1,422,2341,1,2
1,423,2342,1,2
1,424,2343,1,2
1,425,2344,1,2
1,426,2345,1,2
1,427,2346,1,2
1,428,2347,1,2
1,429,2348,1,2
1,430,2349,1,2
1,431,2350,1,2
1,432,2351,1,2
1,433,2352,1,2
1,434,2353,1,2
1,435,2354,1,2
1,436,2355,1,2
1,437,2356,1,2
1,438,2357,1,2
1,439,2358,1,2
1,440,2359,1,2
1,441,2360,1,2
1,442,2361,1,2
1,443,2362,1,2
1,444,2363,1,2
1,445,2364,1,2
1,446,2365,1,2
1,447,2366,1,2
1,448,2367,1,2
1,449,2368,1,2
1,450,2369,1,2
1,451,2370,1,2
1,452,2371,1,2
1,453,2372,1,2
1,454,2373,1,2
1,455,2374,1,2
1,456,2375,1,2
1,457,2376,1,2
1,458,2377,1,2
1,459,2378,1,2
1,460,2379,1,2
1,461,2380,1,2
1,462,2381,1,2
1,463,2382,1,2
1,464,2383,1,2
1,465,2384,1,2
1,466,2385,1,2
1,467,2386,1,2
1,468,2387,1,2
1,469,2388,1,2
1,470,2389,1,2
1,471,2390,1,2
1,472,2391,1,2
1,473,2392,1,2
1,474,2393,1,2
1,475,2394,1,2
1,476,2395,1,2
1,477,2396,1,2
1,478,2397,1,2
1,479,2398,1,2
1,480,2399,1,2
1,481,2400,1,2
1,482,2401,1,2
1,483,2402,1,2
1,484,2403,1,2
1,485,2404,1,2
1,486,2405,1,2
1,487,2406,1,2
1,488,2407,1,2
1,489,2408,1,2
1,490,2409,1,2
1,491,2410,1,2
1,492,2411,1,2
1,493,2412,1,2
1,494,2413,1,2
1,495,2414,1,2
1,496,2415,1,2
1,497,2416,1,2
1,498,2417,1,2
1,499,2418,1,2
1,500,2419,1,2
1,501,2420,1,2
1,502,2421,1,2
1,503,2422,1,2
1,504,2423,1,2
1,505,2424,1,2
1,506,2425,1,2
1,507,2426,1,2
1,508,2427,1,2
1,509,2428,1,2
1,510,2429,1,2
1,511,2430,1,2
1,512,2431,1,2
1,513,2432,1,2
1,514,2433,1,2
1,515,2434,1,2
1,516,2435,1,2
1,517,2436,1,2
1,518,2437,1,2
1,519,2438,1,2
1,520,2439,1,2
1,521,2440,1,2
1,522,2441,1,2
1,523,2442,1,2
1,524,2443,1,2
1,525,2444,1,2
1,526,2445,1,2
1,527,2446,1,2
1,528,2447,1,2
1,529,2448,1,2
1,530,2449,1,2
1,531,2450,1,2
1,532,2451,1,2
1,533,2452,1,2
1,534,2453,1,2
1,535,2454,1,2
1,536,2455,1,2
1,537,2456,1,2
1,538,2457,1,2
1,539,2458,1,2
1,540,2459,1,2
1,541,2460,1,2
1,542,2461,1,2
1,543,2462,1,2
1,544,2463,1,2
1,545,2464,1,2
1,546,2465,1,2
1,547,2466,1,2
1,548,2467,1,2
1,549,2468,1,2
1,550,2469,1,2
1,551,2470,1,2
1,552,2471,1,2
1,553,2472,1,2
1,554,2473,1,2
1,555,2474,1,2
1,556,2475,1,2
1,557,2476,1,2
1,558,2477,1,2
1,559,2478,1,2
1,560,2479,1,2
1,561,2480,1,2
1,562,2481,1,2
1,563,2482,1,2
1,564,2483,1,2
1,565,2484,1,2
1,566,2485,1,2
1,567,2486,1,2
1,568,2487,1,2
1,569,2488,1,2
1,570,2489,1,2
1,571,2490,1,2
1,572,2491,1,2
1,573,2492,1,2
1,574,2493,1,2
1,575,2494,1,2
1,576,2495,1,2
1,577,2496,1,2
1,578,2497,1,2
1,579,2498,1,2
1,580,2499,1,2
1,581,2500,1,2
1,582,2501,1,2
1,583,2502,1,2
1,584,2503,1,2
1,585,2504,1,2
1,586,2505,1,2
1,587,2506,1,2
1,588,2507,1,2
1,589,2508,1,2
1,590,2509,1,2
1,591,2510,1,2
1,592,2511,1,2
1,593,2512,1,2
1,594,2513,1,2
1,595,2514,1,2
1,596,2515,1,2
1,597,2516,1,2
1,598,2517,1,2
1,599,2518,1,2
1,600,2519,1,2
1,601,2520,1,2
1,602,2521,1,2
1,603,2522,1,2
1,604,2523,1,2
1,605,2524,1,2
1,606,2525,1,2
1,607,2526,1,2
1,608,2527,1,2
1,609,2528,1,2
1,610,2529,1,2
1,611,2530,1,2
1,612,2531,1,2
1,613,2532,1,2
1,614,2533,1,2
1,615,2534,1,2
1,616,2535,1,2
1,617,2536,1,2
1,618,2537,1,2
1,619,2538,1,2
1,620,2539,1,2
1,621,2540,1,2
1,622,2541,1,2
1,623,2542,1,2
1,624,2543,1,2
1,625,2544,1,2
1,626,2545,1,2
1,627,2546,1,2
1,628,2547,1,2
1,629,2548,1,2
1,630,2549,1,2
1,631,2550,1,2
1,632,2551,1,2
1,633,2552,1,2
1,634,2553,1,2
1,635,2554,1,2
1,636,2555,1,2
1,637,2556,1,2
1,638,2557,1,2
1,639,2558,1,2
1,640,2559,1,2
1,641,2560,1,2
1,642,2561,1,2
1,643,2562,1,2
1,644,2563,1,2
1,645,2564,1,2
1,646,2565,1,2
1,647,2566,1,2
1,648,2567,1,2
1,649,2568,1,2
1,650,2569,1,2
1,651,2570,1,2
1,652,2571,1,2
1,653,2572,1,2
1,654,2573,1,2
1,655,2574,1,2
1,656,2575,1,2
1,657,2576,1,2
1,658,2577,1,2
1,659,2578,1,2
1,660,2579,1,2
1,661,2580,1,2
1,662,2581,1,2
1,663,2582,1,2
1,664,2583,1,2
1,665,2584,1,2
1,666,2585,1,2
1,667,2586,1,2
1,668,2587,1,2
1,669,2588,1,2
1,670,2589,1,2
1,671,2590,1,2
1,672,2591,1,2
1,673,2592,1,2
1,674,2593,1,2
1,675,2594,1,2
1,676,2595,1,2
1,677,2596,1,2
1,678,2597,1,2
1,679,2598,1,2
1,680,2599,1,2
1,681,2600,1,2
1,682,2601,1,2
1,683,2602,1,2
1,684,2603,1,2
1,685,2604,1,2
1,686,2605,1,2
1,687,2606,1,2
1,688,2607,1,2
1,689,2608,1,2
1,690,2609,1,2
1,691,2610,1,2
1,692,2611,1,2
1,693,2612,1,2
1,694,2613,1,2
1,695,2614,1,2
1,696,2615,1,2
1,697,2616,1,2
1,698,2617,1,2
1,699,2618,1,2
1,700,2619,1,2
1,701,2620,1,2
1,702,2621,1,2
1,703,2622,1,2
1,704,2623,1,2
1,705,2624,1,2
1,706,2625,1,2
1,707,2626,1,2
1,708,2627,1,2
1,709,2628,1,2
1,710,2629,1,2
1,711,2630,1,2
1,712,2631,1,2
1,713,2632,1,2
1,714,2633,1,2
1,715,2634,1,2
1,716,2635,1,2
1,717,2636,1,2
1,718,2637,1,2
1,719,2638,1,2
1,720,2639,1,2
1,721,2640,1,2
1,722,2641,1,2
1,723,2642,1,2
1,724,2643,1,2
1,725,2644,1,2
1,726,2645,1,2
1,727,2646,1,2
1,728,2647,1,2
1,729,2648,1,2
1,730,2649,1,2
1,731,2650,1,2
1,732,2651,1,2
1,733,2652,1,2
1,734,2653,1,2
1,735,2654,1,2
1,736,2655,1,2
1,737,2656,1,2
1,738,2657,1,2
1,739,2658,1,2
1,740,2659,1,2
1,741,2660,1,2
1,742,2661,1,2
1,743,2662,1,2
1,744,2663,1,2
1,745,2664,1,2
1,746,2665,1,2
1,747,2666,1,2
1,748,2667,1,2
1,749,2668,1,2
1,750,2669,1,2
1,751,2670,1,2
1,752,2671,1,2
1,753,2672,1,2
1,754,2673,1,2
1,755,2674,1,2
1,756,2675,1,2
1,757,2676,1,2
1,758,2677,1,2
1,759,2678,1,2
1,760,2679,1,2
1,761,2680,1,2
1,762,2681,1,2
1,763,2682,1,2
1,764,2683,1,2
1,765,2684,1,2
1,766,2685,1,2
1,767,2686,1,2
1,768,2687,1,2
1,769,2688,1,2
1,770,2689,1,2
1,771,2690,1,2
1,772,2691,1,2
1,773,2692,1,2
1,774,2693,1,2
1,775,2694,1,2
1,776,2695,1,2
1,777,2696,1,2
1,778,2697,1,2
1,779,2698,1,2
1,780,2699,1,2
1,781,2700,1,2
1,782,2701,1,2
1,783,2702,1,2
1,784,2703,1,2
1,785,2704,1,2
1,786,2705,1,2
1,787,2706,1,2
1,788,2707,1,2
1,789,2708,1,2
1,790,2709,1,2
1,791,2710,1,2
1,792,2711,1,2
1,793,2712,1,2
1,794,2713,1,2
1,795,2714,1,2
1,796,2715,1,2
1,797,2716,1,2
1,798,2717,1,2
1,799,2718,1,2
1,800,2719,1,2
1,801,2720,1,2
1,802,2721,1,2
1,803,2722,1,2
1,804,2723,1,2
1,805,2724,1,2
1,806,2725,1,2
1,807,2726,1,2
1,808,2727,1,2
1,809,2728,1,2
1,810,2729,1,2
1,811,2730,1,2
1,812,2731,1,2
1,813,2732,1,2
1,814,2733,1,2
1,815,2734,1,2
1,816,2735,1,2
1,817,2736,1,2
1,818,2737,1,2
1,819,2738,1,2
1,820,2739,1,2
1,821,2740,1,2
1,822,2741,1,2
1,823,2742,1,2
1,824,2743,1,2
1,825,2744,1,2
1,826,2745,1,2
1,827,2746,1,2
1,828,2747,1,2
1,829,2748,1,2
1,830,2749,1,2
1,831,2750,1,2
1,832,2751,1,2
1,833,2752,1,2
1,834,2753,1,2
1,835,2754,1,2
1,836,2755,1,2
1,837,2756,1,2
1,838,2757,1,2
1,839,2758,1,2
1,840,2759,1,2
1,841,2760,1,2
1,842,2761,1,2
1,843,2762,1,2
1,844,2763,1,2
1,845,2764,1,2
1,846,2765,1,2
1,847,2766,1,2
1,848,2767,1,2
1,849,2768,1,2
1,850,2769,1,2
1,851,2770,1,2
1,852,2771,1,2
1,853,2772,1,2
1,854,2773,1,2
1,855,2774,1,2
1,856,2775,1,2
1,857,2776,1,2
1,858,2777,1,2
1,859,2778,1,2
1,860,2779,1,2
1,861,2780,1,2
1,862,2781,1,2
1,863,2782,1,2
1,864,2783,1,2
1,865,2784,1,2
1,866,2785,1,2
1,867,2786,1,2
1,868,2787,1,2
1,869,2788,1,2
1,870,2789,1,2
1,871,2790,1,2
1,872,2791,1,2
1,873,2792,1,2
1,874,2793,1,2
1,875,2794,1,2
1,876,2795,1,2
1,877,2796,1,2
1,878,2797,1,2
1,879,2798,1,2
1,880,2799,1,2
1,881,2800,1,2
1,882,2801,1,2
1,883,2802,1,2
1,884,2803,1,2
1,885,2804,1,2
1,886,2805,1,2
1,887,2806,1,2
1,888,2807,1,2
1,889,2808,1,2
1,890,2809,1,2
1,891,2810,1,2
1,892,2811,1,2
1,893,2812,1,2
1,894,2813,1,2
1,895,2814,1,2
1,896,2815,1,2
1,897,2816,1,2
1,898,2817,1,2
1,899,2818,1,2
1,900,2819,1,2
1,901,2820,1,2
1,902,2821,1,2
1,903,2822,1,2
1,904,2823,1,2
1,905,2824,1,2
1,906,2825,1,2
1,907,2826,1,2
1,908,2827,1,2
1,909,2828,1,2
1,910,2829,1,2
1,911,2830,1,2
1,912,2831,1,2
1,913,2832,1,2
1,914,2833,1,2
1,915,2834,1,2
1,916,2835,1,2
1,917,2836,1,2
1,918,2837,1,2
1,919,2838,1,2
1,920,2839,1,2
1,921,2840,1,2
1,922,2841,1,2
1,923,2842,1,2
1,924,2843,1,2
1,925,2844,1,2
1,926,2845,1,2
1,927,2846,1,2
1,928,2847,1,2
1,929,2848,1,2
1,930,2849,1,2
1,931,2850,1,2
1,932,2851,1,2
1,933,2852,1,2
1,934,2853,1,2
1,935,2854,1,2
1,936,2855,1,2
1,937,2856,1,2
1,938,2857,1,2
1,939,2858,1,2
1,940,2859,1,2
1,941,2860,1,2
1,942,2861,1,2
1,943,2862,1,2
1,944,2863,1,2
1,945,2864,1,2
1,946,2865,1,2
1,947,2866,1,2
1,948,2867,1,2
1,949,2868,1,2
1,950,2869,1,2
1,951,2870,1,2
1,952,2871,1,2
1,953,2872,1,2
1,954,2873,1,2
1,955,2874,1,2
1,956,2875,1,2
1,957,2876,1,2
1,958,2877,1,2
1,959,2878,1,2
1,960,2879,1,2
1,961,2880,1,2
1,962,2881,1,2
1,963,2882,1,2
1,964,2883,1,2
1,965,2884,1,2
1,966,2885,1,2
1,967,2886,1,2
1,968,2887,1,2
1,969,2888,1,2
1,970,2889,1,2
1,971,2890,1,2
1,972,2891,1,2
1,973,2892,1,2
1,974,2893,1,2
1,975,2894,1,2
1,976,2895,1,2
1,977,2896,1,2
1,978,2897,1,2
1,979,2898,1,2
1,980,2899,1,2
1,981,2900,1,2
1,982,2901,1,2
1,983,2902,1,2
1,984,2903,1,2
1,985,2904,1,2
1,986,2905,1,2
1,987,2906,1,2
1,988,2907,1,2
1,989,2908,1,2
1,990,2909,1,2
1,991,2910,1,2
1,992,2911,1,2
1,993,2912,1,2
1,994,2913,1,2
1,995,2914,1,2
1,996,2915,1,2
1,997,2916,1,2
1,998,2917,1,2
1,999,2918,1,2
1,1000,2919,1,2
1,1001,2920,1,2
1,1002,2921,1,2
1,1003,2922,1,2
1,1004,2923,1,2
1,1005,2924,1,2
1,1006,2925,1,2
1,1007,2926,1,2
1,1008,2927,1,2
1,1009,2928,1,2
1,1010,2929,1,2
1,1011,2930,1,2
1,1012,2931,1,2
1,1013,2932,1,2
1,1014,2933,1,2
1,1015,2934,1,2
1,1016,2935,1,2
1,1017,2936,1,2
1,1018,2937,1,2
1,1019,2938,1,2
1,1020,2939,1,2
1,1021,2940,1,2
1,1022,2941,1,2
1,1023,2942,1,2
1,1024,2943,1,2
1,1025,2944,1,2
1,1026,2945,1,2
1,1027,2946,1,2
1,1028,2947,1,2
1,1029,2948,1,2
1,1030,2949,1,2
1,1031,2950,1,2
1,1032,2951,1,2
1,1033,2952,1,2
1,1034,2953,1,2
1,1035,2954,1,2
1,1036,2955,1,2
1,1037,2956,1,2
1,1038,2957,1,2
1,1039,2958,1,2
1,1040,2959,1,2
1,1041,2960,1,2
1,1042,2961,1,2
1,1043,2962,1,2
1,1044,2963,1,2
1,1045,2964,1,2
1,1046,2965,1,2
1,1047,2966,1,2
1,1048,2967,1,2
1,1049,2968,1,2
1,1050,2969,1,2
1,1051,2970,1,2
1,1052,2971,1,2
1,1053,2972,1,2
1,1054,2973,1,2
1,1055,2974,1,2
1,1056,2975,1,2
1,1057,2976,1,2
1,1058,2977,1,2
1,1059,2978,1,2
1,1060,2979,1,2
1,1061,2980,1,2
1,1062,2981,1,2
1,1063,2982,1,2
1,1064,2983,1,2
1,1065,2984,1,2
1,1066,2985,1,2
1,1067,2986,1,2
1,1068,2987,1,2
1,1069,2988,1,2
1,1070,2989,1,2
1,1071,2990,1,2
1,1072,2991,1,2
1,1073,2992,1,2
1,1074,2993,1,2
1,1075,2994,1,2
1,1076,2995,1,2
1,1077,2996,1,2
1,1078,2997,1,2
1,1079,2998,1,2
1,1080,2999,1,2
1,1081,3000,1,2
1,1082,3001,1,2
1,1083,3002,1,2
1,1084,3003,1,2
1,1085,3004,1,2
1,1086,3005,1,2
1,1087,3006,1,2
1,1088,3007,1,2
1,1089,3008,1,2
1,1090,3009,1,2
1,1091,3010,1,2
1,1092,3011,1,2
1,1093,3012,1,2
1,1094,3013,1,2
1,1095,3014,1,2
1,1096,3015,1,2
1,1097,3016,1,2
1,1098,3017,1,2
1,1099,3018,1,2
1,1100,3019,1,2
1,1101,3020,1,2
1,1102,3021,1,2
1,1103,3022,1,2
1,1104,3023,1,2
1,1105,3024,1,2
1,1106,3025,1,2
1,1107,3026,1,2
1,1108,3027,1,2
1,1109,3028,1,2
1,1110,3029,1,2
1,1111,3030,1,2
1,1112,3031,1,2
1,1113,3032,1,2
1,1114,3033,1,2
1,1115,3034,1,2
1,1116,3035,1,2
1,1117,3036,1,2
1,1118,3037,1,2
1,1119,3038,1,2
1,1120,3039,1,2
1,1121,3040,1,2
1,1122,3041,1,2
1,1123,3042,1,2
1,1124,3043,1,2
1,1125,3044,1,2
1,1126,3045,1,2
1,1127,3046,1,2
1,1128,3047,1,2
1,1129,3048,1,2
1,1130,3049,1,2
1,1131,3050,1,2
1,1132,3051,1,2
1,1133,3052,1,2
1,1134,3053,1,2
1,1135,3054,1,2
1,1136,3055,1,2
1,1137,3056,1,2
1,1138,3057,1,2
1,1139,3058,1,2
1,1140,3059,1,2
1,1141,3060,1,2
1,1142,3061,1,2
1,1143,3062,1,2
1,1144,3063,1,2
1,1145,3064,1,2
1,1146,3065,1,2
1,1147,3066,1,2
1,1148,3067,1,2
1,1149,3068,1,2
1,1150,3069,1,2
1,1151,3070,1,2
1,1152,3071,1,2
1,1153,3072,1,2
1,1154,3073,1,2
1,1155,3074,1,2
1,1156,3075,1,2
1,1157,3076,1,2
1,1158,3077,1,2
1,1159,3078,1,2
1,1160,3079,1,2
1,1161,3080,1,2
1,1162,3081,1,2
1,1163,3082,1,2
1,1164,3083,1,2
1,1165,3084,1,2
1,1166,3085,1,2
1,1167,3086,1,2
1,1168,3087,1,2
1,1169,3088,1,2
1,1170,3089,1,2
1,1171,3090,1,2
1,1172,3091,1,2
1,1173,3092,1,2
1,1174,3093,1,2
1,1175,3094,1,2
1,1176,3095,1,2
1,1177,3096,1,2
1,1178,3097,1,2
1,1179,3098,1,2
1,1180,3099,1,2
1,1181,3100,1,2
1,1182,3101,1,2
1,1183,3102,1,2
1,1184,3103,1,2
1,1185,3104,1,2
1,1186,3105,1,2
1,1187,3106,1,2
1,1188,3107,1,2
1,1189,3108,1,2
1,1190,3109,1,2
1,1191,3110,1,2
1,1192,3111,1,2
1,1193,3112,1,2
1,1194,3113,1,2
1,1195,3114,1,2
1,1196,3115,1,2
1,1197,3116,1,2
1,1198,3117,1,2
1,1199,3118,1,2
1,1200,3119,1,2
1,1201,3120,1,2
1,1202,3121,1,2
1,1203,3122,1,2
1,1204,3123,1,2
1,1205,3124,1,2
1,1206,3125,1,2
1,1207,3126,1,2
1,1208,3127,1,2
1,1209,3128,1,2
1,1210,3129,1,2
1,1211,3130,1,2
1,1212,3131,1,2
1,1213,3132,1,2
1,1214,3133,1,2
1,1215,3134,1,2
1,1216,3135,1,2
1,1217,3136,1,2
1,1218,3137,1,2
1,1219,3138,1,2
1,1220,3139,1,2
1,1221,3140,1,2
1,1222,3141,1,2
1,1223,3142,1,2
1,1224,3143,1,2
1,1225,3144,1,2
1,1226,3145,1,2
1,1227,3146,1,2
1,1228,3147,1,2
1,1229,3148,1,2
1,1230,3149,1,2
1,1231,3150,1,2
1,1232,3151,1,2
1,1233,3152,1,2
1,1234,3153,1,2
1,1235,3154,1,2
1,1236,3155,1,2
1,1237,3156,1,2
1,1238,3157,1,2
1,1239,3158,1,2
1,1240,3159,1,2
1,1241,3160,1,2
1,1242,3161,1,2
1,1243,3162,1,2
1,1244,3163,1,2
1,1245,3164,1,2
1,1246,3165,1,2
1,1247,3166,1,2
1,1248,3167,1,2
1,1249,3168,1,2
1,1250,3169,1,2
1,1251,3170,1,2
1,1252,3171,1,2
1,1253,3172,1,2
1,1254,3173,1,2
1,1255,3174,1,2
1,1256,3175,1,2
1,1257,3176,1,2
1,1258,3177,1,2
1,1259,3178,1,2
1,1260,3179,1,2
1,1261,3180,1,2
1,1262,3181,1,2
1,1263,3182,1,2
1,1264,3183,1,2
1,1265,3184,1,2
1,1266,3185,1,2
1,1267,3186,1,2
1,1268,3187,1,2
1,1269,3188,1,2
1,1270,3189,1,2
1,1271,3190,1,2
1,1272,3191,1,2
1,1273,3192,1,2
1,1274,3193,1,2
1,1275,3194,1,2
1,1276,3195,1,2
1,1277,3196,1,2
1,1278,3197,1,2
1,1279,3198,1,2
1,1280,3199,1,2
1,1281,3200,1,2
1,1282,3201,1,2
1,1283,3202,1,2
1,1284,3203,1,2
1,1285,3204,1,2
1,1286,3205,1,2
1,1287,3206,1,2
1,1288,3207,1,2
1,1289,3208,1,2
1,1290,3209,1,2
1,1291,3210,1,2
1,1292,3211,1,2
1,1293,3212,1,2
1,1294,3213,1,2
1,1295,3214,1,2
1,1296,3215,1,2
1,1297,3216,1,2
1,1298,3217,1,2
1,1299,3218,1,2
1,1300,3219,1,2
1,1301,3220,1,2
1,1302,3221,1,2
1,1303,3222,1,2
1,1304,3223,1,2
1,1305,3224,1,2
1,1306,3225,1,2
1,1307,3226,1,2
1,1308,3227,1,2
1,1309,3228,1,2
1,1310,3229,1,2
1,1311,3230,1,2
1,1312,3231,1,2
1,1313,3232,1,2
1,1314,3233,1,2
1,1315,3234,1,2
1,1316,3235,1,2
1,1317,3236,1,2
1,1318,3237,1,2
1,1319,3238,1,2
1,1320,3239,1,2
1,1321,3240,1,2
1,1322,3241,1,2
1,1323,3242,1,2
1,1324,3243,1,2
1,1325,3244,1,2
1,1326,3245,1,2
1,1327,3246,1,2
1,1328,3247,1,2
1,1329,3248,1,2
1,1330,3249,1,2
1,1331,3250,1,2
1,1332,3251,1,2
1,1333,3252,1,2
1,1334,3253,1,2
1,1335,3254,1,2
1,1336,3255,1,2
1,1337,3256,1,2
1,1338,3257,1,2
1,1339,3258,1,2
1,1340,3259,1,2
1,1341,3260,1,2
1,1342,3261,1,2
1,1343,3262,1,2
1,1344,3263,1,2
1,1345,3264,1,2
1,1346,3265,1,2
1,1347,3266,1,2
1,1348,3267,1,2
1,1349,3268,1,2
1,1350,3269,1,2
1,1351,3270,1,2
1,1352,3271,1,2
1,1353,3272,1,2
1,1354,3273,1,2
1,1355,3274,1,2
1,1356,3275,1,2
1,1357,3276,1,2
1,1358,3277,1,2
1,1359,3278,1,2
1,1360,3279,1,2
1,1361,3280,1,2
1,1362,3281,1,2
1,1363,3282,1,2
1,1364,3283,1,2
1,1365,3284,1,2
1,1366,3285,1,2
1,1367,3286,1,2
1,1368,3287,1,2
1,1369,3288,1,2
1,1370,3289,1,2
1,1371,3290,1,2
1,1372,3291,1,2
1,1373,3292,1,2
1,1374,3293,1,2
1,1375,3294,1,2
1,1376,3295,1,2
1,1377,3296,1,2
1,1378,3297,1,2
1,1379,3298,1,2
1,1380,3299,1,2
1,1381,3300,1,2
1,1382,3301,1,2
1,1383,3302,1,2
1,1384,3303,1,2
1,1385,3304,1,2
1,1386,3305,1,2
1,1387,3306,1,2
1,1388,3307,1,2
1,1389,3308,1,2
1,1390,3309,1,2
1,1391,3310,1,2
1,1392,3311,1,2
1,1393,3312,1,2
1,1394,3313,1,2
1,1395,3314,1,2
1,1396,3315,1,2
1,1397,3316,1,2
1,1398,3317,1,2
1,1399,3318,1,2
1,1400,3319,1,2
1,1401,3320,1,2
1,1402,3321,1,2
1,1403,3322,1,2
1,1404,3323,1,2
1,1405,3324,1,2
1,1406,3325,1,2
1,1407,3326,1,2
1,1408,3327,1,2
1,1409,3328,1,2
1,1410,3329,1,2
1,1411,3330,1,2
1,1412,3331,1,2
1,1413,3332,1,2
1,1414,3333,1,2
1,1415,3334,1,2
1,1416,3335,1,2
1,1417,3336,1,2
1,1418,3337,1,2
1,1419,3338,1,2
1,1420,3339,1,2
1,1421,3340,1,2
1,1422,3341,1,2
1,1423,3342,1,2
1,1424,3343,1,2
1,1425,3344,1,2
1,1426,3345,1,2
1,1427,3346,1,2
1,1428,3347,1,2
1,1429,3348,1,2
1,1430,3349,1,2
1,1431,3350,1,2
1,1432,3351,1,2
1,1433,3352,1,2
1,1434,3353,1,2
1,1435,3354,1,2
1,1436,3355,1,2
1,1437,3356,1,2
1,1438,3357,1,2
1,1439,3358,1,2
1,1440,3359,1,2
1,1441,3360,1,2
1,1442,3361,1,2
1,1443,3362,1,2
1,1444,3363,1,2
1,1445,3364,1,2
1,1446,3365,1,2
1,1447,3366,1,2
1,1448,3367,1,2
1,1449,3368,1,2
1,1450,3369,1,2
1,1451,3370,1,2
1,1452,3371,1,2
1,1453,3372,1,2
1,1454,3373,1,2
1,1455,3374,1,2
1,1456,3375,1,2
1,1457,3376,1,2
1,1458,3377,1,2
1,1459,3378,1,2
1,1460,3379,1,2
1,1461,3380,1,2
1,1462,3381,1,2
1,1463,3382,1,2
1,1464,3383,1,2
1,1465,3384,1,2
1,1466,3385,1,2
1,1467,3386,1,2
1,1468,3387,1,2
1,1469,3388,1,2
1,1470,3389,1,2
1,1471,3390,1,2
1,1472,3391,1,2
1,1473,3392,1,2
1,1474,3393,1,2
1,1475,3394,1,2
1,1476,3395,1,2
1,1477,3396,1,2
1,1478,3397,1,2
1,1479,3398,1,2
1,1480,3399,1,2
1,1481,3400,1,2
1,1482,3401,1,2
1,1483,3402,1,2
1,1484,3403,1,2
1,1485,3404,1,2
1,1486,3405,1,2
1,1487,3406,1,2
1,1488,3407,1,2
1,1489,3408,1,2
1,1490,3409,1,2
1,1491,3410,1,2
1,1492,3411,1,2
1,1493,3412,1,2
1,1494,3413,1,2
1,1495,3414,1,2
1,1496,3415,1,2
1,1497,3416,1,2
1,1498,3417,1,2
1,1499,3418,1,2
1,1500,3419,1,2
1,1501,3420,1,2
1,1502,3421,1,2
1,1503,3422,1,2
1,1504,3423,1,2
1,1505,3424,1,2
1,1506,3425,1,2
1,1507,3426,1,2
1,1508,3427,1,2
1,1509,3428,1,2
1,1510,3429,1,2
1,1511,3430,1,2
1,1512,3431,1,2
1,1513,3432,1,2
1,1514,3433,1,2
1,1515,3434,1,2
1,1516,3435,1,2
1,1517,3436,1,2
1,1518,3437,1,2
1,1519,3438,1,2
1,1520,3439,1,2
1,1521,3440,1,2
1,1522,3441,1,2
1,1523,3442,1,2
1,1524,3443,1,2
1,1525,3444,1,2
1,1526,3445,1,2
1,1527,3446,1,2
1,1528,3447,1,2
1,1529,3448,1,2
1,1530,3449,1,2
1,1531,3450,1,2
1,1532,3451,1,2
1,1533,3452,1,2
1,1534,3453,1,2
1,1535,3454,1,2
1,1536,3455,1,2
1,1537,3456,1,2
1,1538,3457,1,2
1,1539,3458,1,2
1,1540,3459,1,2
1,1541,3460,1,2
1,1542,3461,1,2
1,1543,3462,1,2
1,1544,3463,1,2
1,1545,3464,1,2
1,1546,3465,1,2
1,1547,3466,1,2
1,1548,3467,1,2
1,1549,3468,1,2
1,1550,3469,1,2
1,1551,3470,1,2
1,1552,3471,1,2
1,1553,3472,1,2
1,1554,3473,1,2
1,1555,3474,1,2
1,1556,3475,1,2
1,1557,3476,1,2
1,1558,3477,1,2
1,1559,3478,1,2
1,1560,3479,1,2
1,1561,3480,1,2
1,1562,3481,1,2
1,1563,3482,1,2
1,1564,3483,1,2
1,1565,3484,1,2
1,1566,3485,1,2
1,1567,3486,1,2
1,1568,3487,1,2
1,1569,3488,1,2
1,1570,3489,1,2
1,1571,3490,1,2
1,1572,3491,1,2
1,1573,3492,1,2
1,1574,3493,1,2
1,1575,3494,1,2
1,1576,3495,1,2
1,1577,3496,1,2
1,1578,3497,1,2
1,1579,3498,1,2
1,1580,3499,1,2
1,1581,3500,1,2
1,1582,3501,1,2
1,1583,3502,1,2
1,1584,3503,1,2
1,1585,3504,1,2
1,1586,3505,1,2
1,1587,3506,1,2
1,1588,3507,1,2
1,1589,3508,1,2
1,1590,3509,1,2
1,1591,3510,1,2
1,1592,3511,1,2
1,1593,3512,1,2
1,1594,3513,1,2
1,1595,3514,1,2
1,1596,3515,1,2
1,1597,3516,1,2
1,1598,3517,1,2
1,1599,3518,1,2
1,1600,3519,1,2
1,1601,3520,1,2
1,1602,3521,1,2
1,1603,3522,1,2
1,1604,3523,1,2
1,1605,3524,1,2
1,1606,3525,1,2
1,1607,3526,1,2
1,1608,3527,1,2
1,1609,3528,1,2
1,1610,3529,1,2
1,1611,3530,1,2
1,1612,3531,1,2
1,1613,3532,1,2
1,1614,3533,1,2
1,1615,3534,1,2
1,1616,3535,1,2
1,1617,3536,1,2
1,1618,3537,1,2
1,1619,3538,1,2
1,1620,3539,1,2
1,1621,3540,1,2
1,1622,3541,1,2
1,1623,3542,1,2
1,1624,3543,1,2
1,1625,3544,1,2
1,1626,3545,1,2
1,1627,3546,1,2
1,1628,3547,1,2
1,1629,3548,1,2
1,1630,3549,1,2
1,1631,3550,1,2
1,1632,3551,1,2
1,1633,3552,1,2
1,1634,3553,1,2
1,1635,3554,1,2
1,1636,3555,1,2
1,1637,3556,1,2
1,1638,3557,1,2
1,1639,3558,1,2
1,1640,3559,1,2
1,1641,3560,1,2
1,1642,3561,1,2
1,1643,3562,1,2
1,1644,3563,1,2
1,1645,3564,1,2
1,1646,3565,1,2
1,1647,3566,1,2
1,1648,3567,1,2
1,1649,3568,1,2
1,1650,3569,1,2
1,1651,3570,1,2
1,1652,3571,1,2
1,1653,3572,1,2
1,1654,3573,1,2
1,1655,3574,1,2
1,1656,3575,1,2
1,1657,3576,1,2
1,1658,3577,1,2
1,1659,3578,1,2
1,1660,3579,1,2
1,1661,3580,1,2
1,1662,3581,1,2
1,1663,3582,1,2
1,1664,3583,1,2
1,1665,3584,1,2
1,1666,3585,1,2
1,1667,3586,1,2
1,1668,3587,1,2
1,1669,3588,1,2
1,1670,3589,1,2
1,1671,3590,1,2
1,1672,3591,1,2
1,1673,3592,1,2
1,1674,3593,1,2
1,1675,3594,1,2
1,1676,3595,1,2
1,1677,3596,1,2
1,1678,3597,1,2
1,1679,3598,1,2
1,1680,3599,1,2
1,1681,3600,1,2
1,1682,3601,1,2
1,1683,3602,1,2
1,1684,3603,1,2
1,1685,3604,1,2
1,1686,3605,1,2
1,1687,3606,1,2
1,1688,3607,1,2
1,1689,3608,1,2
1,1690,3609,1,2
1,1691,3610,1,2
1,1692,3611,1,2
1,1693,3612,1,2
1,1694,3613,1,2
1,1695,3614,1,2
1,1696,3615,1,2
1,1697,3616,1,2
1,1698,3617,1,2
1,1699,3618,1,2
1,1700,3619,1,2
1,1701,3620,1,2
1,1702,3621,1,2
1,1703,3622,1,2
1,1704,3623,1,2
1,1705,3624,1,2
1,1706,3625,1,2
1,1707,3626,1,2
1,1708,3627,1,2
1,1709,3628,1,2
1,1710,3629,1,2
1,1711,3630,1,2
1,1712,3631,1,2
1,1713,3632,1,2
1,1714,3633,1,2
1,1715,3634,1,2
1,1716,3635,1,2
1,1717,3636,1,2
1,1718,3637,1,2
1,1719,3638,1,2
1,1720,3639,1,2
1,1721,3640,1,2
1,1722,3641,1,2
1,1723,3642,1,2
1,1724,3643,1,2
1,1725,3644,1,2
1,1726,3645,1,2
1,1727,3646,1,2
1,1728,3647,1,2
1,1729,3648,1,2
1,1730,3649,1,2
1,1731,3650,1,2
1,1732,3651,1,2
1,1733,3652,1,2
1,1734,3653,1,2
1,1735,3654,1,2
1,1736,3655,1,2
1,1737,3656,1,2
1,1738,3657,1,2
1,1739,3658,1,2
1,1740,3659,1,2
1,1741,3660,1,2
1,1742,3661,1,2
1,1743,3662,1,2
1,1744,3663,1,2
1,1745,3664,1,2
1,1746,3665,1,2
1,1747,3666,1,2
1,1748,3667,1,2
1,1749,3668,1,2
1,1750,3669,1,2
1,1751,3670,1,2
1,1752,3671,1,2
1,1753,3672,1,2
1,1754,3673,1,2
1,1755,3674,1,2
1,1756,3675,1,2
1,1757,3676,1,2
1,1758,3677,1,2
1,1759,3678,1,2
1,1760,3679,1,2
1,1761,3680,1,2
1,1762,3681,1,2
1,1763,3682,1,2
1,1764,3683,1,2
1,1765,3684,1,2
1,1766,3685,1,2
1,1767,3686,1,2
1,1768,3687,1,2
1,1769,3688,1,2
1,1770,3689,1,2
1,1771,3690,1,2
1,1772,3691,1,2
1,1773,3692,1,2
1,1774,3693,1,2
1,1775,3694,1,2
1,1776,3695,1,2
1,1777,3696,1,2
1,1778,3697,1,2
1,1779,3698,1,2
1,1780,3699,1,2
1,1781,3700,1,2
1,1782,3701,1,2
1,1783,3702,1,2
1,1784,3703,1,2
1,1785,3704,1,2
1,1786,3705,1,2
1,1787,3706,1,2
1,1788,3707,1,2
1,1789,3708,1,2
1,1790,3709,1,2
1,1791,3710,1,2
1,1792,3711,1,2
1,1793,3712,1,2
1,1794,3713,1,2
1,1795,3714,1,2
1,1796,3715,1,2
1,1797,3716,1,2
1,1798,3717,1,2
1,1799,3718,1,2
1,1800,3719,1,2
1,1801,3720,1,2
1,1802,3721,1,2
1,1803,3722,1,2
1,1804,3723,1,2
1,1805,3724,1,2
1,1806,3725,1,2
1,1807,3726,1,2
1,1808,3727,1,2
1,1809,3728,1,2
1,1810,3729,1,2
1,1811,3730,1,2
1,1812,3731,1,2
1,1813,3732,1,2
1,1814,3733,1,2
1,1815,3734,1,2
1,1816,3735,1,2
1,1817,3736,1,2
1,1818,3737,1,2
1,1819,3738,1,2
1,1820,3739,1,2
1,1821,3740,1,2
1,1822,3741,1,2
1,1823,3742,1,2
1,1824,3743,1,2
1,1825,3744,1,2
1,1826,3745,1,2
1,1827,3746,1,2
1,1828,3747,1,2
1,1829,3748,1,2
1,1830,3749,1,2
1,1831,3750,1,2
1,1832,3751,1,2
1,1833,3752,1,2
1,1834,3753,1,2
1,1835,3754,1,2
1,1836,3755,1,2
1,1837,3756,1,2
1,1838,3757,1,2
1,1839,3758,1,2
1,1840,3759,1,2
1,1841,3760,1,2
1,1842,3761,1,2
1,1843,3762,1,2
1,1844,3763,1,2
1,1845,3764,1,2
1,1846,3765,1,2
1,1847,3766,1,2
1,1848,3767,1,2
1,1849,3768,1,2
1,1850,3769,1,2
1,1851,3770,1,2
1,1852,3771,1,2
1,1853,3772,1,2
1,1854,3773,1,2
1,1855,3774,1,2
1,1856,3775,1,2
1,1857,3776,1,2
1,1858,3777,1,2
1,1859,3778,1,2
1,1860,3779,1,2
1,1861,3780,1,2
1,1862,3781,1,2
1,1863,3782,1,2
1,1864,3783,1,2
1,1865,3784,1,2
1,1866,3785,1,2
1,1867,3786,1,2
1,1868,3787,1,2
1,1869,3788,1,2
1,1870,3789,1,2
1,1871,3790,1,2
1,1872,3791,1,2
1,1873,3792,1,2
1,1874,3793,1,2
1,1875,3794,1,2
1,1876,3795,1,2
1,1877,3796,1,2
1,1878,3797,1,2
1,1879,3798,1,2
1,1880,3799,1,2
1,1881,3800,1,2
1,1882,3801,1,2
1,1883,3802,1,2
1,1884,3803,1,2
1,1885,3804,1,2
1,1886,3805,1,2
1,1887,3806,1,2
1,1888,3807,1,2
1,1889,3808,1,2
1,1890,3809,1,2
1,1891,3810,1,2
1,1892,3811,1,2
1,1893,3812,1,2
1,1894,3813,1,2
1,1895,3814,1,2
1,1896,3815,1,2
1,1897,3816,1,2
1,1898,3817,1,2
1,1899,3818,1,2
1,1900,3819,1,2
1,1901,3820,1,2
1,1902,3821,1,2
1,1903,3822,1,2
1,1904,3823,1,2
1,1905,3824,1,2
1,1906,3825,1,2
1,1907,3826,1,2
1,1908,3827,1,2
1,1909,3828,1,2
1,1910,3829,1,2
1,1911,3830,1,2
1,1912,3831,1,2
1,1913,3832,1,2
1,1914,3833,1,2
1,1915,3834,1,2
1,1916,3835,1,2
1,1917,3836,1,2
1,1918,3837,1,2
