vectors:

 -0.018714 0.056716 -0.178484

 -0.115736 0.063322 0.291314

 -0.018715 -0.141718 -0.178484

 -0.080115 -0.111584 0.334547

 -0.097028 -0.050922 0.138044

 -0.134885 -0.069549 -0.023363

 -0.142006 0.071855 0.183373

 -0.117169 0.110276 -0.024643

 -0.126677 -0.102938 0.335447

 -0.127877 0.016896 0.327044

 -0.234742 -0.038347 0.253322

 -0.150302 0.009689 0.244844

 -0.160593 -0.119486 0.315529

 -0.159205 0.005056 0.315448

 -0.233970 -0.047662 0.271926

 -0.162585 0.038273 0.302489

 -0.164843 -0.094984 -0.117816

 -0.177301 0.056716 -0.116916

 -0.162125 -0.169367 -0.925492

 -0.153652 -0.200162 -0.826805

 -0.307072 0.288699 0.195694

 -0.286651 0.317604 0.217008

 -0.334492 0.281949 0.231119

 -0.314071 0.310854 0.252434

 -0.233509 -0.169367 -0.920335

 -0.234801 -0.200162 -0.820942

 -0.172828 0.080104 -0.486298

 -0.170742 -0.033761 -0.457431

 -0.081707 0.080104 -0.492881

 -0.079621 -0.033761 -0.464014

 -0.231498 -0.114647 -0.902047

 -0.164934 -0.114647 -0.906856

 -0.165407 -0.177004 -0.796117

 -0.231971 -0.177004 -0.791308

 -0.234789 -0.130207 -0.576570

 -0.236872 -0.006015 -0.605411

 -0.135732 -0.006015 -0.612718

 -0.133648 -0.130207 -0.583876

 -0.174173 -0.048177 -0.476051

 -0.178059 0.028424 -0.529839

 -0.086828 0.028424 -0.536430

 -0.082942 -0.048177 -0.482642

 -0.171034 -0.039814 -0.443348

 -0.168331 0.064023 -0.405927

 -0.074605 0.064023 -0.412698

 -0.077308 -0.039814 -0.450119

 -0.167509 -0.095752 -0.188827

 -0.194689 0.077472 -0.186863

 -0.022595 0.077472 -0.222064

 -0.038368 -0.095752 -0.219786

 -0.089707 -0.025068 0.078341

 -0.107135 0.104225 0.123665

 -0.286424 0.121293 0.266016

 -0.281501 0.110905 0.211078

 -0.219142 0.148369 0.266926

 -0.214219 0.137981 0.211987

 -0.309684 0.168842 0.267522

 -0.235339 0.198761 0.268527

 -0.304039 0.157014 0.202038

 -0.229694 0.186933 0.203043

 -0.328565 0.244574 0.248582

 -0.274416 0.247669 0.261232

 -0.316636 0.236846 0.199410

 -0.262487 0.239941 0.212059

 -0.322442 0.396064 0.218728

 -0.373655 0.323574 0.165274

 -0.380261 0.344672 0.142990

 -0.335911 0.407449 0.189281

 -0.283903 0.384133 0.219053

 -0.308423 0.381874 0.224539

 -0.333103 0.314477 0.185392

 -0.359636 0.309384 0.171085

 -0.359836 0.394170 0.230211

 -0.356811 0.424122 0.186694

 -0.404186 0.331394 0.183920

 -0.401161 0.361346 0.140403

 -0.259024 0.368460 0.216472

 -0.308224 0.298804 0.182811

 -0.363003 0.275211 0.220653

 -0.318652 0.337988 0.266944

 -0.321012 0.383837 0.145668

 -0.346536 0.363668 0.133402

 -0.319001 0.402643 0.162141

 -0.309597 0.399995 0.157583

 -0.320659 0.412209 0.150757

 -0.300916 0.397818 0.152217

 -0.312331 0.381661 0.140302

 -0.348194 0.373234 0.122018

 -0.304032 0.381756 0.180717

 -0.284472 0.409443 0.201133

 -0.287252 0.372832 0.176744

 -0.267692 0.400518 0.197159

 -0.042527 -0.087803 0.342109

 -0.037417 0.001085 0.307757

 -0.081594 -0.106589 0.455511

 -0.081966 -0.076090 0.477702

 -0.215177 -0.097096 -1.158546

 -0.224904 -0.091934 -0.804660

 -0.172273 -0.091934 -0.808462

 -0.170159 -0.135203 -0.788853

 -0.224177 -0.135203 -0.784951

 -0.223712 -0.130403 -0.770594

 -0.224513 -0.082687 -0.781676

 -0.168460 -0.082687 -0.785725

 -0.167659 -0.130403 -0.774644

 -0.227766 -0.104837 -0.837117

 -0.173484 -0.104837 -0.841039

 -0.170127 -0.140342 -0.794565

 -0.224408 -0.140342 -0.790643

 -0.105675 0.005056 0.324776

 -0.121715 0.035116 0.183486

 -0.024732 0.071602 0.248191

 -0.012275 0.105223 0.192154

 -0.074666 0.091212 0.075617

 -0.023906 0.108232 0.119417

 -0.098824 0.175693 0.196488

 -0.006284 -0.117705 -0.082183

 -0.038959 -0.076389 0.391511

 -0.034738 -0.010469 0.436642

 -0.070437 -0.064155 0.433754

 -0.070796 -0.032369 0.447671

 -0.081605 -0.100519 0.444946

 -0.079706 -0.062147 0.468915

 -0.074728 -0.218990 0.470623

 -0.063368 -0.075853 0.560718

 -0.078493 -0.162240 0.358573

 -0.069630 -0.033621 0.519080

 -0.026677 0.034826 0.472698

 -0.042448 -0.090673 0.404078

 -0.104502 -0.091843 0.447396

 -0.104491 -0.097913 0.457960

 -0.096571 -0.063656 0.438564

 -0.030153 -0.000627 0.359146

 -0.038180 -0.075619 0.372504

 -0.010217 -0.004413 0.519536

 -0.048090 -0.194928 0.527426

 -0.048090 -0.147585 0.563077

 0.004588 0.056716 -0.180167

 0.115736 0.063322 0.291314

 0.004588 -0.141718 -0.180167

 0.080115 -0.111584 0.334547

 -0.007063 -0.074996 -0.179326

 -0.000000 -0.103058 0.330707

 -0.006720 0.060154 -0.174568

 -0.000000 0.025851 0.285699

 0.097028 -0.050922 0.138044

 0.141849 -0.069550 -0.043355

 0.142006 0.071855 0.183373

 0.124132 0.110276 -0.042075

 -0.000000 0.088791 0.193722

 0.003286 0.122985 -0.036075

 -0.000000 -0.041505 0.114754

 0.003482 -0.069550 -0.033359

 0.126677 -0.102938 0.335447

 0.127877 0.016896 0.327044

 0.234742 -0.038347 0.253322

 0.150302 0.009689 0.244844

 0.160592 -0.119486 0.315529

 0.159205 0.005056 0.315448

 0.233970 -0.047662 0.271926

 0.162585 0.038273 0.302489

 0.157919 -0.094984 -0.141133

 0.170377 0.056716 -0.142033

 0.039136 -0.169367 -0.940032

 0.044937 -0.200162 -0.841151

 0.335163 0.288699 0.211848

 0.309022 0.317604 0.198139

 0.308731 0.281949 0.248017

 0.282590 0.310854 0.234307

 0.110520 -0.169367 -0.945189

 0.126086 -0.200162 -0.847014

 0.112857 0.080104 -0.506937

 0.114942 -0.033761 -0.478069

 0.021736 0.080104 -0.500354

 0.023821 -0.033761 -0.471487

 0.111159 -0.114647 -0.926802

 0.044596 -0.114647 -0.921993

 0.060981 -0.177004 -0.812472

 0.127544 -0.177004 -0.817281

 0.161199 -0.130207 -0.605177

 0.159115 -0.006015 -0.634019

 0.057975 -0.006015 -0.626712

 0.060059 -0.130207 -0.597870

 0.115661 -0.048177 -0.496990

 0.111775 0.028424 -0.550778

 0.020544 0.028424 -0.544187

 0.024430 -0.048177 -0.490399

 0.117255 -0.039814 -0.464175

 0.119959 0.064023 -0.426754

 0.026233 0.064023 -0.419983

 0.023529 -0.039814 -0.457404

 0.150351 -0.095752 -0.211790

 0.177531 0.077472 -0.213754

 0.002164 0.077472 -0.223853

 0.018101 -0.095752 -0.223866

 0.089707 -0.025068 0.078341

 0.107135 0.104225 0.123665

 0.000000 0.103921 0.072894

 -0.000000 -0.025068 0.078341

 0.286424 0.121292 0.266016

 0.281501 0.110905 0.211078

 0.219142 0.148368 0.266926

 0.214219 0.137981 0.211987

 0.309684 0.168842 0.267522

 0.235339 0.198761 0.268527

 0.304039 0.157014 0.202038

 0.229694 0.186933 0.203043

 0.328565 0.244573 0.248582

 0.274416 0.247669 0.261232

 0.316636 0.236846 0.199410

 0.262487 0.239941 0.212060

 0.317295 0.396064 0.233003

 0.382854 0.323573 0.267385

 0.406096 0.344672 0.267553

 0.349321 0.407449 0.237778

 0.306296 0.384133 0.196066

 0.307824 0.381874 0.221146

 0.352279 0.314476 0.234002

 0.373383 0.309384 0.255527

 0.316632 0.394170 0.272114

 0.357603 0.424122 0.257141

 0.373406 0.331394 0.301889

 0.414377 0.361346 0.286915

 0.301877 0.368460 0.171447

 0.347861 0.298803 0.209382

 0.326693 0.275211 0.272507

 0.269919 0.337988 0.242732

 0.387093 0.383837 0.211369

 0.405956 0.363668 0.232491

 0.370708 0.402643 0.214006

 0.372480 0.399995 0.203706

 0.382105 0.412209 0.212442

 0.375228 0.397818 0.193878

 0.389841 0.381661 0.201541

 0.417354 0.373234 0.230927

 0.348710 0.381756 0.204775

 0.323671 0.409443 0.191643

 0.347874 0.372832 0.187551

 0.322835 0.400518 0.174419

 -0.000000 -0.087750 0.342376

 0.042527 -0.087803 0.342109

 0.037417 0.001085 0.307757

 -0.000000 0.001138 0.291364

 -0.000000 -0.219370 0.471127

 0.081594 -0.106589 0.455511

 0.081966 -0.076090 0.477702

 -0.000000 -0.069881 0.576923

 0.058140 -0.097096 -1.178292

 0.118631 -0.091934 -0.829478

 0.066001 -0.091934 -0.825676

 0.066728 -0.135203 -0.805967

 0.120745 -0.135203 -0.809869

 0.122349 -0.130403 -0.795595

 0.121549 -0.082687 -0.806676

 0.065496 -0.082687 -0.802627

 0.066296 -0.130403 -0.791546

 0.116799 -0.104837 -0.862010

 0.062517 -0.104837 -0.858088

 0.065875 -0.140342 -0.811614

 0.120156 -0.140342 -0.815536

 0.105675 0.005056 0.324776

 0.121715 0.035116 0.183486

 0.024732 0.071602 0.248191

 0.012275 0.105223 0.192154

 0.074666 0.091212 0.075617

 0.023906 0.108232 0.119417

 0.098824 0.175693 0.196488

 0.006128 -0.117705 -0.083080

 -0.000078 -0.091833 -0.082632

 0.038959 -0.076389 0.391511

 0.034738 -0.010469 0.436642

 -0.000000 -0.008450 0.434913

 -0.000000 -0.078297 0.388598

 0.070437 -0.064155 0.433754

 -0.000000 -0.082841 0.397333

 0.070796 -0.032369 0.447671

 -0.000000 0.036790 0.471201

 0.081605 -0.100519 0.444946

 -0.000000 -0.155353 0.342739

 0.079706 -0.062148 0.468915

 -0.000000 0.019414 0.556735

 0.074728 -0.218990 0.470623

 0.063368 -0.075853 0.560718

 0.078493 -0.162240 0.358573

 0.069630 -0.033621 0.519080

 0.026677 0.034826 0.472698

 0.042448 -0.090673 0.404078

 0.104502 -0.091843 0.447396

 0.104490 -0.097913 0.457960

 0.096571 -0.063656 0.438564

 0.030153 -0.000627 0.359146

 -0.000000 -0.000582 0.356436

 0.038180 -0.075619 0.372504

 -0.000000 -0.075575 0.372751

 -0.000000 0.005679 0.518121

 0.010217 -0.004413 0.519536

 -0.000000 -0.018496 0.531898

 -0.000000 -0.195035 0.527568

 0.048090 -0.194928 0.527426

 0.048090 -0.147585 0.563077

 -0.000000 -0.147692 0.563219

 -0.343830 -0.130157 0.335834

 0.343829 -0.130157 0.335834

 -0.069438 -0.120189 0.180982

 0.069438 -0.120189 0.180982

 -0.269121 0.029561 0.219462

 -0.169754 0.076586 0.215596

 -0.282869 0.061168 0.295413

 -0.180836 0.102303 0.296837

 0.269121 0.029561 0.219462

 0.169754 0.076586 0.215596

 0.282869 0.061168 0.295413

 0.180836 0.102302 0.296837

 -0.038185 -0.194070 0.289870

 0.038185 -0.194070 0.289870

 -0.113807 -0.144245 0.328025

 0.113807 -0.144245 0.328025

 0.220583 0.476412 0.234775

 -0.752015 1.145743 0.858248

 0.288410 0.514154 0.304487

 -0.727039 1.159641 0.883918

 0.188335 0.389346 0.282361

 -0.763890 1.113682 0.875771

 0.256162 0.427089 0.352073

 -0.738914 1.127580 0.901441

 -0.864891 1.219801 0.951029

 0.332189 0.483677 0.278392

 0.264362 0.445935 0.208681

 0.299941 0.396612 0.325978

 0.232114 0.358869 0.256266

 0.297590 0.440528 0.270743

 0.287640 0.413664 0.285426

 0.266712 0.402018 0.263916

 0.276662 0.428883 0.249233

 0.514350 0.258467 0.135458

 0.517391 0.266679 0.130970

 0.510994 0.263119 0.124395

 0.507953 0.254907 0.128883

 0.103090 0.252065 0.250491

 0.405527 0.629247 0.317358

 0.535540 0.239671 0.145640

 0.549205 0.276563 0.125476

 0.520464 0.260570 0.095937

 0.506800 0.223678 0.116101

 0.565610 0.223940 0.098372

tris:

 4 303 10

 141 2 0

 141 0 143

 3 142 239

 3 239 92

 111 112 115

 0 7 150

 0 150 143

 6 1 115

 2 116 5

 2 5 16

 50 4 110

 50 110 113

 268 152 5

 268 5 116

 198 151 4

 198 4 50

 9 11 13

 11 15 13

 110 4 10

 110 10 11

 3 109 9

 3 9 8

 109 110 11

 109 11 9

 154 153 302

 160 158 302

 62 60 22

 62 22 20

 157 304 155

 157 155 159

 7 0 17

 33 30 24

 33 24 25

 70 71 69

 70 69 68

 18 19 25

 18 25 24

 60 61 23

 60 23 22

 31 32 19

 31 19 18

 63 62 20

 63 20 21

 61 63 21

 61 21 23

 32 33 25

 32 25 19

 5 7 17

 5 17 16

 45 42 27

 45 27 29

 44 45 29

 44 29 28

 43 44 28

 43 28 26

 42 43 26

 42 26 27

 107 108 33

 107 33 32

 106 107 32

 106 32 31

 105 106 31

 105 31 30

 108 105 30

 108 30 33

 38 39 35

 38 35 34

 39 40 36

 39 36 35

 40 41 37

 40 37 36

 41 38 34

 41 34 37

 29 27 38

 29 38 41

 28 29 41

 28 41 40

 26 28 40

 26 40 39

 27 26 39

 27 39 38

 46 47 43

 46 43 42

 47 48 44

 47 44 43

 48 49 45

 48 45 44

 49 46 42

 49 42 45

 2 16 46

 2 46 49

 0 2 49

 0 49 48

 17 0 48

 17 48 47

 16 17 47

 16 47 46

 152 198 50

 152 50 5

 5 50 113

 5 113 7

 7 113 197

 7 197 150

 308 306 55

 308 55 54

 306 305 53

 306 53 55

 307 308 54

 307 54 52

 305 307 52

 305 52 53

 54 55 59

 54 59 57

 55 53 58

 55 58 59

 52 54 57

 52 57 56

 53 52 56

 53 56 58

 57 59 63

 57 63 61

 59 58 62

 59 62 63

 56 57 61

 56 61 60

 58 56 60

 58 60 62

 66 65 74

 66 74 75

 84 87 75

 84 75 73

 88 80 86

 88 86 90

 74 72 73

 74 73 75

 22 23 79

 22 79 78

 20 22 78

 20 78 77

 21 20 77

 21 77 76

 23 21 76

 23 76 79

 89 68 76

 89 76 91

 88 70 68

 88 68 89

 91 90 86

 91 86 85

 67 82 84

 67 84 73

 65 71 78

 65 78 74

 64 67 73

 64 73 72

 71 70 78

 70 77 78

 68 69 79

 68 79 76

 65 66 67

 65 67 64

 81 66 75

 81 75 87

 69 64 72

 69 72 79

 71 65 64

 71 64 69

 87 84 82

 87 82 81

 85 86 80

 85 80 83

 66 81 82

 66 82 67

 78 79 72

 78 72 74

 76 77 90

 76 90 91

 80 88 89

 80 89 83

 83 89 91

 83 91 85

 70 88 90

 70 90 77

 120 119 131

 144 109 93

 144 93 242

 109 3 92

 109 92 93

 123 243 297

 123 297 135

 246 296 126

 101 102 97

 101 97 100

 102 103 98

 102 98 97

 103 104 99

 103 99 98

 104 101 100

 104 100 99

 37 34 101

 37 101 104

 36 37 104

 36 104 103

 35 36 103

 35 103 102

 34 35 102

 34 102 101

 100 97 105

 100 105 108

 97 98 106

 97 106 105

 98 99 107

 98 107 106

 99 100 108

 99 108 107

 18 24 96

 30 31 96

 24 30 96

 31 18 96

 111 1 109

 111 109 144

 1 6 110

 1 110 109

 112 111 144

 112 144 149

 6 51 113

 6 113 110

 114 112 149

 114 149 197

 51 114 197

 51 197 113

 112 114 115

 1 111 115

 114 51 115

 51 6 115

 141 268 116

 141 116 2

 133 293 272

 133 272 117

 291 132 118

 291 118 271

 132 133 117

 132 117 118

 117 272 274

 117 274 128

 271 118 127

 271 127 276

 118 119 120

 128 274 278

 128 278 125

 126 124 246

 95 94 123

 95 123 124

 120 122 126

 120 126 127

 118 117 128

 118 128 119

 121 119 128

 121 128 125

 122 95 124

 122 124 126

 122 129 130

 122 130 95

 120 131 129

 120 129 122

 121 94 130

 121 130 129

 119 121 129

 119 129 131

 94 95 130

 93 92 133

 93 133 132

 242 93 132

 242 132 291

 92 239 293

 92 293 133

 294 134 280

 127 134 294

 280 134 296

 296 134 126

 294 276 127

 127 126 134

 135 297 300

 135 300 136

 124 123 135

 124 135 136

 246 124 136

 246 136 300

 118 120 127

 145 155 304

 141 143 137

 141 137 139

 140 240 239

 140 239 142

 262 266 263

 137 143 150

 137 150 148

 147 266 138

 139 161 146

 139 146 267

 195 264 261

 195 261 145

 268 267 146

 268 146 152

 198 195 145

 198 145 151

 154 158 156

 158 160 156

 261 156 155

 261 155 145

 140 153 154

 140 154 260

 260 154 156

 260 156 261

 14 12 301

 158 154 302

 209 165 167

 209 167 207

 153 140 304

 153 304 157

 148 162 137

 178 170 169

 178 169 175

 217 215 216

 217 216 218

 163 169 170

 163 170 164

 207 167 168

 207 168 208

 176 163 164

 176 164 177

 210 166 165

 210 165 209

 208 168 166

 208 166 210

 177 164 170

 177 170 178

 146 161 162

 146 162 148

 190 174 172

 190 172 187

 189 173 174

 189 174 190

 188 171 173

 188 173 189

 187 172 171

 187 171 188

 258 177 178

 258 178 259

 257 176 177

 257 177 258

 256 175 176

 256 176 257

 259 178 175

 259 175 256

 183 179 180

 183 180 184

 184 180 181

 184 181 185

 185 181 182

 185 182 186

 186 182 179

 186 179 183

 174 186 183

 174 183 172

 173 185 186

 173 186 174

 171 184 185

 171 185 173

 172 183 184

 172 184 171

 191 187 188

 191 188 192

 192 188 189

 192 189 193

 193 189 190

 193 190 194

 194 190 187

 194 187 191

 139 194 191

 139 191 161

 137 193 194

 137 194 139

 162 192 193

 162 193 137

 161 191 192

 161 192 162

 152 146 195

 152 195 198

 146 148 264

 146 264 195

 148 150 197

 148 197 264

 312 201 202

 312 202 310

 310 202 200

 310 200 309

 311 199 201

 311 201 312

 309 200 199

 309 199 311

 201 204 206

 201 206 202

 202 206 205

 202 205 200

 199 203 204

 199 204 201

 200 205 203

 200 203 199

 204 208 210

 204 210 206

 206 210 209

 206 209 205

 203 207 208

 203 208 204

 205 209 207

 205 207 203

 213 222 221

 213 221 212

 231 220 222

 231 222 234

 235 237 233

 235 233 227

 221 222 220

 221 220 219

 167 225 226

 167 226 168

 165 224 225

 165 225 167

 166 223 224

 166 224 165

 168 226 223

 168 223 166

 236 238 223

 236 223 215

 235 236 215

 235 215 217

 238 232 233

 238 233 237

 214 220 231

 214 231 229

 212 221 225

 212 225 218

 211 219 220

 211 220 214

 218 225 217

 225 224 217

 215 223 226

 215 226 216

 212 211 214

 212 214 213

 228 234 222

 228 222 213

 216 226 219

 216 219 211

 218 216 211

 218 211 212

 234 228 229

 234 229 231

 232 230 227

 232 227 233

 213 214 229

 213 229 228

 225 221 219

 225 219 226

 223 238 237

 223 237 224

 227 230 236

 227 236 235

 230 232 238

 230 238 236

 217 224 237

 217 237 235

 275 289 273

 144 242 241

 144 241 260

 260 241 240

 260 240 140

 281 298 297

 281 297 243

 246 284 296

 252 251 248

 252 248 253

 253 248 249

 253 249 254

 254 249 250

 254 250 255

 255 250 251

 255 251 252

 182 255 252

 182 252 179

 181 254 255

 181 255 182

 180 253 254

 180 254 181

 179 252 253

 179 253 180

 251 259 256

 251 256 248

 248 256 257

 248 257 249

 249 257 258

 249 258 250

 250 258 259

 250 259 251

 163 247 169

 175 247 176

 169 247 175

 176 247 163

 262 144 260

 262 260 138

 138 260 261

 138 261 147

 263 149 144

 263 144 262

 147 261 264

 147 264 196

 265 197 149

 265 149 263

 196 264 197

 196 197 265

 263 266 265

 138 266 262

 265 266 196

 196 266 147

 141 139 267

 141 267 268

 292 269 272

 292 272 293

 291 271 270

 291 270 290

 290 270 269

 290 269 292

 269 286 274

 269 274 272

 271 276 285

 271 285 270

 270 275 273

 286 283 278

 286 278 274

 284 246 282

 245 282 281

 245 281 244

 275 285 284

 275 284 279

 270 273 286

 270 286 269

 277 283 286

 277 286 273

 279 284 282

 279 282 245

 279 245 288

 279 288 287

 275 279 287

 275 287 289

 277 287 288

 277 288 244

 273 289 287

 273 287 277

 244 288 245

 241 290 292

 241 292 240

 242 291 290

 242 290 241

 240 292 293

 240 293 239

 294 280 295

 285 294 295

 280 296 295

 296 284 295

 294 285 276

 285 295 284

 298 299 300

 298 300 297

 282 299 298

 282 298 281

 246 300 299

 246 299 282

 270 285 275

 9 13 301

 153 157 302

 13 15 301

 159 160 302

 8 9 301

 12 8 301

 15 14 301

 157 159 302

 142 303 151

 3 303 142

 151 303 4

 145 304 151

 142 304 140

 151 304 142

 12 14 10

 12 10 303

 10 14 307

 10 307 305

 14 15 308

 14 308 307

 11 10 305

 11 305 306

 15 11 306

 15 306 308

 155 309 311

 155 311 159

 159 311 312

 159 312 160

 156 310 309

 156 309 155

 160 312 310

 160 310 156

 125 278 313

 278 243 313

 243 123 313

 123 125 313

 283 281 314

 281 243 314

 243 278 314

 278 283 314

 121 315 94

 125 315 121

 123 315 125

 94 315 123

 281 316 244

 283 316 281

 277 316 283

 244 316 277

 317 318 320

 317 320 319

 319 320 324

 319 324 323

 323 324 322

 323 322 321

 321 322 318

 321 318 317

 320 318 325

 318 322 325

 324 320 325

 322 324 325

 331 332 337

 331 337 334

 326 328 331

 326 331 330

 328 329 332

 328 332 331

 329 327 333

 329 333 332

 327 326 330

 327 330 333

 337 336 342

 337 342 343

 330 331 334

 330 334 335

 332 333 336

 332 336 337

 333 330 335

 333 335 336

 321 338 323

 328 338 329

 323 338 328

 317 338 321

 327 338 317

 329 338 327

 323 339 319

 328 339 323

 326 339 328

 319 339 317

 327 339 326

 317 339 327

 343 342 344

 336 335 341

 336 341 342

 334 337 343

 334 343 340

 335 334 340

 335 340 341

 342 341 344

 340 343 344

 341 340 344

 8 12 303

 8 303 3

vector2s:

 0.067495 0.566093

 0.067495 0.566092

 0.375000 0.000000

 0.625000 0.000000

 0.625000 0.250000

 0.375000 0.250000

 0.625000 0.500000

 0.375000 0.500000

 0.625000 0.750000

 0.375000 0.750000

 0.625000 1.000000

 0.375000 1.000000

 0.288569 0.586431

 0.288569 0.663569

 0.125000 0.500000

 0.211431 0.586431

 0.125000 0.750000

 0.211431 0.663569

uv:

 0 0 0

 0 0 0

 0 0 0

 0 0 0

 0 0 0

 0 0 0

 0 0 0

 0 0 0

 0 1 0

 0 0 0

 0 0 0

 0 0 0

 0 0 0

 1 0 0

 1 0 0

 0 0 0

 0 0 0

 0 0 0

 0 0 0

 0 0 0

 0 0 0

 0 0 0

 0 0 0

 0 0 0

 0 0 0

 0 0 0

 0 0 0

 0 1 0

 0 0 0

 0 0 0

 0 0 0

 0 0 0

 1 1 0

 1 0 0

 0 1 0

 0 0 1

 0 0 0

 0 0 0

 1 1 0

 1 0 0

 1 1 0

 1 0 0

 0 0 0

 0 0 0

 1 0 0

 1 0 0

 1 1 0

 1 0 0

 0 0 0

 0 0 0

 1 1 1

 1 1 1

 1 1 1

 1 1 1

 1 1 1

 1 1 1

 1 1 1

 1 1 1

 1 1 1

 1 1 1

 0 1 1

 0 1 1

 1 0 1

 1 1 1

 1 1 1

 1 1 1

 1 1 1

 1 1 1

 1 1 1

 1 1 1

 1 1 1

 1 1 1

 1 1 1

 1 1 1

 1 1 1

 1 1 1

 1 1 1

 1 1 1

 1 1 1

 1 1 1

 1 1 1

 1 1 1

 1 1 1

 1 1 1

 1 0 1

 1 1 1

 0 0 1

 0 1 1

 0 1 1

 0 1 1

 0 0 1

 0 1 0

 0 0 0

 0 0 0

 0 0 0

 0 0 1

 0 0 1

 0 1 1

 0 0 0

 0 0 0

 0 0 0

 0 0 0

 0 0 0

 0 0 0

 0 1 0

 0 0 0

 1 1 0

 1 0 0

 0 0 0

 0 0 0

 1 0 0

 1 0 0

 0 0 1

 0 1 0

 0 0 0

 0 0 1

 0 0 0

 0 0 1

 0 0 1

 0 1 0

 0 1 0

 0 0 1

 1 0 0

 1 0 0

 1 0 1

 1 1 1

 0 1 1

 0 1 0

 1 1 0

 1 0 0

 0 0 0

 0 0 0

 0 0 0

 0 0 0

 0 1 0

 0 0 0

 0 0 1

 0 1 1

 0 0 1

 0 1 0

 0 0 0

 0 0 0

 0 0 0

 0 0 1

 1 1 0

 1 0 0

 0 0 1

 0 1 1

 0 0 0

 0 0 0

 0 0 0

 0 0 0

 1 1 1

 1 1 0

 0 0 0

 0 0 1

 1 0 1

 0 0 1

 1 0 1

 1 1 0

 1 1 0

 1 0 0

 0 1 0

 0 0 0

 0 0 1

 0 1 1

 1 1 0

 1 0 0

 0 0 0

 0 0 0

 0 0 0

 0 0 0

 1 0 0

 1 0 0

 1 1 1

 1 1 0

 0 0 0

 0 0 0

 0 0 1

 0 1 0

 0 1 0

 0 0 0

 0 0 0

 0 0 0

 0 0 0

 0 0 0

 0 0 0

 0 0 0

 0 0 0

 0 0 0

 0 0 0

 0 0 0

 1 1 1

 1 1 1

 1 1 0

 1 0 1

 1 1 1

 1 1 0

 1 1 1

 1 1 1

 1 1 1

 1 1 1

 1 1 1

 1 1 1

 1 1 1

 1 1 1

 1 1 1

 1 1 1

 1 1 1

 1 1 1

 1 0 0

 1 0 1

 0 1 1

 0 1 0

 1 1 1

 1 1 1

 0 0 0

 1 1 1

 0 1 0

 1 0 0

 0 1 0

 0 0 0

 1 0 0

 1 0 0

 0 0 0

 0 0 0

 0 0 0

 0 0 0

 1 0 0

 1 0 0

 0 1 0

 0 0 0

 0 1 0

 1 0 0

 1 0 0

 0 0 0

 0 1 0

 0 0 0

 0 0 0

 0 0 0

 0 0 0

 0 0 0

 0 0 0

 0 0 0

 0 0 0

 0 0 0

 0 0 0

 0 0 0

 0 0 0

 0 0 1

 0 1 0

 0 0 0

 0 0 0

 0 0 0

 0 0 0

 0 0 0

 0 0 0

 0 0 0

 0 0 0

 0 0 0

 0 0 0

 0 0 0

 0 0 0

 0 0 0

 0 0 0

 0 0 0

 0 0 0

 0 0 0

 0 0 0

 0 0 0

 0 0 0

 0 0 0

 0 0 0

 0 0 0

 0 0 0

 0 0 0

 0 0 0

 0 0 0

 0 0 0

 0 0 0

 0 0 0

 0 0 0

 0 0 0

 0 0 0

 0 0 0

 0 0 0

 0 0 0

 0 0 0

 0 0 0

 0 0 0

 0 0 0

 0 0 0

 0 0 0

 0 0 0

 0 0 0

 0 0 0

 0 0 0

 0 0 0

 0 0 1

 0 0 0

 0 0 0

 0 0 0

 0 0 0

 1 0 0

 1 0 0

 0 0 0

 0 0 0

 0 0 0

 0 0 0

 0 0 0

 0 0 0

 0 0 0

 0 0 0

 0 0 0

 0 0 0

 0 0 0

 0 0 0

 0 0 0

 0 0 1

 0 0 0

 0 0 0

 0 0 0

 1 0 0

 1 0 1

 0 1 0

 0 0 1

 0 0 0

 0 0 0

 1 0 0

 1 0 1

 1 0 0

 1 0 1

 0 0 0

 0 0 0

 1 0 0

 1 0 0

 1 0 0

 1 0 1

 0 0 0

 0 0 0

 1 1 1

 1 1 1

 1 1 1

 1 1 1

 1 1 1

 1 1 1

 1 1 1

 1 1 1

 1 1 1

 1 1 1

 0 1 1

 0 1 1

 1 1 1

 1 1 0

 1 1 1

 1 1 1

 1 1 1

 1 1 1

 1 1 1

 1 1 1

 1 1 1

 1 1 1

 1 1 1

 1 1 1

 1 1 1

 1 1 1

 1 1 1

 1 1 1

 1 1 1

 1 1 1

 1 1 1

 1 1 1

 1 1 1

 1 1 1

 1 1 1

 1 1 0

 0 1 1

 0 1 0

 0 1 1

 0 1 1

 0 0 1

 0 1 0

 0 0 0

 0 0 0

 0 1 0

 0 0 0

 0 1 1

 0 1 0

 0 0 0

 0 0 0

 0 0 0

 0 0 0

 0 0 0

 0 0 0

 0 0 0

 0 0 1

 1 0 0

 1 0 0

 0 0 0

 0 0 0

 0 0 0

 0 0 0

 0 0 1

 0 1 0

 0 1 0

 0 0 0

 0 1 0

 0 0 0

 0 0 1

 0 1 0

 0 1 0

 0 0 1

 1 0 0

 1 0 0

 1 1 1

 1 1 0

 0 0 1

 0 1 1

 1 0 0

 1 0 1

 0 0 0

 0 0 0

 0 0 0

 0 0 0

 0 0 0

 0 0 1

 0 1 1

 0 1 0

 0 0 1

 0 1 0

 0 0 0

 0 0 0

 0 1 0

 0 0 0

 1 0 0

 1 0 1

 0 1 1

 0 1 0

 0 0 0

 0 0 0

 0 0 0

 0 0 0

 1 0 1

 1 1 1

 0 1 0

 0 0 0

 1 1 0

 1 0 0

 1 0 1

 1 1 0

 1 0 0

 1 0 1

 0 0 0

 0 0 1

 0 1 1

 0 1 0

 1 0 0

 1 0 1

 0 0 0

 0 0 0

 0 0 0

 0 0 0

 1 0 0

 1 0 0

 1 0 1

 1 1 1

 0 0 0

 0 0 0

 0 0 1

 0 1 0

 0 0 0

 0 0 1

 0 0 0

 0 0 0

 0 0 0

 0 0 0

 0 0 0

 0 0 0

 0 0 0

 0 0 0

 0 0 0

 0 0 0

 1 1 1

 1 1 1

 1 1 0

 1 0 1

 1 0 1

 1 1 1

 1 1 1

 1 1 1

 1 1 1

 1 1 1

 1 1 1

 1 1 1

 1 1 1

 1 1 1

 1 1 1

 1 1 1

 1 1 1

 1 1 1

 1 1 0

 1 0 0

 0 0 1

 0 1 1

 1 1 1

 1 1 1

 0 0 0

 1 0 1

 0 1 1

 1 0 0

 0 0 0

 0 0 1

 1 0 0

 1 0 0

 0 0 0

 0 0 0

 0 0 0

 0 0 0

 1 0 0

 1 0 0

 0 0 0

 0 0 1

 0 0 1

 1 0 0

 1 0 0

 0 0 0

 0 0 0

 0 0 1

 0 0 0

 0 0 0

 0 0 0

 0 0 0

 0 0 0

 0 0 0

 0 0 0

 0 0 0

 0 0 0

 0 0 0

 0 0 0

 0 0 1

 0 1 0

 0 0 0

 0 0 0

 0 0 0

 0 0 0

 0 0 0

 0 0 0

 0 0 0

 0 0 0

 0 0 0

 0 0 0

 0 0 0

 0 0 0

 0 0 0

 0 0 0

 0 0 0

 0 0 0

 0 0 0

 0 0 0

 0 0 0

 0 0 0

 0 0 0

 0 0 0

 0 0 0

 0 0 0

 0 0 0

 0 0 0

 0 0 0

 0 0 0

 0 0 0

 0 0 0

 0 0 0

 0 0 0

 0 0 0

 0 0 0

 0 0 0

 0 0 0

 0 0 0

 0 0 0

 0 0 0

 0 0 0

 0 0 0

 0 0 0

 0 0 0

 0 0 0

 0 0 0

 0 0 0

 0 0 0

 0 0 0

 0 0 0

 0 0 0

 0 0 0

 0 0 0

 0 0 0

 0 0 0

 0 0 0

 0 0 0

 0 0 1

 0 0 0

 0 0 0

 0 0 1

 0 1 1

 0 0 1

 0 1 0

 0 0 0

 0 0 0

 0 0 0

 0 0 0

 0 1 0

 0 0 0

 0 0 1

 0 1 0

 0 1 0

 1 0 0

 0 0 0

 0 0 0

 0 0 0

 0 0 0

 0 1 0

 1 0 0

 0 0 0

 0 0 0

 0 0 0

 0 0 0

 0 0 0

 0 0 0

 0 0 0

 0 0 0

 2 3 4

 2 4 5

 5 4 6

 5 6 7

 7 6 8

 7 8 9

 9 8 10

 9 10 11

 4 3 4

 10 8 10

 6 4 6

 8 6 8

 12 13 13

 12 13 12

 14 7 12

 14 12 15

 7 9 13

 7 13 12

 9 16 17

 9 17 13

 16 14 15

 16 15 17

 13 17 17

 13 17 13

 15 12 12

 15 12 15

 13 17 17

 13 17 13

 17 15 15

 17 15 17

 9 7 7

 7 9 9

 7 7 7

 11 9 9

 11 11 11

 9 11 11

 7 5 5

 7 7 7

 5 7 7

 5 2 2

 2 5 5

 2 2 2

 13 17 13

 17 15 15

 17 15 17

 12 13 13

 12 13 12

 15 12 12

 15 12 15

 17 15 17

 12 13 12

 15 12 15

 0 0 0

 0 0 0

palette:

 255 255 255 255

color:

 0 0 0

 0 0 0

 0 0 0

 0 0 0

 0 0 0

 0 0 0

 0 0 0

 0 0 0

 0 0 0

 0 0 0

 0 0 0

 0 0 0

 0 0 0

 0 0 0

 0 0 0

 0 0 0

 0 0 0

 0 0 0

 0 0 0

 0 0 0

 0 0 0

 0 0 0

 0 0 0

 0 0 0

 0 0 0

 0 0 0

 0 0 0

 0 0 0

 0 0 0

 0 0 0

 0 0 0

 0 0 0

 0 0 0

 0 0 0

 0 0 0

 0 0 0

 0 0 0

 0 0 0

 0 0 0

 0 0 0

 0 0 0

 0 0 0

 0 0 0

 0 0 0

 0 0 0

 0 0 0

 0 0 0

 0 0 0

 0 0 0

 0 0 0

 0 0 0

 0 0 0

 0 0 0

 0 0 0

 0 0 0

 0 0 0

 0 0 0

 0 0 0

 0 0 0

 0 0 0

 0 0 0

 0 0 0

 0 0 0

 0 0 0

 0 0 0

 0 0 0

 0 0 0

 0 0 0

 0 0 0

 0 0 0

 0 0 0

 0 0 0

 0 0 0

 0 0 0

 0 0 0

 0 0 0

 0 0 0

 0 0 0

 0 0 0

 0 0 0

 0 0 0

 0 0 0

 0 0 0

 0 0 0

 0 0 0

 0 0 0

 0 0 0

 0 0 0

 0 0 0

 0 0 0

 0 0 0

 0 0 0

 0 0 0

 0 0 0

 0 0 0

 0 0 0

 0 0 0

 0 0 0

 0 0 0

 0 0 0

 0 0 0

 0 0 0

 0 0 0

 0 0 0

 0 0 0

 0 0 0

 0 0 0

 0 0 0

 0 0 0

 0 0 0

 0 0 0

 0 0 0

 0 0 0

 0 0 0

 0 0 0

 0 0 0

 0 0 0

 0 0 0

 0 0 0

 0 0 0

 0 0 0

 0 0 0

 0 0 0

 0 0 0

 0 0 0

 0 0 0

 0 0 0

 0 0 0

 0 0 0

 0 0 0

 0 0 0

 0 0 0

 0 0 0

 0 0 0

 0 0 0

 0 0 0

 0 0 0

 0 0 0

 0 0 0

 0 0 0

 0 0 0

 0 0 0

 0 0 0

 0 0 0

 0 0 0

 0 0 0

 0 0 0

 0 0 0

 0 0 0

 0 0 0

 0 0 0

 0 0 0

 0 0 0

 0 0 0

 0 0 0

 0 0 0

 0 0 0

 0 0 0

 0 0 0

 0 0 0

 0 0 0

 0 0 0

 0 0 0

 0 0 0

 0 0 0

 0 0 0

 0 0 0

 0 0 0

 0 0 0

 0 0 0

 0 0 0

 0 0 0

 0 0 0

 0 0 0

 0 0 0

 0 0 0

 0 0 0

 0 0 0

 0 0 0

 0 0 0

 0 0 0

 0 0 0

 0 0 0

 0 0 0

 0 0 0

 0 0 0

 0 0 0

 0 0 0

 0 0 0

 0 0 0

 0 0 0

 0 0 0

 0 0 0

 0 0 0

 0 0 0

 0 0 0

 0 0 0

 0 0 0

 0 0 0

 0 0 0

 0 0 0

 0 0 0

 0 0 0

 0 0 0

 0 0 0

 0 0 0

 0 0 0

 0 0 0

 0 0 0

 0 0 0

 0 0 0

 0 0 0

 0 0 0

 0 0 0

 0 0 0

 0 0 0

 0 0 0

 0 0 0

 0 0 0

 0 0 0

 0 0 0

 0 0 0

 0 0 0

 0 0 0

 0 0 0

 0 0 0

 0 0 0

 0 0 0

 0 0 0

 0 0 0

 0 0 0

 0 0 0

 0 0 0

 0 0 0

 0 0 0

 0 0 0

 0 0 0

 0 0 0

 0 0 0

 0 0 0

 0 0 0

 0 0 0

 0 0 0

 0 0 0

 0 0 0

 0 0 0

 0 0 0

 0 0 0

 0 0 0

 0 0 0

 0 0 0

 0 0 0

 0 0 0

 0 0 0

 0 0 0

 0 0 0

 0 0 0

 0 0 0

 0 0 0

 0 0 0

 0 0 0

 0 0 0

 0 0 0

 0 0 0

 0 0 0

 0 0 0

 0 0 0

 0 0 0

 0 0 0

 0 0 0

 0 0 0

 0 0 0

 0 0 0

 0 0 0

 0 0 0

 0 0 0

 0 0 0

 0 0 0

 0 0 0

 0 0 0

 0 0 0

 0 0 0

 0 0 0

 0 0 0

 0 0 0

 0 0 0

 0 0 0

 0 0 0

 0 0 0

 0 0 0

 0 0 0

 0 0 0

 0 0 0

 0 0 0

 0 0 0

 0 0 0

 0 0 0

 0 0 0

 0 0 0

 0 0 0

 0 0 0

 0 0 0

 0 0 0

 0 0 0

 0 0 0

 0 0 0

 0 0 0

 0 0 0

 0 0 0

 0 0 0

 0 0 0

 0 0 0

 0 0 0

 0 0 0

 0 0 0

 0 0 0

 0 0 0

 0 0 0

 0 0 0

 0 0 0

 0 0 0

 0 0 0

 0 0 0

 0 0 0

 0 0 0

 0 0 0

 0 0 0

 0 0 0

 0 0 0

 0 0 0

 0 0 0

 0 0 0

 0 0 0

 0 0 0

 0 0 0

 0 0 0

 0 0 0

 0 0 0

 0 0 0

 0 0 0

 0 0 0

 0 0 0

 0 0 0

 0 0 0

 0 0 0

 0 0 0

 0 0 0

 0 0 0

 0 0 0

 0 0 0

 0 0 0

 0 0 0

 0 0 0

 0 0 0

 0 0 0

 0 0 0

 0 0 0

 0 0 0

 0 0 0

 0 0 0

 0 0 0

 0 0 0

 0 0 0

 0 0 0

 0 0 0

 0 0 0

 0 0 0

 0 0 0

 0 0 0

 0 0 0

 0 0 0

 0 0 0

 0 0 0

 0 0 0

 0 0 0

 0 0 0

 0 0 0

 0 0 0

 0 0 0

 0 0 0

 0 0 0

 0 0 0

 0 0 0

 0 0 0

 0 0 0

 0 0 0

 0 0 0

 0 0 0

 0 0 0

 0 0 0

 0 0 0

 0 0 0

 0 0 0

 0 0 0

 0 0 0

 0 0 0

 0 0 0

 0 0 0

 0 0 0

 0 0 0

 0 0 0

 0 0 0

 0 0 0

 0 0 0

 0 0 0

 0 0 0

 0 0 0

 0 0 0

 0 0 0

 0 0 0

 0 0 0

 0 0 0

 0 0 0

 0 0 0

 0 0 0

 0 0 0

 0 0 0

 0 0 0

 0 0 0

 0 0 0

 0 0 0

 0 0 0

 0 0 0

 0 0 0

 0 0 0

 0 0 0

 0 0 0

 0 0 0

 0 0 0

 0 0 0

 0 0 0

 0 0 0

 0 0 0

 0 0 0

 0 0 0

 0 0 0

 0 0 0

 0 0 0

 0 0 0

 0 0 0

 0 0 0

 0 0 0

 0 0 0

 0 0 0

 0 0 0

 0 0 0

 0 0 0

 0 0 0

 0 0 0

 0 0 0

 0 0 0

 0 0 0

 0 0 0

 0 0 0

 0 0 0

 0 0 0

 0 0 0

 0 0 0

 0 0 0

 0 0 0

 0 0 0

 0 0 0

 0 0 0

 0 0 0

 0 0 0

 0 0 0

 0 0 0

 0 0 0

 0 0 0

 0 0 0

 0 0 0

 0 0 0

 0 0 0

 0 0 0

 0 0 0

 0 0 0

 0 0 0

 0 0 0

 0 0 0

 0 0 0

 0 0 0

 0 0 0

 0 0 0

 0 0 0

 0 0 0

 0 0 0

 0 0 0

 0 0 0

 0 0 0

 0 0 0

 0 0 0

 0 0 0

 0 0 0

 0 0 0

 0 0 0

 0 0 0

 0 0 0

 0 0 0

 0 0 0

 0 0 0

 0 0 0

 0 0 0

 0 0 0

 0 0 0

 0 0 0

 0 0 0

 0 0 0

 0 0 0

 0 0 0

 0 0 0

 0 0 0

 0 0 0

 0 0 0

 0 0 0

 0 0 0

 0 0 0

 0 0 0

 0 0 0

 0 0 0

 0 0 0

 0 0 0

 0 0 0

 0 0 0

 0 0 0

 0 0 0

 0 0 0

 0 0 0

 0 0 0

 0 0 0

 0 0 0

 0 0 0

 0 0 0

 0 0 0

 0 0 0

 0 0 0

 0 0 0

 0 0 0

 0 0 0

 0 0 0

 0 0 0

 0 0 0

 0 0 0

 0 0 0

 0 0 0

 0 0 0

 0 0 0

 0 0 0

 0 0 0

 0 0 0

 0 0 0

 0 0 0

 0 0 0

 0 0 0

 0 0 0

 0 0 0

 0 0 0

 0 0 0

 0 0 0

 0 0 0

 0 0 0

 0 0 0

 0 0 0

 0 0 0

 0 0 0

 0 0 0

 0 0 0

 0 0 0

 0 0 0

 0 0 0

 0 0 0

 0 0 0

 0 0 0

 0 0 0

 0 0 0

 0 0 0

 0 0 0

 0 0 0

 0 0 0

 0 0 0

 0 0 0

 0 0 0

 0 0 0

 0 0 0

 0 0 0

 0 0 0

 0 0 0

 0 0 0

 0 0 0

 0 0 0

 0 0 0

 0 0 0

 0 0 0

 0 0 0

 0 0 0

 0 0 0

 0 0 0

 0 0 0

 0 0 0

 0 0 0

 0 0 0

 0 0 0

 0 0 0

 0 0 0

 0 0 0

 0 0 0

 0 0 0

 0 0 0

 0 0 0

 0 0 0

 0 0 0

 0 0 0

 0 0 0

 0 0 0

 0 0 0

 0 0 0

 0 0 0

 0 0 0

 0 0 0

 0 0 0

 0 0 0

 0 0 0

 0 0 0

 0 0 0

 0 0 0

 0 0 0

 0 0 0

 0 0 0

 0 0 0

 0 0 0

 0 0 0

 0 0 0

 0 0 0

 0 0 0

 0 0 0

 0 0 0

 0 0 0

 0 0 0

 0 0 0

 0 0 0

 0 0 0

 0 0 0

 0 0 0

 0 0 0

 0 0 0

 0 0 0

 0 0 0

 0 0 0

 0 0 0

 0 0 0

 0 0 0

 0 0 0

 0 0 0

 0 0 0

 0 0 0

 0 0 0

 0 0 0

 0 0 0

 0 0 0

 0 0 0

 0 0 0

 0 0 0

 0 0 0

 0 0 0

 0 0 0

 0 0 0

 0 0 0

 0 0 0

 0 0 0

 0 0 0

 0 0 0

 0 0 0

 0 0 0

 0 0 0

 0 0 0

 0 0 0

 0 0 0

 0 0 0

 0 0 0

 0 0 0

 0 0 0

 0 0 0

 0 0 0

