vectors:

 0.033306 0.056716 -0.166292

 -0.121929 0.154051 0.250750

 0.033306 -0.141718 -0.166292

 -0.040099 0.052569 0.380116

 0.052613 0.091957 0.200026

 0.175006 -0.069550 -0.043885

 -0.048856 0.181561 0.171265

 0.157244 0.110276 -0.043885

 -0.010774 0.080956 0.395796

 -0.109833 0.146973 0.308913

 0.001672 0.123468 0.391480

 -0.084750 0.171129 0.315503

 0.191387 -0.094984 -0.159608

 0.203393 0.056716 -0.163050

 -0.089071 -0.169367 -0.917033

 -0.063070 -0.200162 -0.821456

 -0.020272 -0.169367 -0.936753

 0.015141 -0.200162 -0.843873

 0.072097 0.080104 -0.508338

 0.080071 -0.033761 -0.480516

 -0.015726 0.080104 -0.483166

 -0.007751 -0.033761 -0.455344

 -0.015867 -0.114647 -0.918889

 -0.080021 -0.114647 -0.900501

 -0.041474 -0.177004 -0.796687

 0.022680 -0.177004 -0.815075

 0.099213 -0.130207 -0.614418

 0.091246 -0.006015 -0.642215

 -0.006233 -0.006015 -0.614275

 0.001735 -0.130207 -0.586478

 0.076885 -0.048178 -0.499180

 0.062027 0.028424 -0.551021

 -0.025902 0.028424 -0.525819

 -0.011043 -0.048177 -0.473978

 0.085191 -0.039814 -0.467394

 0.095528 0.064023 -0.431328

 0.005195 0.064023 -0.405436

 -0.005142 -0.039814 -0.441502

 0.169456 -0.095752 -0.227201

 0.195652 0.077472 -0.234709

 0.021955 0.077472 -0.208546

 0.037549 -0.095752 -0.211835

 0.071974 0.095384 0.137576

 -0.042131 0.162213 0.097717

 -0.072621 0.027348 0.361627

 -0.112893 0.057576 0.280561

 -0.036889 -0.068659 0.441221

 -0.037930 -0.044024 0.469316

 -0.119448 -0.097096 -1.154111

 0.011450 -0.091934 -0.825180

 -0.039275 -0.091934 -0.810641

 -0.034513 -0.135203 -0.791502

 0.017549 -0.135203 -0.806424

 0.022053 -0.130403 -0.792784

 0.018992 -0.082687 -0.803464

 -0.035032 -0.082687 -0.787980

 -0.031971 -0.130403 -0.777300

 0.002970 -0.104837 -0.856640

 -0.049347 -0.104837 -0.841645

 -0.036508 -0.140342 -0.796853

 0.015808 -0.140342 -0.811848

 -0.106710 0.121904 0.308636

 -0.029533 0.148466 0.188379

 -0.126073 0.073620 0.189729

 -0.116016 0.075375 0.123990

 -0.011027 0.127242 0.061087

 -0.066674 0.087253 0.070518

 -0.142017 0.182653 0.106931

 0.042501 -0.117705 -0.093286

 -0.081311 -0.033360 0.377630

 -0.081201 0.031345 0.443440

 -0.047734 -0.021924 0.429040

 -0.046416 0.005836 0.449820

 -0.035036 -0.060364 0.432492

 -0.039358 -0.028364 0.463891

 -0.047177 -0.181111 0.428636

 -0.058773 -0.061695 0.549883

 -0.023998 -0.100725 0.334876

 -0.049593 -0.011483 0.519046

 -0.088330 0.067637 0.488702

 -0.078774 -0.050265 0.386679

 -0.015255 -0.053561 0.436615

 -0.015813 -0.061856 0.445521

 -0.021744 -0.023764 0.434284

 -0.090662 0.050643 0.371769

 -0.064815 -0.021415 0.374287

 -0.107711 0.019643 0.525108

 -0.078144 -0.169291 0.490144

 -0.077124 -0.131295 0.535616

 0.010847 0.056716 -0.159855

 -0.190279 -0.058804 0.190745

 0.010847 -0.141718 -0.159855

 -0.087413 -0.094774 0.338579

 0.022077 -0.074996 -0.163073

 -0.067115 -0.017752 0.351289

 0.023391 0.060154 -0.158488

 -0.126505 0.032900 0.239260

 -0.004689 -0.086490 0.149722

 -0.102449 -0.069550 -0.043885

 -0.132721 -0.079608 0.097641

 -0.084686 0.110276 -0.043885

 -0.109320 0.057631 0.131956

 0.036279 0.122985 -0.046609

 0.032820 0.006434 0.151658

 0.036279 -0.069550 -0.043885

 -0.088887 -0.134193 0.319024

 -0.185354 -0.088211 0.242615

 -0.050050 -0.177999 0.204034

 -0.123400 -0.093700 0.219376

 -0.110795 -0.171883 0.303412

 -0.178772 -0.121671 0.232962

 -0.134350 -0.207297 0.196740

 -0.178927 -0.127624 0.226917

 -0.119691 -0.094984 -0.070446

 -0.131697 0.056716 -0.067004

 -0.283046 -0.169367 -0.861435

 -0.254470 -0.200162 -0.766596

 -0.368073 -0.046097 0.053968

 -0.386076 -0.075796 0.031592

 -0.338061 -0.039248 0.020729

 -0.356064 -0.068947 -0.001646

 -0.351846 -0.169367 -0.841715

 -0.332681 -0.200162 -0.744178

 -0.203246 0.080104 -0.429418

 -0.195271 -0.033761 -0.401596

 -0.115423 0.080104 -0.454590

 -0.107449 -0.033761 -0.426768

 -0.346119 -0.114647 -0.824231

 -0.281965 -0.114647 -0.842619

 -0.259666 -0.177003 -0.734147

 -0.323820 -0.177003 -0.715759

 -0.282439 -0.130207 -0.505027

 -0.290406 -0.006015 -0.532824

 -0.192927 -0.006015 -0.560764

 -0.184960 -0.130207 -0.532966

 -0.202456 -0.048177 -0.419114

 -0.217315 0.028424 -0.470955

 -0.129387 0.028424 -0.496157

 -0.114528 -0.048177 -0.444317

 -0.192662 -0.039814 -0.387755

 -0.182325 0.064023 -0.351688

 -0.091992 0.064023 -0.377580

 -0.102329 -0.039814 -0.413646

 -0.136896 -0.095752 -0.139392

 -0.163092 0.077472 -0.131884

 -0.001908 0.077472 -0.201706

 -0.016877 -0.095752 -0.196235

 0.018995 -0.069599 0.091067

 -0.105402 -0.034822 0.042173

 -0.040061 0.063576 0.031974

 0.045484 0.012892 0.114321

 -0.195327 -0.185030 0.085517

 -0.153844 -0.153767 0.064252

 -0.228952 -0.124931 0.108281

 -0.187469 -0.093668 0.087016

 -0.218323 -0.187074 0.037822

 -0.244233 -0.124513 0.080694

 -0.178774 -0.146484 0.002492

 -0.204684 -0.083922 0.045364

 -0.287252 -0.123371 0.008942

 -0.297803 -0.092583 0.054136

 -0.263569 -0.083487 -0.012699

 -0.274120 -0.052700 0.032495

 -0.441824 -0.049523 -0.028754

 -0.396674 0.024959 0.027361

 -0.423896 0.040543 0.028578

 -0.462996 -0.023958 -0.020018

 -0.440866 -0.082606 -0.005683

 -0.430424 -0.063841 -0.018922

 -0.388520 -0.019721 0.035681

 -0.385274 0.010641 0.037193

 -0.425608 -0.022512 -0.052018

 -0.473198 -0.005359 -0.036495

 -0.386508 0.041989 -0.003423

 -0.434098 0.059142 0.012101

 -0.435051 -0.102186 0.015626

 -0.382704 -0.039301 0.056990

 -0.331040 -0.008964 0.019577

 -0.370139 -0.073465 -0.029019

 -0.469015 -0.014339 0.030508

 -0.452470 0.014918 0.039396

 -0.476745 -0.025127 0.009226

 -0.479078 -0.030941 0.018001

 -0.490052 -0.018597 0.011265

 -0.482041 -0.035754 0.026772

 -0.471977 -0.019152 0.039280

 -0.465777 0.021448 0.041435

 -0.453553 -0.046183 0.014138

 -0.470797 -0.074630 -0.007294

 -0.452126 -0.058379 0.029178

 -0.469370 -0.086826 0.007746

 -0.085391 -0.011737 0.350772

 -0.097736 -0.050865 0.339579

 -0.134991 -0.011239 0.261162

 -0.113164 0.023189 0.258511

 -0.120911 -0.178056 0.416859

 -0.185184 -0.060934 0.416533

 -0.201654 -0.036264 0.466504

 -0.122253 -0.056552 0.565931

 -0.382870 -0.097096 -1.078608

 -0.319648 -0.091934 -0.730279

 -0.268923 -0.091934 -0.744818

 -0.262824 -0.135203 -0.726062

 -0.314885 -0.135203 -0.711140

 -0.311480 -0.130403 -0.697185

 -0.314541 -0.082687 -0.707865

 -0.260518 -0.082687 -0.723350

 -0.257456 -0.130403 -0.712670

 -0.329121 -0.104837 -0.761455

 -0.276804 -0.104837 -0.776450

 -0.263966 -0.140342 -0.731658

 -0.316282 -0.140342 -0.716663

 -0.169119 -0.072446 0.253848

 -0.101415 -0.075385 0.125275

 -0.140679 0.028134 0.176906

 -0.123265 0.052800 0.117626

 -0.055123 -0.010078 0.022376

 -0.080792 0.043287 0.058124

 -0.200380 0.000902 0.055695

 0.030057 -0.117705 -0.093286

 0.036279 -0.091833 -0.093286

 -0.159130 -0.029672 0.376293

 -0.150589 0.034634 0.442248

 -0.115762 0.035344 0.441619

 -0.120221 -0.032713 0.373691

 -0.188429 -0.015255 0.426623

 -0.120652 -0.039110 0.381164

 -0.187828 0.012538 0.447391

 -0.114849 0.071149 0.487233

 -0.183354 -0.052638 0.407800

 -0.092788 -0.142988 0.324585

 -0.198567 -0.020818 0.461156

 -0.117930 0.034893 0.566568

 -0.181940 -0.174036 0.406185

 -0.185348 -0.055696 0.547709

 -0.136735 -0.144844 0.331215

 -0.188677 -0.004891 0.516657

 -0.141616 0.070163 0.487787

 -0.160781 -0.035666 0.392182

 -0.223995 -0.043667 0.433029

 -0.224529 -0.051963 0.441937

 -0.214641 -0.014621 0.430971

 -0.147676 0.036435 0.358185

 -0.118706 0.044163 0.362380

 -0.137006 -0.039404 0.357087

 -0.100966 -0.030420 0.365932

 -0.117450 0.030266 0.525848

 -0.128119 0.020611 0.524757

 -0.118848 0.003628 0.533768

 -0.126181 -0.167151 0.489433

 -0.174202 -0.164738 0.488494

 -0.173182 -0.126742 0.533966

 -0.125162 -0.129155 0.534905

 0.049758 0.287775 0.460712

 -0.153298 -0.344575 0.282451

 0.064006 0.039370 0.267164

 0.022998 -0.088337 0.231163

 -0.100102 -0.169420 0.125138

 -0.151791 -0.076004 0.151626

 -0.169152 -0.213735 0.140131

 -0.220229 -0.122599 0.174633

 -0.023765 -0.114241 0.281047

 -0.151663 -0.217168 0.289918

 0.030506 -0.077978 0.354509

 -0.168493 -0.067203 0.273043

 -0.495224 -0.096915 -0.113128

 -0.776524 -0.456117 -0.326994

 -0.426157 -0.168571 -0.081828

 -0.751177 -0.482379 -0.315005

 -0.564292 -0.099258 -0.034969

 -0.802309 -0.456874 -0.298526

 -0.495225 -0.170914 -0.003669

 -0.776962 -0.483136 -0.286536

 -0.857650 -0.570280 -0.371962

 -0.395392 -0.126492 -0.053381

 -0.464460 -0.054835 -0.084681

 -0.464460 -0.128835 0.024779

 -0.533527 -0.057178 -0.006521

 -0.443148 -0.102529 -0.037180

 -0.464460 -0.103252 -0.013064

 -0.485771 -0.081142 -0.022721

 -0.464460 -0.080419 -0.046838

 -0.302466 0.126245 0.125004

 -0.295951 0.126466 0.117632

 -0.302466 0.133225 0.114680

 -0.308980 0.133004 0.122052

 -0.692755 -0.013860 0.022764

 -0.275296 -0.223333 -0.118850

 -0.291693 0.128792 0.152994

 -0.262427 0.129785 0.119876

 -0.291693 0.160148 0.106613

 -0.320959 0.159155 0.139731

 -0.265265 0.180617 0.154241

 0.039107 0.172747 0.355553

 0.024732 0.104657 0.303087

 -0.032321 0.179586 0.347539

 -0.048691 0.112567 0.298473

 -0.106352 0.253704 0.243089

 -0.074256 0.249757 0.197212

 -0.141565 0.193349 0.223647

 -0.109469 0.189402 0.177770

 -0.317882 0.049796 0.035048

 -0.311831 0.084423 0.053222

 -0.335558 0.048706 0.043009

 -0.329507 0.083333 0.061183

 -0.356258 0.152143 0.065437

 -0.337250 0.121054 0.046369

 -0.340781 0.100846 0.035763

 -0.364776 0.103399 0.039854

 -0.018827 0.211397 0.272222

 -0.074021 0.130990 0.221347

 -0.089350 0.240808 0.305658

 -0.145177 0.156561 0.262176

 -0.347948 0.098341 0.042921

 -0.355995 0.096601 0.049882

 -0.347477 0.145346 0.075465

 -0.344417 0.118549 0.053527

 -0.302455 0.030299 0.138772

 -0.288735 0.108813 0.179980

 -0.271187 0.114056 0.111760

 -0.287387 0.042217 0.057148

 -0.382258 0.158686 0.116094

 -0.359881 0.133394 0.156832

 -0.395978 0.080172 0.074886

 -0.373602 0.054881 0.115625

 -0.314317 0.137627 0.133597

 -0.299371 0.114381 0.120524

 -0.330161 0.046964 0.086014

 -0.315571 0.042543 0.065913

 -0.369461 0.077110 0.071891

 -0.355741 0.155624 0.113099

 -0.334539 0.142071 0.131863

 -0.350382 0.051408 0.084279

 -0.215578 0.162372 0.125712

 -0.260569 0.160201 0.158464

 -0.193975 0.124763 0.152893

 -0.238967 0.122592 0.185646

 -0.182924 0.216159 0.128408

 -0.226350 0.223492 0.195368

 -0.147496 0.167154 0.156751

 -0.190923 0.174488 0.223711

 -0.132732 0.255452 0.162341

 -0.129067 0.200007 0.170273

 -0.175318 0.260998 0.220792

 -0.171652 0.205554 0.228723

 -0.246087 0.072033 0.140801

 -0.265635 0.102512 0.160693

 -0.252230 0.093736 0.101512

 -0.271778 0.124215 0.121404

 -0.810350 0.000000 -0.330142

 -0.864236 0.000000 -0.267306

 -0.906741 0.000000 -0.187531

 -0.936249 0.000000 -0.093940

 -0.951613 0.000000 0.009916

 -0.952213 0.000000 0.120130

 -0.938008 0.000000 0.232522

 -0.909559 0.000000 0.342732

 -0.868009 0.000000 0.446366

 -0.815072 0.000000 0.539090

 -0.752986 0.000000 0.616723

 -0.684446 0.000000 0.675342

 -0.612533 0.000000 0.711339

 -0.783426 0.000000 -0.279908

 -0.832985 0.000000 -0.215580

 -0.871647 0.000000 -0.134879

 -0.898050 0.000000 -0.041282

 -0.911247 0.000000 0.061411

 -0.910761 0.000000 0.169159

 -0.896626 0.000000 0.277776

 -0.869402 0.000000 0.383038

 -0.830174 0.000000 0.480783

 -0.780528 0.000000 0.567012

 -0.722514 0.000000 0.637986

 -0.658580 0.000000 0.690308

 -0.591503 0.000000 0.720999

 -0.810350 0.000000 -0.330142

 -0.864236 0.000000 -0.267306

 -0.906741 0.000000 -0.187531

 -0.936249 0.000000 -0.093940

 -0.951613 0.000000 0.009916

 -0.952213 0.000000 0.120130

 -0.938008 0.000000 0.232522

 -0.909559 0.000000 0.342732

 -0.868009 0.000000 0.446366

 -0.815072 0.000000 0.539090

 -0.752986 0.000000 0.616723

 -0.684446 0.000000 0.675342

 -0.612533 0.000000 0.711339

 -0.783426 0.000000 -0.279908

 -0.832985 0.000000 -0.215580

 -0.871647 0.000000 -0.134879

 -0.898050 0.000000 -0.041282

 -0.911247 0.000000 0.061411

 -0.910761 0.000000 0.169159

 -0.896626 0.000000 0.277776

 -0.869402 0.000000 0.383038

 -0.830174 0.000000 0.480783

 -0.780528 0.000000 0.567012

 -0.722514 0.000000 0.637986

 -0.658580 0.000000 0.690308

 -0.591503 0.000000 0.720999

tris:

 4 294 255

 93 95 0

 93 0 2

 3 44 191

 3 191 94

 63 67 64

 0 95 102

 0 102 7

 6 67 1

 2 12 5

 2 5 68

 42 65 62

 42 62 4

 220 68 5

 220 5 104

 150 42 4

 150 4 103

 9 11 295

 9 295 296

 62 296 294

 62 294 4

 3 8 9

 3 9 61

 61 9 62

 9 296 62

 106 254 105

 112 254 110

 294 293 10

 294 10 8

 7 13 0

 25 17 16

 25 16 22

 14 16 17

 14 17 15

 23 14 15

 23 15 24

 24 15 17

 24 17 25

 5 12 13

 5 13 7

 37 21 19

 37 19 34

 36 20 21

 36 21 37

 35 18 20

 35 20 36

 34 19 18

 34 18 35

 59 24 25

 59 25 60

 58 23 24

 58 24 59

 57 22 23

 57 23 58

 60 25 22

 60 22 57

 30 26 27

 30 27 31

 31 27 28

 31 28 32

 32 28 29

 32 29 33

 33 29 26

 33 26 30

 21 33 30

 21 30 19

 20 32 33

 20 33 21

 18 31 32

 18 32 20

 19 30 31

 19 31 18

 38 34 35

 38 35 39

 39 35 36

 39 36 40

 40 36 37

 40 37 41

 41 37 34

 41 34 38

 2 41 38

 2 38 12

 0 40 41

 0 41 2

 13 39 40

 13 40 0

 12 38 39

 12 39 13

 104 5 42

 104 42 150

 5 7 65

 5 65 42

 7 102 65

 102 149 65

 72 83 71

 96 194 45

 96 45 61

 61 45 44

 61 44 3

 75 87 249

 75 249 195

 198 78 248

 53 52 49

 53 49 54

 54 49 50

 54 50 55

 55 50 51

 55 51 56

 56 51 52

 56 52 53

 29 56 53

 29 53 26

 28 55 56

 28 56 29

 27 54 55

 27 55 28

 26 53 54

 26 54 27

 52 60 57

 52 57 49

 49 57 58

 49 58 50

 50 58 59

 50 59 51

 51 59 60

 51 60 52

 14 48 16

 22 48 23

 16 48 22

 23 48 14

 63 96 61

 63 61 1

 1 61 62

 1 62 6

 64 101 96

 64 96 63

 6 62 65

 6 65 43

 66 149 101

 66 101 64

 43 65 149

 43 149 66

 64 67 66

 1 67 63

 66 67 43

 43 67 6

 93 2 68

 93 68 220

 85 69 224

 85 224 245

 243 223 70

 243 70 84

 84 70 69

 84 69 85

 69 80 226

 69 226 224

 223 228 79

 223 79 70

 70 72 71

 80 77 230

 80 230 226

 78 198 76

 47 76 75

 47 75 46

 72 79 78

 72 78 74

 70 71 80

 70 80 69

 73 77 80

 73 80 71

 74 78 76

 74 76 47

 74 47 82

 74 82 81

 72 74 81

 72 81 83

 73 81 82

 73 82 46

 71 83 81

 71 81 73

 46 82 47

 45 84 44

 84 85 44

 194 243 45

 243 84 45

 44 85 191

 85 245 191

 246 232 86

 79 246 86

 232 248 86

 248 78 86

 246 79 228

 79 86 78

 87 88 252

 87 252 249

 76 88 87

 76 87 75

 198 252 88

 198 88 76

 70 79 72

 97 256 107

 93 91 89

 93 89 95

 92 94 191

 92 191 192

 214 215 218

 89 100 102

 89 102 95

 99 90 218

 91 219 98

 91 98 113

 147 97 213

 147 213 216

 220 104 98

 220 98 219

 150 103 97

 150 97 147

 106 108 110

 108 112 110

 213 97 107

 213 107 108

 92 212 106

 92 106 105

 212 213 106

 213 108 106

 293 253 10

 110 254 106

 160 117 118

 160 118 159

 107 105 109

 107 109 111

 100 89 114

 130 127 121

 130 121 122

 169 170 168

 169 168 167

 115 116 122

 115 122 121

 162 119 117

 162 117 160

 128 129 116

 128 116 115

 161 120 119

 161 119 162

 159 118 120

 159 120 161

 129 130 122

 129 122 116

 98 100 114

 98 114 113

 142 139 124

 142 124 126

 141 142 126

 141 126 125

 140 141 125

 140 125 123

 139 140 123

 139 123 124

 210 211 130

 210 130 129

 209 210 129

 209 129 128

 208 209 128

 208 128 127

 211 208 127

 211 127 130

 135 136 132

 135 132 131

 136 137 133

 136 133 132

 137 138 134

 137 134 133

 138 135 131

 138 131 134

 126 124 135

 126 135 138

 125 126 138

 125 138 137

 123 125 137

 123 137 136

 124 123 136

 124 136 135

 143 144 140

 143 140 139

 144 145 141

 144 141 140

 145 146 142

 145 142 141

 146 143 139

 146 139 142

 91 113 143

 91 143 146

 89 91 146

 89 146 145

 114 89 145

 114 145 144

 113 114 144

 113 144 143

 104 150 147

 104 147 98

 98 147 216

 98 216 100

 100 216 149

 100 149 102

 260 258 154

 260 154 153

 258 257 152

 258 152 154

 259 260 153

 259 153 151

 257 259 151

 257 151 152

 153 154 158

 153 158 156

 154 152 157

 154 157 158

 151 153 156

 151 156 155

 152 151 155

 152 155 157

 156 158 162

 156 162 160

 158 157 161

 158 161 162

 155 156 160

 155 160 159

 157 155 159

 157 159 161

 165 164 173

 165 173 174

 183 186 174

 183 174 172

 187 179 185

 187 185 189

 173 171 172

 173 172 174

 119 120 178

 119 178 177

 117 119 177

 117 177 176

 118 117 176

 118 176 175

 120 118 175

 120 175 178

 188 167 175

 188 175 190

 187 169 167

 187 167 188

 190 189 185

 190 185 184

 166 181 183

 166 183 172

 164 170 177

 164 177 173

 163 166 172

 163 172 171

 170 169 177

 169 176 177

 167 168 178

 167 178 175

 164 165 166

 164 166 163

 180 165 174

 180 174 186

 168 163 171

 168 171 178

 170 164 163

 170 163 168

 186 183 181

 186 181 180

 184 185 179

 184 179 182

 165 180 181

 165 181 166

 177 178 171

 177 171 173

 175 176 189

 175 189 190

 179 187 188

 179 188 182

 182 188 190

 182 190 184

 169 187 189

 169 189 176

 227 225 241

 96 212 193

 96 193 194

 212 92 192

 212 192 193

 233 195 249

 233 249 250

 198 248 236

 204 205 200

 204 200 203

 205 206 201

 205 201 200

 206 207 202

 206 202 201

 207 204 203

 207 203 202

 134 131 204

 134 204 207

 133 134 207

 133 207 206

 132 133 206

 132 206 205

 131 132 205

 131 205 204

 203 200 208

 203 208 211

 200 201 209

 200 209 208

 201 202 210

 201 210 209

 202 203 211

 202 211 210

 115 121 199

 127 128 199

 121 127 199

 128 115 199

 214 90 212

 214 212 96

 90 99 213

 90 213 212

 215 214 96

 215 96 101

 99 148 216

 99 216 213

 217 215 101

 217 101 149

 148 217 149

 148 149 216

 215 217 218

 90 214 218

 217 148 218

 148 99 218

 93 220 219

 93 219 91

 244 245 224

 244 224 221

 243 242 222

 243 222 223

 242 244 221

 242 221 222

 221 224 226

 221 226 238

 223 222 237

 223 237 228

 222 225 227

 238 226 230

 238 230 235

 236 234 198

 197 196 233

 197 233 234

 227 231 236

 227 236 237

 222 221 238

 222 238 225

 229 225 238

 229 238 235

 231 197 234

 231 234 236

 231 239 240

 231 240 197

 227 241 239

 227 239 231

 229 196 240

 229 240 239

 225 229 239

 225 239 241

 196 197 240

 193 192 244

 193 244 242

 194 193 242

 194 242 243

 192 191 245

 192 245 244

 246 247 232

 237 247 246

 232 247 248

 248 247 236

 246 228 237

 237 236 247

 250 249 252

 250 252 251

 234 233 250

 234 250 251

 198 234 251

 198 251 252

 222 227 237

 9 253 11

 105 254 109

 11 253 295

 111 254 112

 8 253 9

 10 253 8

 295 253 293

 109 254 111

 94 103 255

 3 94 255

 103 4 255

 97 103 256

 94 92 256

 103 94 256

 255 294 8

 255 8 3

 107 256 92

 107 92 105

 107 111 259

 107 259 257

 111 112 260

 111 260 259

 108 107 257

 108 257 258

 112 108 258

 112 258 260

 77 261 230

 230 261 195

 195 261 75

 75 261 77

 235 262 233

 233 262 195

 195 262 230

 230 262 235

 73 46 263

 77 73 263

 75 77 263

 46 75 263

 233 196 264

 235 233 264

 229 235 264

 196 229 264

 265 267 268

 265 268 266

 267 271 272

 267 272 268

 271 269 270

 271 270 272

 269 265 266

 269 266 270

 268 273 266

 266 273 270

 272 273 268

 270 273 272

 279 282 285

 279 285 280

 274 278 279

 274 279 276

 276 279 280

 276 280 277

 277 280 281

 277 281 275

 275 281 278

 275 278 274

 285 291 290

 285 290 284

 278 283 282

 278 282 279

 280 285 284

 280 284 281

 281 284 283

 281 283 278

 269 271 286

 276 277 286

 271 276 286

 265 269 286

 275 265 286

 277 275 286

 271 267 287

 276 271 287

 274 276 287

 267 265 287

 275 274 287

 265 275 287

 291 292 290

 284 290 289

 284 289 283

 282 288 291

 282 291 285

 283 289 288

 283 288 282

 290 292 289

 288 292 291

 289 292 288

 312 299 300

 312 300 310

 310 300 298

 310 298 309

 311 297 299

 311 299 312

 309 298 297

 309 297 311

 342 300 299

 342 299 344

 341 298 300

 341 300 342

 343 297 298

 343 298 341

 344 299 297

 344 297 343

 293 309 311

 293 311 295

 295 311 312

 295 312 296

 294 310 309

 294 309 293

 296 312 310

 296 310 294

 326 319 302

 326 302 304

 313 307 301

 313 301 303

 316 313 303

 316 303 304

 320 301 302

 320 302 319

 318 322 324

 318 324 317

 330 329 314

 330 314 315

 307 313 316

 307 316 306

 305 315 314

 305 314 308

 325 327 332

 325 332 331

 327 317 324

 327 324 332

 315 305 321

 315 321 330

 331 332 329

 331 329 330

 328 320 317

 328 317 327

 325 318 326

 318 319 326

 332 324 323

 332 323 329

 331 322 318

 331 318 325

 329 323 308

 329 308 314

 301 307 306

 301 306 302

 304 303 328

 304 328 326

 303 301 320

 303 320 328

 345 317 320

 345 320 347

 347 320 319

 347 319 348

 348 319 346

 319 318 346

 346 318 317

 346 317 345

 322 321 323

 322 323 324

 304 302 306

 304 306 316

 308 323 321

 308 321 305

 330 321 322

 330 322 331

 338 334 336

 338 336 340

 340 336 335

 340 335 339

 337 333 334

 337 334 338

 339 335 333

 339 333 337

 343 338 340

 343 340 344

 344 340 339

 344 339 342

 341 337 338

 341 338 343

 342 339 337

 342 337 341

 335 345 347

 335 347 333

 333 347 348

 333 348 334

 336 346 345

 336 345 335

 326 328 327

 326 327 325

 334 348 346

 334 346 336

 362 349 350

 362 350 363

 363 350 351

 363 351 364

 364 351 352

 364 352 365

 365 352 353

 365 353 366

 366 353 354

 366 354 367

 367 354 355

 367 355 368

 368 355 356

 368 356 369

 369 356 357

 369 357 370

 370 357 358

 370 358 371

 371 358 359

 371 359 372

 372 359 360

 372 360 373

 373 360 361

 373 361 374

 388 389 376

 388 376 375

 389 390 377

 389 377 376

 390 391 378

 390 378 377

 391 392 379

 391 379 378

 392 393 380

 392 380 379

 393 394 381

 393 381 380

 394 395 382

 394 382 381

 395 396 383

 395 383 382

 396 397 384

 396 384 383

 397 398 385

 397 385 384

 398 399 386

 398 386 385

 399 400 387

 399 387 386

vector2s:

 0.067495 0.566093

 0.067495 0.566092

 0.375000 0.000000

 0.375000 0.250000

 0.625000 0.250000

 0.625000 0.000000

 0.375000 0.500000

 0.625000 0.500000

 0.375000 0.750000

 0.625000 0.750000

 0.375000 1.000000

 0.625000 1.000000

 0.288569 0.586431

 0.288569 0.663569

 0.125000 0.500000

 0.211431 0.586431

 0.211431 0.663569

 0.125000 0.750000

 0.250000 0.031438

 0.250000 0.010000

 0.203178 0.014612

 0.207361 0.035637

 0.158156 0.028269

 0.166360 0.048075

 0.116663 0.050447

 0.128573 0.068272

 0.080294 0.080294

 0.095453 0.095453

 0.050447 0.116663

 0.068272 0.128573

 0.028269 0.158156

 0.048075 0.166360

 0.014612 0.203178

 0.035637 0.207361

 0.010000 0.250000

 0.031438 0.250000

 0.014612 0.296822

 0.035637 0.292639

 0.028269 0.341844

 0.048075 0.333640

 0.050447 0.383337

 0.068272 0.371427

 0.080294 0.419706

 0.095453 0.404547

uv:

 0 0 0

 0 0 0

 0 0 0

 0 0 0

 0 0 0

 0 0 0

 0 0 0

 0 0 0

 0 0 1

 0 0 0

 0 0 0

 0 0 0

 0 0 0

 1 0 0

 1 0 0

 0 0 0

 0 0 0

 0 0 0

 0 0 0

 0 0 0

 0 0 0

 0 0 0

 0 0 0

 0 0 0

 0 0 0

 0 0 0

 0 0 0

 0 0 0

 0 0 0

 0 0 0

 1 0 0

 1 0 1

 0 0 0

 0 0 0

 1 0 0

 1 0 1

 1 0 0

 1 0 1

 0 0 0

 0 0 0

 1 1 1

 1 1 1

 1 1 1

 1 1 1

 1 1 1

 1 1 1

 1 1 1

 1 1 1

 1 1 1

 1 1 1

 0 1 1

 0 1 1

 1 1 1

 1 1 0

 1 1 1

 1 1 1

 1 1 1

 1 1 1

 1 1 1

 1 1 1

 1 1 1

 1 1 1

 1 1 1

 1 1 1

 1 1 1

 1 1 1

 1 1 1

 1 1 1

 1 1 1

 1 1 1

 1 1 1

 1 1 1

 1 1 1

 1 1 1

 1 1 1

 1 1 0

 0 1 1

 0 1 0

 0 1 1

 0 1 1

 0 0 1

 0 1 0

 0 0 0

 0 0 0

 0 1 0

 0 0 0

 0 1 1

 0 1 0

 0 0 0

 0 0 0

 0 0 0

 0 0 0

 0 0 0

 0 0 0

 0 0 0

 0 0 0

 0 0 0

 0 0 0

 0 0 0

 0 0 0

 0 0 0

 0 0 0

 1 1 1

 1 1 1

 1 1 0

 1 0 1

 1 0 1

 1 1 1

 1 1 1

 1 1 1

 1 1 1

 1 1 1

 1 1 1

 1 1 1

 1 1 1

 1 1 1

 1 1 1

 1 1 1

 1 1 1

 1 1 1

 1 1 0

 1 0 0

 0 0 1

 0 1 1

 1 1 1

 1 1 1

 0 0 0

 1 1 1

 0 0 1

 1 0 0

 0 0 0

 0 0 1

 1 0 0

 1 0 0

 0 0 0

 0 0 0

 0 0 0

 0 0 0

 1 0 0

 1 0 0

 0 0 0

 0 0 1

 0 0 1

 1 0 0

 1 0 0

 0 0 0

 0 0 0

 0 0 1

 0 0 0

 0 0 0

 0 0 0

 0 0 0

 0 0 0

 0 0 0

 0 0 0

 0 0 0

 0 0 0

 0 0 0

 0 0 0

 0 0 1

 0 1 0

 0 0 0

 0 0 0

 0 0 0

 0 0 0

 0 0 0

 0 0 0

 0 0 0

 0 0 0

 0 0 0

 0 0 0

 0 0 0

 0 0 0

 0 0 0

 0 0 0

 0 0 0

 0 0 0

 0 0 0

 0 0 0

 0 0 0

 0 0 0

 0 0 0

 0 0 0

 0 0 0

 0 0 0

 0 0 0

 0 0 0

 0 0 0

 0 0 0

 0 0 0

 0 0 0

 0 0 0

 0 0 0

 0 0 0

 0 0 0

 0 0 0

 0 0 0

 0 0 0

 0 0 0

 0 0 0

 0 0 0

 0 0 0

 0 0 0

 0 0 0

 0 0 0

 0 0 0

 0 0 0

 0 0 0

 0 1 0

 0 0 0

 0 0 0

 0 0 0

 0 0 0

 1 0 0

 1 0 0

 0 0 0

 0 0 0

 0 0 0

 0 0 0

 0 0 0

 0 0 0

 0 0 0

 0 0 0

 0 0 0

 0 0 0

 0 0 0

 0 0 0

 1 0 0

 1 0 1

 0 0 0

 0 0 0

 0 0 0

 1 1 0

 1 0 0

 0 1 0

 0 0 1

 0 0 0

 0 0 0

 0 0 0

 0 0 1

 1 1 0

 1 0 0

 0 0 0

 0 0 0

 1 0 0

 1 0 0

 1 1 0

 1 0 0

 0 0 0

 0 0 0

 1 1 1

 1 1 1

 1 1 1

 1 1 1

 1 1 1

 1 1 1

 1 1 1

 1 1 1

 1 1 1

 1 1 1

 0 1 1

 0 1 1

 1 0 1

 1 1 1

 1 1 1

 1 1 1

 1 1 1

 1 1 1

 1 1 1

 1 1 1

 1 1 1

 1 1 1

 1 1 1

 1 1 1

 1 1 1

 1 1 1

 1 1 1

 1 1 1

 1 1 1

 1 1 1

 1 1 1

 1 1 1

 1 1 1

 1 1 1

 1 0 1

 1 1 1

 0 0 1

 0 1 1

 0 1 1

 0 1 1

 0 0 1

 0 1 0

 0 0 0

 0 0 0

 0 0 0

 0 0 1

 0 0 1

 0 1 1

 0 0 0

 0 0 0

 0 0 0

 0 0 0

 0 0 0

 0 0 0

 0 1 0

 0 0 0

 1 0 0

 1 0 0

 0 0 0

 0 0 0

 0 0 0

 0 0 0

 0 0 1

 0 1 0

 0 0 0

 0 0 1

 0 0 0

 0 0 1

 0 0 1

 0 1 0

 0 1 0

 0 0 1

 1 0 0

 1 0 0

 1 0 1

 1 1 1

 0 1 1

 0 1 0

 1 1 0

 1 0 0

 0 0 0

 0 0 0

 0 0 0

 0 0 0

 0 1 0

 0 0 0

 0 0 1

 0 1 1

 0 0 1

 0 1 0

 0 0 0

 0 0 0

 0 0 0

 0 0 1

 1 1 0

 1 0 0

 0 0 1

 0 1 1

 0 0 0

 0 0 0

 0 0 0

 0 0 0

 1 1 1

 1 1 0

 0 0 0

 0 0 1

 1 0 1

 0 0 1

 1 0 1

 1 1 0

 1 1 0

 1 0 0

 0 1 0

 0 0 0

 0 0 1

 0 1 1

 1 1 0

 1 0 0

 0 0 0

 0 0 0

 0 0 0

 0 0 0

 1 0 0

 1 0 0

 1 1 1

 1 1 0

 0 0 0

 0 0 0

 0 0 1

 0 1 0

 0 1 0

 0 0 0

 0 0 0

 0 0 0

 0 0 0

 0 0 0

 0 0 0

 0 0 0

 0 0 0

 0 0 0

 0 0 0

 0 0 0

 1 1 1

 1 1 1

 1 1 0

 1 0 1

 1 1 1

 1 1 0

 1 1 1

 1 1 1

 1 1 1

 1 1 1

 1 1 1

 1 1 1

 1 1 1

 1 1 1

 1 1 1

 1 1 1

 1 1 1

 1 1 1

 1 0 0

 1 0 1

 0 1 1

 0 1 0

 1 1 1

 1 1 1

 0 0 0

 1 1 0

 0 1 1

 1 0 0

 0 1 0

 0 0 0

 1 0 0

 1 0 0

 0 0 0

 0 0 0

 0 0 0

 0 0 0

 1 0 0

 1 0 0

 0 1 0

 0 0 0

 0 1 0

 1 0 0

 1 0 0

 0 0 0

 0 1 0

 0 0 0

 0 0 0

 0 0 0

 0 0 0

 0 0 0

 0 0 0

 0 0 0

 0 0 0

 0 0 0

 0 0 0

 0 0 0

 0 0 0

 0 0 1

 0 1 0

 0 0 0

 0 0 0

 0 0 0

 0 0 0

 0 0 0

 0 0 0

 0 0 0

 0 0 0

 0 0 0

 0 0 0

 0 0 0

 0 0 0

 0 0 0

 0 0 0

 0 0 0

 0 0 0

 0 0 0

 0 0 0

 0 0 0

 0 0 0

 0 0 0

 0 0 0

 0 0 0

 0 0 0

 0 0 0

 0 0 0

 0 0 0

 0 0 0

 0 0 0

 0 0 0

 0 0 0

 0 0 0

 0 0 0

 0 0 0

 0 0 0

 0 0 0

 0 0 0

 0 0 0

 0 0 0

 0 0 0

 0 0 0

 0 0 0

 0 0 0

 0 0 0

 0 0 0

 0 0 0

 0 0 0

 0 0 0

 0 0 0

 0 0 0

 0 0 0

 0 0 0

 0 0 0

 0 0 0

 0 0 0

 0 0 0

 0 0 0

 0 0 0

 0 0 0

 0 0 0

 0 0 0

 0 0 0

 0 0 1

 0 0 1

 0 1 0

 0 0 1

 1 0 0

 0 0 0

 0 0 0

 0 0 0

 0 0 0

 0 0 1

 1 0 0

 0 0 0

 0 0 0

 0 0 0

 0 0 0

 0 0 0

 0 0 0

 0 0 0

 0 0 0

 2 3 4

 2 4 5

 3 6 7

 3 7 4

 6 8 9

 6 9 7

 8 10 11

 8 11 9

 4 4 5

 11 11 9

 7 7 4

 9 9 7

 12 12 13

 12 13 13

 14 15 12

 14 12 6

 6 12 13

 6 13 8

 8 13 16

 8 16 17

 17 16 15

 17 15 14

 13 13 16

 13 16 16

 15 15 12

 15 12 12

 13 13 16

 13 16 16

 16 16 15

 16 15 15

 8 6 6

 6 8 8

 6 6 6

 10 8 8

 10 10 10

 8 10 10

 6 3 3

 6 6 6

 3 6 6

 3 2 2

 2 3 3

 2 2 2

 13 13 16

 16 16 15

 16 15 15

 12 12 13

 12 13 13

 15 15 12

 15 12 12

 16 16 15

 12 12 13

 15 15 12

 0 0 0

 0 0 1

 1 0 0

 1 0 1

 0 0 0

 0 0 0

 1 0 0

 1 0 0

 0 0 0

 0 0 0

 0 0 0

 0 0 0

 0 0 0

 0 0 0

 0 0 0

 0 0 0

 0 1 0

 0 0 0

 0 0 0

 0 0 0

 0 1 1

 0 1 0

 0 0 1

 0 1 0

 0 0 0

 0 0 0

 0 0 0

 0 0 1

 0 0 1

 0 1 0

 0 0 0

 0 0 0

 1 0 1

 1 1 1

 1 0 0

 1 0 0

 0 0 0

 0 0 0

 0 0 0

 0 0 0

 1 0 0

 1 0 1

 0 1 1

 0 1 0

 0 0 0

 0 0 1

 1 0 0

 1 0 1

 1 0 1

 1 1 0

 1 1 0

 1 0 0

 0 1 0

 0 0 0

 1 0 1

 1 1 1

 0 0 0

 0 0 0

 0 0 0

 0 0 0

 0 1 1

 0 1 0

 1 0 0

 1 0 1

 0 1 0

 0 0 0

 0 0 0

 0 0 0

 0 0 0

 0 1 0

 0 1 1

 0 1 0

 0 0 0

 0 0 1

 0 0 0

 0 0 0

 0 0 0

 0 0 0

 1 0 0

 1 0 1

 0 0 1

 0 1 1

 1 1 1

 1 1 0

 1 0 0

 1 0 0

 0 1 0

 0 0 1

 0 0 1

 0 1 0

 0 1 0

 0 0 0

 0 1 0

 0 0 0

 0 0 1

 0 1 0

 1 0 0

 1 0 0

 0 0 0

 0 0 0

 1 0 0

 1 0 1

 0 1 0

 0 0 1

 0 0 0

 0 0 1

 18 19 20

 18 20 21

 21 20 22

 21 22 23

 23 22 24

 23 24 25

 25 24 26

 25 26 27

 27 26 28

 27 28 29

 29 28 30

 29 30 31

 31 30 32

 31 32 33

 33 32 34

 33 34 35

 35 34 36

 35 36 37

 37 36 38

 37 38 39

 39 38 40

 39 40 41

 41 40 42

 41 42 43

 18 21 20

 18 20 19

 21 23 22

 21 22 20

 23 25 24

 23 24 22

 25 27 26

 25 26 24

 27 29 28

 27 28 26

 29 31 30

 29 30 28

 31 33 32

 31 32 30

 33 35 34

 33 34 32

 35 37 36

 35 36 34

 37 39 38

 37 38 36

 39 41 40

 39 40 38

 41 43 42

 41 42 40

palette:

 255 255 255 255

color:

 0 0 0

 0 0 0

 0 0 0

 0 0 0

 0 0 0

 0 0 0

 0 0 0

 0 0 0

 0 0 0

 0 0 0

 0 0 0

 0 0 0

 0 0 0

 0 0 0

 0 0 0

 0 0 0

 0 0 0

 0 0 0

 0 0 0

 0 0 0

 0 0 0

 0 0 0

 0 0 0

 0 0 0

 0 0 0

 0 0 0

 0 0 0

 0 0 0

 0 0 0

 0 0 0

 0 0 0

 0 0 0

 0 0 0

 0 0 0

 0 0 0

 0 0 0

 0 0 0

 0 0 0

 0 0 0

 0 0 0

 0 0 0

 0 0 0

 0 0 0

 0 0 0

 0 0 0

 0 0 0

 0 0 0

 0 0 0

 0 0 0

 0 0 0

 0 0 0

 0 0 0

 0 0 0

 0 0 0

 0 0 0

 0 0 0

 0 0 0

 0 0 0

 0 0 0

 0 0 0

 0 0 0

 0 0 0

 0 0 0

 0 0 0

 0 0 0

 0 0 0

 0 0 0

 0 0 0

 0 0 0

 0 0 0

 0 0 0

 0 0 0

 0 0 0

 0 0 0

 0 0 0

 0 0 0

 0 0 0

 0 0 0

 0 0 0

 0 0 0

 0 0 0

 0 0 0

 0 0 0

 0 0 0

 0 0 0

 0 0 0

 0 0 0

 0 0 0

 0 0 0

 0 0 0

 0 0 0

 0 0 0

 0 0 0

 0 0 0

 0 0 0

 0 0 0

 0 0 0

 0 0 0

 0 0 0

 0 0 0

 0 0 0

 0 0 0

 0 0 0

 0 0 0

 0 0 0

 0 0 0

 0 0 0

 0 0 0

 0 0 0

 0 0 0

 0 0 0

 0 0 0

 0 0 0

 0 0 0

 0 0 0

 0 0 0

 0 0 0

 0 0 0

 0 0 0

 0 0 0

 0 0 0

 0 0 0

 0 0 0

 0 0 0

 0 0 0

 0 0 0

 0 0 0

 0 0 0

 0 0 0

 0 0 0

 0 0 0

 0 0 0

 0 0 0

 0 0 0

 0 0 0

 0 0 0

 0 0 0

 0 0 0

 0 0 0

 0 0 0

 0 0 0

 0 0 0

 0 0 0

 0 0 0

 0 0 0

 0 0 0

 0 0 0

 0 0 0

 0 0 0

 0 0 0

 0 0 0

 0 0 0

 0 0 0

 0 0 0

 0 0 0

 0 0 0

 0 0 0

 0 0 0

 0 0 0

 0 0 0

 0 0 0

 0 0 0

 0 0 0

 0 0 0

 0 0 0

 0 0 0

 0 0 0

 0 0 0

 0 0 0

 0 0 0

 0 0 0

 0 0 0

 0 0 0

 0 0 0

 0 0 0

 0 0 0

 0 0 0

 0 0 0

 0 0 0

 0 0 0

 0 0 0

 0 0 0

 0 0 0

 0 0 0

 0 0 0

 0 0 0

 0 0 0

 0 0 0

 0 0 0

 0 0 0

 0 0 0

 0 0 0

 0 0 0

 0 0 0

 0 0 0

 0 0 0

 0 0 0

 0 0 0

 0 0 0

 0 0 0

 0 0 0

 0 0 0

 0 0 0

 0 0 0

 0 0 0

 0 0 0

 0 0 0

 0 0 0

 0 0 0

 0 0 0

 0 0 0

 0 0 0

 0 0 0

 0 0 0

 0 0 0

 0 0 0

 0 0 0

 0 0 0

 0 0 0

 0 0 0

 0 0 0

 0 0 0

 0 0 0

 0 0 0

 0 0 0

 0 0 0

 0 0 0

 0 0 0

 0 0 0

 0 0 0

 0 0 0

 0 0 0

 0 0 0

 0 0 0

 0 0 0

 0 0 0

 0 0 0

 0 0 0

 0 0 0

 0 0 0

 0 0 0

 0 0 0

 0 0 0

 0 0 0

 0 0 0

 0 0 0

 0 0 0

 0 0 0

 0 0 0

 0 0 0

 0 0 0

 0 0 0

 0 0 0

 0 0 0

 0 0 0

 0 0 0

 0 0 0

 0 0 0

 0 0 0

 0 0 0

 0 0 0

 0 0 0

 0 0 0

 0 0 0

 0 0 0

 0 0 0

 0 0 0

 0 0 0

 0 0 0

 0 0 0

 0 0 0

 0 0 0

 0 0 0

 0 0 0

 0 0 0

 0 0 0

 0 0 0

 0 0 0

 0 0 0

 0 0 0

 0 0 0

 0 0 0

 0 0 0

 0 0 0

 0 0 0

 0 0 0

 0 0 0

 0 0 0

 0 0 0

 0 0 0

 0 0 0

 0 0 0

 0 0 0

 0 0 0

 0 0 0

 0 0 0

 0 0 0

 0 0 0

 0 0 0

 0 0 0

 0 0 0

 0 0 0

 0 0 0

 0 0 0

 0 0 0

 0 0 0

 0 0 0

 0 0 0

 0 0 0

 0 0 0

 0 0 0

 0 0 0

 0 0 0

 0 0 0

 0 0 0

 0 0 0

 0 0 0

 0 0 0

 0 0 0

 0 0 0

 0 0 0

 0 0 0

 0 0 0

 0 0 0

 0 0 0

 0 0 0

 0 0 0

 0 0 0

 0 0 0

 0 0 0

 0 0 0

 0 0 0

 0 0 0

 0 0 0

 0 0 0

 0 0 0

 0 0 0

 0 0 0

 0 0 0

 0 0 0

 0 0 0

 0 0 0

 0 0 0

 0 0 0

 0 0 0

 0 0 0

 0 0 0

 0 0 0

 0 0 0

 0 0 0

 0 0 0

 0 0 0

 0 0 0

 0 0 0

 0 0 0

 0 0 0

 0 0 0

 0 0 0

 0 0 0

 0 0 0

 0 0 0

 0 0 0

 0 0 0

 0 0 0

 0 0 0

 0 0 0

 0 0 0

 0 0 0

 0 0 0

 0 0 0

 0 0 0

 0 0 0

 0 0 0

 0 0 0

 0 0 0

 0 0 0

 0 0 0

 0 0 0

 0 0 0

 0 0 0

 0 0 0

 0 0 0

 0 0 0

 0 0 0

 0 0 0

 0 0 0

 0 0 0

 0 0 0

 0 0 0

 0 0 0

 0 0 0

 0 0 0

 0 0 0

 0 0 0

 0 0 0

 0 0 0

 0 0 0

 0 0 0

 0 0 0

 0 0 0

 0 0 0

 0 0 0

 0 0 0

 0 0 0

 0 0 0

 0 0 0

 0 0 0

 0 0 0

 0 0 0

 0 0 0

 0 0 0

 0 0 0

 0 0 0

 0 0 0

 0 0 0

 0 0 0

 0 0 0

 0 0 0

 0 0 0

 0 0 0

 0 0 0

 0 0 0

 0 0 0

 0 0 0

 0 0 0

 0 0 0

 0 0 0

 0 0 0

 0 0 0

 0 0 0

 0 0 0

 0 0 0

 0 0 0

 0 0 0

 0 0 0

 0 0 0

 0 0 0

 0 0 0

 0 0 0

 0 0 0

 0 0 0

 0 0 0

 0 0 0

 0 0 0

 0 0 0

 0 0 0

 0 0 0

 0 0 0

 0 0 0

 0 0 0

 0 0 0

 0 0 0

 0 0 0

 0 0 0

 0 0 0

 0 0 0

 0 0 0

 0 0 0

 0 0 0

 0 0 0

 0 0 0

 0 0 0

 0 0 0

 0 0 0

 0 0 0

 0 0 0

 0 0 0

 0 0 0

 0 0 0

 0 0 0

 0 0 0

 0 0 0

 0 0 0

 0 0 0

 0 0 0

 0 0 0

 0 0 0

 0 0 0

 0 0 0

 0 0 0

 0 0 0

 0 0 0

 0 0 0

 0 0 0

 0 0 0

 0 0 0

 0 0 0

 0 0 0

 0 0 0

 0 0 0

 0 0 0

 0 0 0

 0 0 0

 0 0 0

 0 0 0

 0 0 0

 0 0 0

 0 0 0

 0 0 0

 0 0 0

 0 0 0

 0 0 0

 0 0 0

 0 0 0

 0 0 0

 0 0 0

 0 0 0

 0 0 0

 0 0 0

 0 0 0

 0 0 0

 0 0 0

 0 0 0

 0 0 0

 0 0 0

 0 0 0

 0 0 0

 0 0 0

 0 0 0

 0 0 0

 0 0 0

 0 0 0

 0 0 0

 0 0 0

 0 0 0

 0 0 0

 0 0 0

 0 0 0

 0 0 0

 0 0 0

 0 0 0

 0 0 0

 0 0 0

 0 0 0

 0 0 0

 0 0 0

 0 0 0

 0 0 0

 0 0 0

 0 0 0

 0 0 0

 0 0 0

 0 0 0

 0 0 0

 0 0 0

 0 0 0

 0 0 0

 0 0 0

 0 0 0

 0 0 0

 0 0 0

 0 0 0

 0 0 0

 0 0 0

 0 0 0

 0 0 0

 0 0 0

 0 0 0

 0 0 0

 0 0 0

 0 0 0

 0 0 0

 0 0 0

 0 0 0

 0 0 0

 0 0 0

 0 0 0

 0 0 0

 0 0 0

 0 0 0

 0 0 0

 0 0 0

 0 0 0

 0 0 0

 0 0 0

 0 0 0

 0 0 0

 0 0 0

 0 0 0

 0 0 0

 0 0 0

 0 0 0

 0 0 0

 0 0 0

 0 0 0

 0 0 0

 0 0 0

 0 0 0

 0 0 0

 0 0 0

 0 0 0

 0 0 0

 0 0 0

 0 0 0

 0 0 0

 0 0 0

 0 0 0

 0 0 0

 0 0 0

 0 0 0

 0 0 0

 0 0 0

 0 0 0

 0 0 0

 0 0 0

 0 0 0

 0 0 0

 0 0 0

 0 0 0

 0 0 0

 0 0 0

 0 0 0

 0 0 0

 0 0 0

 0 0 0

 0 0 0

 0 0 0

 0 0 0

 0 0 0

 0 0 0

 0 0 0

 0 0 0

 0 0 0

 0 0 0

 0 0 0

 0 0 0

 0 0 0

 0 0 0

 0 0 0

 0 0 0

 0 0 0

 0 0 0

 0 0 0

 0 0 0

 0 0 0

 0 0 0

 0 0 0

 0 0 0

 0 0 0

 0 0 0

 0 0 0

 0 0 0

 0 0 0

 0 0 0

 0 0 0

 0 0 0

 0 0 0

 0 0 0

 0 0 0

 0 0 0

 0 0 0

 0 0 0

 0 0 0

 0 0 0

 0 0 0

 0 0 0

 0 0 0

 0 0 0

 0 0 0

 0 0 0

 0 0 0

 0 0 0

 0 0 0

 0 0 0

 0 0 0

 0 0 0

 0 0 0

 0 0 0

 0 0 0

 0 0 0

 0 0 0

 0 0 0

 0 0 0

 0 0 0

 0 0 0

 0 0 0

 0 0 0

 0 0 0

 0 0 0

 0 0 0

 0 0 0

 0 0 0

 0 0 0

 0 0 0

 0 0 0

 0 0 0

 0 0 0

 0 0 0

 0 0 0

 0 0 0

 0 0 0

 0 0 0

 0 0 0

 0 0 0

 0 0 0

 0 0 0

 0 0 0

 0 0 0

 0 0 0

 0 0 0

 0 0 0

 0 0 0

 0 0 0

 0 0 0

 0 0 0

 0 0 0

 0 0 0

 0 0 0

 0 0 0

 0 0 0

 0 0 0

 0 0 0

 0 0 0

 0 0 0

 0 0 0

 0 0 0

 0 0 0

 0 0 0

 0 0 0

 0 0 0

 0 0 0

 0 0 0

 0 0 0

 0 0 0

 0 0 0

 0 0 0

 0 0 0

 0 0 0

 0 0 0

 0 0 0

 0 0 0

 0 0 0

 0 0 0

 0 0 0

 0 0 0

 0 0 0

 0 0 0

 0 0 0

