vectors:

 0.000000 0.507688 0.507688

 0.358990 0.507688 0.358990

 0.507688 0.507688 0.000000

 0.358990 0.507688 -0.358990

 0.000000 0.507688 -0.507688

 -0.358990 0.507688 -0.358990

 -0.507688 0.507688 0.000000

 -0.358990 0.507688 0.358990

 0.000000 -0.507688 0.000000

tris:

 0 8 1

 1 8 2

 2 8 3

 3 8 4

 4 8 5

 5 8 6

 7 0 1

 1 2 3

 3 4 5

 5 6 7

 7 1 3

 3 5 7

 6 8 7

 7 8 0

vector2s:

 0.250000 0.490000

 0.250000 0.250000

 0.419706 0.419706

 0.490000 0.250000

 0.419706 0.080294

 0.250000 0.010000

 0.080294 0.080294

 0.010000 0.250000

 0.580294 0.419706

 0.750000 0.490000

 0.919706 0.419706

 0.990000 0.250000

 0.919706 0.080294

 0.750000 0.010000

 0.580294 0.080294

 0.510000 0.250000

 0.080294 0.419706

uv:

 0 1 2

 2 1 3

 3 1 4

 4 1 5

 5 1 6

 6 1 7

 8 9 10

 10 11 12

 12 13 14

 14 15 8

 8 10 12

 12 14 8

 7 1 16

 16 1 0

palette:

 255 255 255 255

color:

 0 0 0

 0 0 0

 0 0 0

 0 0 0

 0 0 0

 0 0 0

 0 0 0

 0 0 0

 0 0 0

 0 0 0

 0 0 0

 0 0 0

 0 0 0

 0 0 0

