vectors:

 1.608319 0.000014 0.459539

 1.594560 -0.209914 0.459539

 1.553517 -0.416250 0.459539

 1.485893 -0.615464 0.459539

 2.067840 0.000014 0.459539

 2.050149 -0.269893 0.459539

 1.997380 -0.535183 0.459539

 1.910434 -0.791315 0.459539

 2.277944 -0.299883 0.459539

 2.219311 -0.594649 0.459539

 2.122705 -0.879240 0.459539

 2.493458 -0.412558 0.459539

 2.441242 -0.654115 0.459539

 2.365684 -0.889419 0.459539

 1.608319 0.000014 -0.459502

 1.594560 -0.209914 -0.459502

 1.553517 -0.416250 -0.459502

 1.485893 -0.615464 -0.459502

 2.067840 0.000014 -0.459502

 2.050149 -0.269893 -0.459502

 1.997380 -0.535183 -0.459502

 1.910434 -0.791315 -0.459502

 2.277944 -0.299883 -0.459502

 2.219311 -0.594649 -0.459502

 2.122705 -0.879240 -0.459502

 2.493458 -0.412558 -0.459502

 2.441242 -0.654116 -0.459502

 2.365684 -0.889419 -0.459502

 1.392845 -0.804147 0.459539

 1.275965 -0.979070 0.459539

 1.137252 -1.137241 0.459539

 0.979082 -1.275953 0.459539

 1.790801 -1.033907 0.459539

 1.640527 -1.258808 0.459539

 1.462183 -1.462171 0.459539

 1.258820 -1.640515 0.459539

 1.822808 -1.398678 0.459539

 1.624648 -1.624636 0.459539

 1.398689 -1.822796 0.459539

 1.953112 -1.604014 0.459539

 1.787113 -1.787101 0.459539

 1.604025 -1.953101 0.459539

 1.392845 -0.804147 -0.459502

 1.275965 -0.979070 -0.459502

 1.137252 -1.137241 -0.459502

 0.979082 -1.275953 -0.459502

 1.790801 -1.033907 -0.459502

 1.640527 -1.258808 -0.459502

 1.462183 -1.462171 -0.459502

 1.258820 -1.640516 -0.459502

 1.822808 -1.398678 -0.459502

 1.624648 -1.624636 -0.459502

 1.398689 -1.822797 -0.459502

 1.953112 -1.604014 -0.459502

 1.787113 -1.787102 -0.459502

 1.604025 -1.953101 -0.459502

 0.804158 -1.392833 0.459539

 0.615475 -1.485881 0.459539

 0.416262 -1.553505 0.459539

 0.209925 -1.594548 0.459539

 1.033918 -1.790790 0.459539

 0.791326 -1.910423 0.459539

 0.535194 -1.997368 0.459539

 0.269905 -2.050138 0.459539

 0.879252 -2.122694 0.459539

 0.594661 -2.219300 0.459539

 0.299895 -2.277932 0.459539

 0.889430 -2.365672 0.459539

 0.654127 -2.441231 0.459539

 0.412569 -2.493447 0.459539

 0.804158 -1.392833 -0.459502

 0.615475 -1.485882 -0.459502

 0.416262 -1.553505 -0.459502

 0.209925 -1.594548 -0.459502

 1.033918 -1.790790 -0.459502

 0.791326 -1.910423 -0.459502

 0.535194 -1.997368 -0.459502

 0.269905 -2.050138 -0.459502

 0.879252 -2.122694 -0.459502

 0.594661 -2.219300 -0.459502

 0.299895 -2.277932 -0.459502

 0.889430 -2.365672 -0.459502

 0.654127 -2.441231 -0.459502

 0.412569 -2.493447 -0.459502

 -0.000003 -1.608308 0.459539

 -0.209931 -1.594548 0.459539

 -0.416267 -1.553505 0.459539

 -0.615481 -1.485881 0.459539

 -0.000003 -2.067828 0.459539

 -0.269910 -2.050138 0.459539

 -0.535200 -1.997368 0.459539

 -0.791332 -1.910423 0.459539

 -0.299900 -2.277932 0.459539

 -0.594666 -2.219300 0.459539

 -0.879257 -2.122694 0.459539

 -0.412575 -2.493447 0.459539

 -0.654132 -2.441231 0.459539

 -0.889436 -2.365672 0.459539

 -0.000003 -1.608308 -0.459502

 -0.209931 -1.594548 -0.459502

 -0.416267 -1.553505 -0.459502

 -0.615481 -1.485882 -0.459502

 -0.000003 -2.067828 -0.459502

 -0.269910 -2.050138 -0.459502

 -0.535200 -1.997368 -0.459502

 -0.791332 -1.910423 -0.459502

 -0.299900 -2.277932 -0.459502

 -0.594666 -2.219300 -0.459502

 -0.879257 -2.122694 -0.459502

 -0.412575 -2.493447 -0.459502

 -0.654132 -2.441231 -0.459502

 -0.889436 -2.365672 -0.459502

 -0.804164 -1.392833 0.459539

 -0.979087 -1.275953 0.459539

 -1.137258 -1.137241 0.459539

 -1.275970 -0.979070 0.459539

 -1.033924 -1.790790 0.459539

 -1.258826 -1.640515 0.459539

 -1.462188 -1.462171 0.459539

 -1.640532 -1.258808 0.459539

 -1.398695 -1.822796 0.459539

 -1.624653 -1.624636 0.459539

 -1.822814 -1.398678 0.459539

 -1.604031 -1.953101 0.459539

 -1.787118 -1.787101 0.459539

 -1.953118 -1.604014 0.459539

 -0.804164 -1.392833 -0.459502

 -0.979087 -1.275953 -0.459502

 -1.137258 -1.137241 -0.459502

 -1.275970 -0.979070 -0.459502

 -1.033924 -1.790790 -0.459502

 -1.258826 -1.640516 -0.459502

 -1.462188 -1.462171 -0.459502

 -1.640532 -1.258808 -0.459502

 -1.398695 -1.822797 -0.459502

 -1.624653 -1.624636 -0.459502

 -1.822814 -1.398678 -0.459502

 -1.604031 -1.953101 -0.459502

 -1.787118 -1.787102 -0.459502

 -1.953118 -1.604014 -0.459502

 -1.392850 -0.804147 0.459539

 -1.485898 -0.615464 0.459539

 -1.553522 -0.416250 0.459539

 -1.594565 -0.209914 0.459539

 -1.790807 -1.033907 0.459539

 -1.910440 -0.791315 0.459539

 -1.997385 -0.535183 0.459539

 -2.050154 -0.269893 0.459539

 -2.122711 -0.879240 0.459539

 -2.219316 -0.594649 0.459539

 -2.277949 -0.299883 0.459539

 -2.365689 -0.889419 0.459539

 -2.441248 -0.654115 0.459539

 -2.493464 -0.412558 0.459539

 -1.392850 -0.804147 -0.459502

 -1.485898 -0.615464 -0.459502

 -1.553522 -0.416250 -0.459502

 -1.594565 -0.209914 -0.459502

 -1.790807 -1.033907 -0.459502

 -1.910440 -0.791315 -0.459502

 -1.997385 -0.535183 -0.459502

 -2.050154 -0.269893 -0.459502

 -2.122711 -0.879240 -0.459502

 -2.219316 -0.594649 -0.459502

 -2.277949 -0.299883 -0.459502

 -2.365689 -0.889419 -0.459502

 -2.441248 -0.654116 -0.459502

 -2.493464 -0.412558 -0.459502

 -1.608325 0.000014 0.459539

 -1.594565 0.209942 0.459539

 -1.553522 0.416278 0.459539

 -1.485898 0.615492 0.459539

 -2.067845 0.000014 0.459539

 -2.050154 0.269922 0.459539

 -1.997385 0.535211 0.459539

 -1.910440 0.791343 0.459539

 -2.277949 0.299911 0.459539

 -2.219316 0.594678 0.459539

 -2.122711 0.879269 0.459539

 -2.493464 0.412586 0.459539

 -2.441248 0.654144 0.459539

 -2.365689 0.889447 0.459539

 -1.608325 0.000014 -0.459502

 -1.594565 0.209942 -0.459502

 -1.553522 0.416278 -0.459502

 -1.485898 0.615492 -0.459502

 -2.067845 0.000014 -0.459502

 -2.050154 0.269922 -0.459502

 -1.997385 0.535211 -0.459502

 -1.910440 0.791343 -0.459502

 -2.277949 0.299911 -0.459502

 -2.219316 0.594678 -0.459502

 -2.122711 0.879268 -0.459502

 -2.493464 0.412586 -0.459502

 -2.441248 0.654144 -0.459502

 -2.365689 0.889447 -0.459502

 -1.392850 0.804175 0.459539

 -1.275970 0.979099 0.459539

 -1.137258 1.137269 0.459539

 -0.979087 1.275982 0.459539

 -1.790807 1.033935 0.459539

 -1.640532 1.258837 0.459539

 -1.462188 1.462200 0.459539

 -1.258826 1.640544 0.459539

 -1.822814 1.398706 0.459539

 -1.624653 1.624665 0.459539

 -1.398695 1.822825 0.459539

 -1.953118 1.604042 0.459539

 -1.787118 1.787130 0.459539

 -1.604031 1.953129 0.459539

 -1.392850 0.804175 -0.459502

 -1.275970 0.979098 -0.459502

 -1.137258 1.137269 -0.459502

 -0.979087 1.275982 -0.459502

 -1.790807 1.033935 -0.459502

 -1.640532 1.258837 -0.459502

 -1.462188 1.462199 -0.459502

 -1.258826 1.640544 -0.459502

 -1.822814 1.398706 -0.459502

 -1.624653 1.624665 -0.459502

 -1.398695 1.822825 -0.459502

 -1.953118 1.604042 -0.459502

 -1.787118 1.787130 -0.459502

 -1.604031 1.953129 -0.459502

 -0.804164 1.392862 0.459539

 -0.615481 1.485910 0.459539

 -0.416267 1.553534 0.459539

 -0.209931 1.594577 0.459539

 -1.033924 1.790818 0.459539

 -0.791332 1.910451 0.459539

 -0.535200 1.997397 0.459539

 -0.269910 2.050166 0.459539

 -0.879257 2.122722 0.459539

 -0.594666 2.219328 0.459539

 -0.299900 2.277961 0.459539

 -0.889436 2.365701 0.459539

 -0.654132 2.441259 0.459539

 -0.412575 2.493475 0.459539

 -0.804164 1.392862 -0.459502

 -0.615481 1.485910 -0.459502

 -0.416267 1.553534 -0.459502

 -0.209931 1.594577 -0.459502

 -1.033924 1.790818 -0.459502

 -0.791332 1.910451 -0.459502

 -0.535200 1.997396 -0.459502

 -0.269910 2.050166 -0.459502

 -0.879257 2.122722 -0.459502

 -0.594666 2.219328 -0.459502

 -0.299900 2.277961 -0.459502

 -0.889436 2.365701 -0.459502

 -0.654132 2.441259 -0.459502

 -0.412575 2.493475 -0.459502

 -0.000003 1.608336 0.459539

 0.209925 1.594577 0.459539

 0.416262 1.553534 0.459539

 0.615475 1.485910 0.459539

 -0.000003 2.067857 0.459539

 0.269905 2.050166 0.459539

 0.535194 1.997397 0.459539

 0.791326 1.910451 0.459539

 0.299895 2.277961 0.459539

 0.594661 2.219328 0.459539

 0.879252 2.122722 0.459539

 0.412569 2.493475 0.459539

 0.654127 2.441259 0.459539

 0.889430 2.365701 0.459539

 -0.000003 1.608336 -0.459502

 0.209925 1.594577 -0.459502

 0.416262 1.553534 -0.459502

 0.615475 1.485910 -0.459502

 -0.000003 2.067857 -0.459502

 0.269905 2.050166 -0.459502

 0.535194 1.997396 -0.459502

 0.791326 1.910451 -0.459502

 0.299895 2.277961 -0.459502

 0.594661 2.219328 -0.459502

 0.879252 2.122722 -0.459502

 0.412569 2.493475 -0.459502

 0.654127 2.441259 -0.459502

 0.889430 2.365701 -0.459502

 0.804158 1.392862 0.459539

 0.979082 1.275982 0.459539

 1.137252 1.137269 0.459539

 1.275965 0.979099 0.459539

 1.033918 1.790818 0.459539

 1.258820 1.640544 0.459539

 1.462183 1.462200 0.459539

 1.640527 1.258837 0.459539

 1.398689 1.822825 0.459539

 1.624648 1.624665 0.459539

 1.822808 1.398706 0.459539

 1.604025 1.953129 0.459539

 1.787113 1.787130 0.459539

 1.953112 1.604042 0.459539

 0.804158 1.392862 -0.459502

 0.979082 1.275982 -0.459502

 1.137252 1.137269 -0.459502

 1.275965 0.979098 -0.459502

 1.033918 1.790818 -0.459502

 1.258820 1.640544 -0.459502

 1.462183 1.462199 -0.459502

 1.640527 1.258837 -0.459502

 1.398689 1.822825 -0.459502

 1.624648 1.624665 -0.459502

 1.822808 1.398706 -0.459502

 1.604025 1.953129 -0.459502

 1.787113 1.787130 -0.459502

 1.953112 1.604042 -0.459502

 1.392845 0.804175 0.459539

 1.485893 0.615492 0.459539

 1.553517 0.416278 0.459539

 1.594560 0.209942 0.459539

 1.790801 1.033935 0.459539

 1.910434 0.791343 0.459539

 1.997380 0.535211 0.459539

 2.050149 0.269922 0.459539

 2.122705 0.879269 0.459539

 2.219311 0.594678 0.459539

 2.277944 0.299911 0.459539

 2.365684 0.889447 0.459539

 2.441242 0.654144 0.459539

 2.493458 0.412586 0.459539

 1.392845 0.804175 -0.459502

 1.485893 0.615492 -0.459502

 1.553517 0.416278 -0.459502

 1.594560 0.209942 -0.459502

 1.790801 1.033935 -0.459502

 1.910434 0.791343 -0.459502

 1.997380 0.535211 -0.459502

 2.050149 0.269922 -0.459502

 2.122705 0.879268 -0.459502

 2.219311 0.594678 -0.459502

 2.277944 0.299911 -0.459502

 2.365684 0.889447 -0.459502

 2.441242 0.654144 -0.459502

 2.493458 0.412586 -0.459502

tris:

 4 0 1

 4 1 5

 5 1 2

 5 2 6

 6 2 3

 6 3 7

 8 5 6

 8 6 9

 9 6 7

 9 7 10

 11 8 9

 11 9 12

 12 9 10

 12 10 13

 14 18 19

 14 19 15

 15 19 20

 15 20 16

 16 20 21

 16 21 17

 19 22 23

 19 23 20

 20 23 24

 20 24 21

 22 25 26

 22 26 23

 23 26 27

 23 27 24

 18 4 5

 18 5 19

 19 5 8

 19 8 22

 22 8 11

 22 11 25

 25 11 12

 25 12 26

 26 12 13

 26 13 27

 27 13 10

 27 10 24

 24 10 7

 24 7 21

 32 28 29

 32 29 33

 33 29 30

 33 30 34

 34 30 31

 34 31 35

 36 33 34

 36 34 37

 37 34 35

 37 35 38

 39 36 37

 39 37 40

 40 37 38

 40 38 41

 42 46 47

 42 47 43

 43 47 48

 43 48 44

 44 48 49

 44 49 45

 47 50 51

 47 51 48

 48 51 52

 48 52 49

 50 53 54

 50 54 51

 51 54 55

 51 55 52

 46 32 33

 46 33 47

 47 33 36

 47 36 50

 50 36 39

 50 39 53

 53 39 40

 53 40 54

 54 40 41

 54 41 55

 55 41 38

 55 38 52

 52 38 35

 52 35 49

 3 28 32

 3 32 7

 7 32 46

 7 46 21

 21 46 42

 21 42 17

 60 56 57

 60 57 61

 61 57 58

 61 58 62

 62 58 59

 62 59 63

 64 61 62

 64 62 65

 65 62 63

 65 63 66

 67 64 65

 67 65 68

 68 65 66

 68 66 69

 70 74 75

 70 75 71

 71 75 76

 71 76 72

 72 76 77

 72 77 73

 75 78 79

 75 79 76

 76 79 80

 76 80 77

 78 81 82

 78 82 79

 79 82 83

 79 83 80

 74 60 61

 74 61 75

 75 61 64

 75 64 78

 78 64 67

 78 67 81

 81 67 68

 81 68 82

 82 68 69

 82 69 83

 83 69 66

 83 66 80

 80 66 63

 80 63 77

 31 56 60

 31 60 35

 35 60 74

 35 74 49

 49 74 70

 49 70 45

 88 84 85

 88 85 89

 89 85 86

 89 86 90

 90 86 87

 90 87 91

 92 89 90

 92 90 93

 93 90 91

 93 91 94

 95 92 93

 95 93 96

 96 93 94

 96 94 97

 98 102 103

 98 103 99

 99 103 104

 99 104 100

 100 104 105

 100 105 101

 103 106 107

 103 107 104

 104 107 108

 104 108 105

 106 109 110

 106 110 107

 107 110 111

 107 111 108

 102 88 89

 102 89 103

 103 89 92

 103 92 106

 106 92 95

 106 95 109

 109 95 96

 109 96 110

 110 96 97

 110 97 111

 111 97 94

 111 94 108

 108 94 91

 108 91 105

 59 84 88

 59 88 63

 63 88 102

 63 102 77

 77 102 98

 77 98 73

 116 112 113

 116 113 117

 117 113 114

 117 114 118

 118 114 115

 118 115 119

 120 117 118

 120 118 121

 121 118 119

 121 119 122

 123 120 121

 123 121 124

 124 121 122

 124 122 125

 126 130 131

 126 131 127

 127 131 132

 127 132 128

 128 132 133

 128 133 129

 131 134 135

 131 135 132

 132 135 136

 132 136 133

 134 137 138

 134 138 135

 135 138 139

 135 139 136

 130 116 117

 130 117 131

 131 117 120

 131 120 134

 134 120 123

 134 123 137

 137 123 124

 137 124 138

 138 124 125

 138 125 139

 139 125 122

 139 122 136

 136 122 119

 136 119 133

 87 112 116

 87 116 91

 91 116 130

 91 130 105

 105 130 126

 105 126 101

 144 140 141

 144 141 145

 145 141 142

 145 142 146

 146 142 143

 146 143 147

 148 145 146

 148 146 149

 149 146 147

 149 147 150

 151 148 149

 151 149 152

 152 149 150

 152 150 153

 154 158 159

 154 159 155

 155 159 160

 155 160 156

 156 160 161

 156 161 157

 159 162 163

 159 163 160

 160 163 164

 160 164 161

 162 165 166

 162 166 163

 163 166 167

 163 167 164

 158 144 145

 158 145 159

 159 145 148

 159 148 162

 162 148 151

 162 151 165

 165 151 152

 165 152 166

 166 152 153

 166 153 167

 167 153 150

 167 150 164

 164 150 147

 164 147 161

 115 140 144

 115 144 119

 119 144 158

 119 158 133

 133 158 154

 133 154 129

 172 168 169

 172 169 173

 173 169 170

 173 170 174

 174 170 171

 174 171 175

 176 173 174

 176 174 177

 177 174 175

 177 175 178

 179 176 177

 179 177 180

 180 177 178

 180 178 181

 182 186 187

 182 187 183

 183 187 188

 183 188 184

 184 188 189

 184 189 185

 187 190 191

 187 191 188

 188 191 192

 188 192 189

 190 193 194

 190 194 191

 191 194 195

 191 195 192

 186 172 173

 186 173 187

 187 173 176

 187 176 190

 190 176 179

 190 179 193

 193 179 180

 193 180 194

 194 180 181

 194 181 195

 195 181 178

 195 178 192

 192 178 175

 192 175 189

 143 168 172

 143 172 147

 147 172 186

 147 186 161

 161 186 182

 161 182 157

 200 196 197

 200 197 201

 201 197 198

 201 198 202

 202 198 199

 202 199 203

 204 201 202

 204 202 205

 205 202 203

 205 203 206

 207 204 205

 207 205 208

 208 205 206

 208 206 209

 210 214 215

 210 215 211

 211 215 216

 211 216 212

 212 216 217

 212 217 213

 215 218 219

 215 219 216

 216 219 220

 216 220 217

 218 221 222

 218 222 219

 219 222 223

 219 223 220

 214 200 201

 214 201 215

 215 201 204

 215 204 218

 218 204 207

 218 207 221

 221 207 208

 221 208 222

 222 208 209

 222 209 223

 223 209 206

 223 206 220

 220 206 203

 220 203 217

 171 196 200

 171 200 175

 175 200 214

 175 214 189

 189 214 210

 189 210 185

 228 224 225

 228 225 229

 229 225 226

 229 226 230

 230 226 227

 230 227 231

 232 229 230

 232 230 233

 233 230 231

 233 231 234

 235 232 233

 235 233 236

 236 233 234

 236 234 237

 238 242 243

 238 243 239

 239 243 244

 239 244 240

 240 244 245

 240 245 241

 243 246 247

 243 247 244

 244 247 248

 244 248 245

 246 249 250

 246 250 247

 247 250 251

 247 251 248

 242 228 229

 242 229 243

 243 229 232

 243 232 246

 246 232 235

 246 235 249

 249 235 236

 249 236 250

 250 236 237

 250 237 251

 251 237 234

 251 234 248

 248 234 231

 248 231 245

 199 224 228

 199 228 203

 203 228 242

 203 242 217

 217 242 238

 217 238 213

 256 252 253

 256 253 257

 257 253 254

 257 254 258

 258 254 255

 258 255 259

 260 257 258

 260 258 261

 261 258 259

 261 259 262

 263 260 261

 263 261 264

 264 261 262

 264 262 265

 266 270 271

 266 271 267

 267 271 272

 267 272 268

 268 272 273

 268 273 269

 271 274 275

 271 275 272

 272 275 276

 272 276 273

 274 277 278

 274 278 275

 275 278 279

 275 279 276

 270 256 257

 270 257 271

 271 257 260

 271 260 274

 274 260 263

 274 263 277

 277 263 264

 277 264 278

 278 264 265

 278 265 279

 279 265 262

 279 262 276

 276 262 259

 276 259 273

 227 252 256

 227 256 231

 231 256 270

 231 270 245

 245 270 266

 245 266 241

 284 280 281

 284 281 285

 285 281 282

 285 282 286

 286 282 283

 286 283 287

 288 285 286

 288 286 289

 289 286 287

 289 287 290

 291 288 289

 291 289 292

 292 289 290

 292 290 293

 294 298 299

 294 299 295

 295 299 300

 295 300 296

 296 300 301

 296 301 297

 299 302 303

 299 303 300

 300 303 304

 300 304 301

 302 305 306

 302 306 303

 303 306 307

 303 307 304

 298 284 285

 298 285 299

 299 285 288

 299 288 302

 302 288 291

 302 291 305

 305 291 292

 305 292 306

 306 292 293

 306 293 307

 307 293 290

 307 290 304

 304 290 287

 304 287 301

 255 280 284

 255 284 259

 259 284 298

 259 298 273

 273 298 294

 273 294 269

 312 308 309

 312 309 313

 313 309 310

 313 310 314

 314 310 311

 314 311 315

 316 313 314

 316 314 317

 317 314 315

 317 315 318

 319 316 317

 319 317 320

 320 317 318

 320 318 321

 322 326 327

 322 327 323

 323 327 328

 323 328 324

 324 328 329

 324 329 325

 327 330 331

 327 331 328

 328 331 332

 328 332 329

 330 333 334

 330 334 331

 331 334 335

 331 335 332

 326 312 313

 326 313 327

 327 313 316

 327 316 330

 330 316 319

 330 319 333

 333 319 320

 333 320 334

 334 320 321

 334 321 335

 335 321 318

 335 318 332

 332 318 315

 332 315 329

 283 308 312

 283 312 287

 287 312 326

 287 326 301

 301 326 322

 301 322 297

 311 0 4

 311 4 315

 315 4 18

 315 18 329

 329 18 14

 329 14 325

 15 16 2

 15 2 1

 16 17 3

 16 3 2

 17 42 28

 17 28 3

 42 43 29

 42 29 28

 43 44 30

 43 30 29

 44 45 31

 44 31 30

 45 70 56

 45 56 31

 70 71 57

 70 57 56

 71 72 58

 71 58 57

 72 73 59

 72 59 58

 73 98 84

 73 84 59

 98 99 85

 98 85 84

 99 100 86

 99 86 85

 100 101 87

 100 87 86

 101 126 112

 101 112 87

 126 127 113

 126 113 112

 127 128 114

 127 114 113

 128 129 115

 128 115 114

 129 154 140

 129 140 115

 154 155 141

 154 141 140

 155 156 142

 155 142 141

 156 157 143

 156 143 142

 157 182 168

 157 168 143

 182 183 169

 182 169 168

 183 184 170

 183 170 169

 184 185 171

 184 171 170

 185 210 196

 185 196 171

 210 211 197

 210 197 196

 211 212 198

 211 198 197

 212 213 199

 212 199 198

 213 238 224

 213 224 199

 238 239 225

 238 225 224

 239 240 226

 239 226 225

 240 241 227

 240 227 226

 241 266 252

 241 252 227

 266 267 253

 266 253 252

 267 268 254

 267 254 253

 268 269 255

 268 255 254

 269 294 280

 269 280 255

 294 295 281

 294 281 280

 295 296 282

 295 282 281

 296 297 283

 296 283 282

 297 322 308

 297 308 283

 322 323 309

 322 309 308

 323 324 310

 323 310 309

 324 325 311

 324 311 310

 325 14 0

 325 0 311

 14 15 1

 14 1 0

vector2s:

 0.000000 0.000000

 1.000000 0.000000

 1.000000 1.000000

 0.000000 1.000000

uv:

 0 1 2

 0 2 3

 0 1 2

 0 2 3

 0 1 2

 0 2 3

 0 1 2

 0 2 3

 0 1 2

 0 2 3

 0 1 2

 0 2 3

 0 1 2

 0 2 3

 0 1 2

 0 2 3

 0 1 2

 0 2 3

 0 1 2

 0 2 3

 0 1 2

 0 2 3

 0 1 2

 0 2 3

 0 1 2

 0 2 3

 0 1 2

 0 2 3

 0 1 2

 0 2 3

 0 1 2

 0 2 3

 0 1 2

 0 2 3

 0 1 2

 0 2 3

 0 1 2

 0 2 3

 0 1 2

 0 2 3

 0 1 2

 0 2 3

 0 1 2

 0 2 3

 0 1 2

 0 2 3

 0 1 2

 0 2 3

 0 1 2

 0 2 3

 0 1 2

 0 2 3

 0 1 2

 0 2 3

 0 1 2

 0 2 3

 0 1 2

 0 2 3

 0 1 2

 0 2 3

 0 1 2

 0 2 3

 0 1 2

 0 2 3

 0 1 2

 0 2 3

 0 1 2

 0 2 3

 0 1 2

 0 2 3

 0 1 2

 0 2 3

 0 1 2

 0 2 3

 0 1 2

 0 2 3

 0 1 2

 0 2 3

 0 1 2

 0 2 3

 0 1 2

 0 2 3

 0 1 2

 0 2 3

 0 1 2

 0 2 3

 0 1 2

 0 2 3

 0 1 2

 0 2 3

 0 1 2

 0 2 3

 0 1 2

 0 2 3

 0 1 2

 0 2 3

 0 1 2

 0 2 3

 0 1 2

 0 2 3

 0 1 2

 0 2 3

 0 1 2

 0 2 3

 0 1 2

 0 2 3

 0 1 2

 0 2 3

 0 1 2

 0 2 3

 0 1 2

 0 2 3

 0 1 2

 0 2 3

 0 1 2

 0 2 3

 0 1 2

 0 2 3

 0 1 2

 0 2 3

 0 1 2

 0 2 3

 0 1 2

 0 2 3

 0 1 2

 0 2 3

 0 1 2

 0 2 3

 0 1 2

 0 2 3

 0 1 2

 0 2 3

 0 1 2

 0 2 3

 0 1 2

 0 2 3

 0 1 2

 0 2 3

 0 1 2

 0 2 3

 0 1 2

 0 2 3

 0 1 2

 0 2 3

 0 1 2

 0 2 3

 0 1 2

 0 2 3

 0 1 2

 0 2 3

 0 1 2

 0 2 3

 0 1 2

 0 2 3

 0 1 2

 0 2 3

 0 1 2

 0 2 3

 0 1 2

 0 2 3

 0 1 2

 0 2 3

 0 1 2

 0 2 3

 0 1 2

 0 2 3

 0 1 2

 0 2 3

 0 1 2

 0 2 3

 0 1 2

 0 2 3

 0 1 2

 0 2 3

 0 1 2

 0 2 3

 0 1 2

 0 2 3

 0 1 2

 0 2 3

 0 1 2

 0 2 3

 0 1 2

 0 2 3

 0 1 2

 0 2 3

 0 1 2

 0 2 3

 0 1 2

 0 2 3

 0 1 2

 0 2 3

 0 1 2

 0 2 3

 0 1 2

 0 2 3

 0 1 2

 0 2 3

 0 1 2

 0 2 3

 0 1 2

 0 2 3

 0 1 2

 0 2 3

 0 1 2

 0 2 3

 0 1 2

 0 2 3

 0 1 2

 0 2 3

 0 1 2

 0 2 3

 0 1 2

 0 2 3

 0 1 2

 0 2 3

 0 1 2

 0 2 3

 0 1 2

 0 2 3

 0 1 2

 0 2 3

 0 1 2

 0 2 3

 0 1 2

 0 2 3

 0 1 2

 0 2 3

 0 1 2

 0 2 3

 0 1 2

 0 2 3

 0 1 2

 0 2 3

 0 1 2

 0 2 3

 0 1 2

 0 2 3

 0 1 2

 0 2 3

 0 1 2

 0 2 3

 0 1 2

 0 2 3

 0 1 2

 0 2 3

 0 1 2

 0 2 3

 0 1 2

 0 2 3

 0 1 2

 0 2 3

 0 1 2

 0 2 3

 0 1 2

 0 2 3

 0 1 2

 0 2 3

 0 1 2

 0 2 3

 0 1 2

 0 2 3

 0 1 2

 0 2 3

 0 1 2

 0 2 3

 0 1 2

 0 2 3

 0 1 2

 0 2 3

 0 1 2

 0 2 3

 0 1 2

 0 2 3

 0 1 2

 0 2 3

 0 1 2

 0 2 3

 0 1 2

 0 2 3

 0 1 2

 0 2 3

 0 1 2

 0 2 3

 0 1 2

 0 2 3

 0 1 2

 0 2 3

 0 1 2

 0 2 3

 0 1 2

 0 2 3

 0 1 2

 0 2 3

 0 1 2

 0 2 3

 0 1 2

 0 2 3

 0 1 2

 0 2 3

 0 1 2

 0 2 3

 0 1 2

 0 2 3

 0 1 2

 0 2 3

 0 1 2

 0 2 3

 0 1 2

 0 2 3

 0 1 2

 0 2 3

 0 1 2

 0 2 3

 0 1 2

 0 2 3

 0 1 2

 0 2 3

 0 1 2

 0 2 3

 0 1 2

 0 2 3

 0 1 2

 0 2 3

 0 1 2

 0 2 3

 0 1 2

 0 2 3

 0 1 2

 0 2 3

 0 1 2

 0 2 3

 0 1 2

 0 2 3

 0 1 2

 0 2 3

 0 1 2

 0 2 3

 0 1 2

 0 2 3

 0 1 2

 0 2 3

 0 1 2

 0 2 3

 0 1 2

 0 2 3

 0 1 2

 0 2 3

 0 1 2

 0 2 3

 0 1 2

 0 2 3

 0 1 2

 0 2 3

 0 1 2

 0 2 3

 0 1 2

 0 2 3

 0 1 2

 0 2 3

 0 1 2

 0 2 3

 0 1 2

 0 2 3

 0 1 2

 0 2 3

 0 1 2

 0 2 3

 0 1 2

 0 2 3

 0 1 2

 0 2 3

 0 1 2

 0 2 3

 0 1 2

 0 2 3

 0 1 2

 0 2 3

 0 1 2

 0 2 3

 0 1 2

 0 2 3

 0 1 2

 0 2 3

 0 1 2

 0 2 3

 0 1 2

 0 2 3

 0 1 2

 0 2 3

 0 1 2

 0 2 3

 0 1 2

 0 2 3

 0 1 2

 0 2 3

 0 1 2

 0 2 3

 0 1 2

 0 2 3

 0 1 2

 0 2 3

 0 1 2

 0 2 3

 0 1 2

 0 2 3

 0 1 2

 0 2 3

 0 1 2

 0 2 3

 0 1 2

 0 2 3

 0 1 2

 0 2 3

 0 1 2

 0 2 3

 0 1 2

 0 2 3

 0 1 2

 0 2 3

 0 1 2

 0 2 3

 0 1 2

 0 2 3

 0 1 2

 0 2 3

 0 1 2

 0 2 3

 0 1 2

 0 2 3

 0 1 2

 0 2 3

 0 1 2

 0 2 3

 0 1 2

 0 2 3

 0 1 2

 0 2 3

 0 1 2

 0 2 3

 0 1 2

 0 2 3

 0 1 2

 0 2 3

 0 1 2

 0 2 3

 0 1 2

 0 2 3

 0 1 2

 0 2 3

 0 1 2

 0 2 3

 0 1 2

 0 2 3

 0 1 2

 0 2 3

 0 1 2

 0 2 3

 0 1 2

 0 2 3

 0 1 2

 0 2 3

 0 1 2

 0 2 3

 0 1 2

 0 2 3

 0 1 2

 0 2 3

 0 1 2

 0 2 3

 0 1 2

 0 2 3

 0 1 2

 0 2 3

 0 1 2

 0 2 3

 0 1 2

 0 2 3

 0 1 2

 0 2 3

 0 1 2

 0 2 3

 0 1 2

 0 2 3

 0 1 2

 0 2 3

 0 1 2

 0 2 3

 0 1 2

 0 2 3

 0 1 2

 0 2 3

 0 1 2

 0 2 3

 0 1 2

 0 2 3

 0 1 2

 0 2 3

 0 1 2

 0 2 3

 0 1 2

 0 2 3

 0 1 2

 0 2 3

 0 1 2

 0 2 3

 0 1 2

 0 2 3

 0 1 2

 0 2 3

 0 1 2

 0 2 3

 0 1 2

 0 2 3

 0 1 2

 0 2 3

 0 1 2

 0 2 3

 0 1 2

 0 2 3

 0 1 2

 0 2 3

 0 1 2

 0 2 3

 0 1 2

 0 2 3

 0 1 2

 0 2 3

 0 1 2

 0 2 3

 0 1 2

 0 2 3

 0 1 2

 0 2 3

 0 1 2

 0 2 3

 0 1 2

 0 2 3

 0 1 2

 0 2 3

 0 1 2

 0 2 3

 0 1 2

 0 2 3

 0 1 2

 0 2 3

 0 1 2

 0 2 3

 0 1 2

 0 2 3

 0 1 2

 0 2 3

 0 1 2

 0 2 3

 0 1 2

 0 2 3

 0 1 2

 0 2 3

 0 1 2

 0 2 3

 0 1 2

 0 2 3

 0 1 2

 0 2 3

 0 1 2

 0 2 3

 0 1 2

 0 2 3

 0 1 2

 0 2 3

 0 1 2

 0 2 3

 0 1 2

 0 2 3

 0 1 2

 0 2 3

 0 1 2

 0 2 3

 0 1 2

 0 2 3

 0 1 2

 0 2 3

 0 1 2

 0 2 3

 0 1 2

 0 2 3

 0 1 2

 0 2 3

 0 1 2

 0 2 3

 0 1 2

 0 2 3

 0 1 2

 0 2 3

 0 1 2

 0 2 3

 0 1 2

 0 2 3

 0 1 2

 0 2 3

 0 1 2

 0 2 3

 0 1 2

 0 2 3

 0 1 2

 0 2 3

 0 1 2

 0 2 3

 0 1 2

 0 2 3

 0 1 2

 0 2 3

 0 1 2

 0 2 3

 0 1 2

 0 2 3

 0 1 2

 0 2 3

 0 1 2

 0 2 3

 0 1 2

 0 2 3

 0 1 2

 0 2 3

 0 1 2

 0 2 3

 0 1 2

 0 2 3

 0 1 2

 0 2 3

 0 1 2

 0 2 3

 0 1 2

 0 2 3

 0 1 2

 0 2 3

 0 1 2

 0 2 3

 0 1 2

 0 2 3

 0 1 2

 0 2 3

 0 1 2

 0 2 3

 0 1 2

 0 2 3

 0 1 2

 0 2 3

 0 1 2

 0 2 3

 0 1 2

 0 2 3

 0 1 2

 0 2 3

 0 1 2

 0 2 3

 0 1 2

 0 2 3

 0 1 2

 0 2 3

 0 1 2

 0 2 3

 0 1 2

 0 2 3

 0 1 2

 0 2 3

 0 1 2

 0 2 3

 0 1 2

 0 2 3

 0 1 2

 0 2 3

palette:

 122 122 122 255

 51 51 51 255

 25 25 25 255

 107 107 107 255

 0 0 0 255

 41 41 41 255

 171 171 171 255

 133 133 133 255

 255 255 255 255

 198 198 198 255

color:

 0 1 2

 0 2 3

 3 2 4

 3 4 5

 5 4 2

 5 2 3

 6 3 5

 6 5 7

 7 5 3

 7 3 6

 8 6 7

 8 7 9

 9 7 6

 9 6 8

 1 0 3

 1 3 2

 2 3 5

 2 5 4

 4 5 3

 4 3 2

 3 6 7

 3 7 5

 5 7 6

 5 6 3

 6 8 9

 6 9 7

 7 9 8

 7 8 6

 0 0 3

 0 3 3

 3 3 6

 3 6 6

 6 6 8

 6 8 8

 8 8 9

 8 9 9

 9 9 8

 9 8 8

 8 8 6

 8 6 6

 6 6 3

 6 3 3

 0 1 2

 0 2 3

 3 2 4

 3 4 5

 5 4 2

 5 2 3

 6 3 5

 6 5 7

 7 5 3

 7 3 6

 8 6 7

 8 7 9

 9 7 6

 9 6 8

 1 0 3

 1 3 2

 2 3 5

 2 5 4

 4 5 3

 4 3 2

 3 6 7

 3 7 5

 5 7 6

 5 6 3

 6 8 9

 6 9 7

 7 9 8

 7 8 6

 0 0 3

 0 3 3

 3 3 6

 3 6 6

 6 6 8

 6 8 8

 8 8 9

 8 9 9

 9 9 8

 9 8 8

 8 8 6

 8 6 6

 6 6 3

 6 3 3

 2 1 0

 2 0 3

 3 0 0

 3 0 3

 3 0 1

 3 1 2

 0 1 2

 0 2 3

 3 2 4

 3 4 5

 5 4 2

 5 2 3

 6 3 5

 6 5 7

 7 5 3

 7 3 6

 8 6 7

 8 7 9

 9 7 6

 9 6 8

 1 0 3

 1 3 2

 2 3 5

 2 5 4

 4 5 3

 4 3 2

 3 6 7

 3 7 5

 5 7 6

 5 6 3

 6 8 9

 6 9 7

 7 9 8

 7 8 6

 0 0 3

 0 3 3

 3 3 6

 3 6 6

 6 6 8

 6 8 8

 8 8 9

 8 9 9

 9 9 8

 9 8 8

 8 8 6

 8 6 6

 6 6 3

 6 3 3

 2 1 0

 2 0 3

 3 0 0

 3 0 3

 3 0 1

 3 1 2

 0 1 2

 0 2 3

 3 2 4

 3 4 5

 5 4 2

 5 2 3

 6 3 5

 6 5 7

 7 5 3

 7 3 6

 8 6 7

 8 7 9

 9 7 6

 9 6 8

 1 0 3

 1 3 2

 2 3 5

 2 5 4

 4 5 3

 4 3 2

 3 6 7

 3 7 5

 5 7 6

 5 6 3

 6 8 9

 6 9 7

 7 9 8

 7 8 6

 0 0 3

 0 3 3

 3 3 6

 3 6 6

 6 6 8

 6 8 8

 8 8 9

 8 9 9

 9 9 8

 9 8 8

 8 8 6

 8 6 6

 6 6 3

 6 3 3

 2 1 0

 2 0 3

 3 0 0

 3 0 3

 3 0 1

 3 1 2

 0 1 2

 0 2 3

 3 2 4

 3 4 5

 5 4 2

 5 2 3

 6 3 5

 6 5 7

 7 5 3

 7 3 6

 8 6 7

 8 7 9

 9 7 6

 9 6 8

 1 0 3

 1 3 2

 2 3 5

 2 5 4

 4 5 3

 4 3 2

 3 6 7

 3 7 5

 5 7 6

 5 6 3

 6 8 9

 6 9 7

 7 9 8

 7 8 6

 0 0 3

 0 3 3

 3 3 6

 3 6 6

 6 6 8

 6 8 8

 8 8 9

 8 9 9

 9 9 8

 9 8 8

 8 8 6

 8 6 6

 6 6 3

 6 3 3

 2 1 0

 2 0 3

 3 0 0

 3 0 3

 3 0 1

 3 1 2

 0 1 2

 0 2 3

 3 2 4

 3 4 5

 5 4 2

 5 2 3

 6 3 5

 6 5 7

 7 5 3

 7 3 6

 8 6 7

 8 7 9

 9 7 6

 9 6 8

 1 0 3

 1 3 2

 2 3 5

 2 5 4

 4 5 3

 4 3 2

 3 6 7

 3 7 5

 5 7 6

 5 6 3

 6 8 9

 6 9 7

 7 9 8

 7 8 6

 0 0 3

 0 3 3

 3 3 6

 3 6 6

 6 6 8

 6 8 8

 8 8 9

 8 9 9

 9 9 8

 9 8 8

 8 8 6

 8 6 6

 6 6 3

 6 3 3

 2 1 0

 2 0 3

 3 0 0

 3 0 3

 3 0 1

 3 1 2

 0 1 2

 0 2 3

 3 2 4

 3 4 5

 5 4 2

 5 2 3

 6 3 5

 6 5 7

 7 5 3

 7 3 6

 8 6 7

 8 7 9

 9 7 6

 9 6 8

 1 0 3

 1 3 2

 2 3 5

 2 5 4

 4 5 3

 4 3 2

 3 6 7

 3 7 5

 5 7 6

 5 6 3

 6 8 9

 6 9 7

 7 9 8

 7 8 6

 0 0 3

 0 3 3

 3 3 6

 3 6 6

 6 6 8

 6 8 8

 8 8 9

 8 9 9

 9 9 8

 9 8 8

 8 8 6

 8 6 6

 6 6 3

 6 3 3

 2 1 0

 2 0 3

 3 0 0

 3 0 3

 3 0 1

 3 1 2

 0 1 2

 0 2 3

 3 2 4

 3 4 5

 5 4 2

 5 2 3

 6 3 5

 6 5 7

 7 5 3

 7 3 6

 8 6 7

 8 7 9

 9 7 6

 9 6 8

 1 0 3

 1 3 2

 2 3 5

 2 5 4

 4 5 3

 4 3 2

 3 6 7

 3 7 5

 5 7 6

 5 6 3

 6 8 9

 6 9 7

 7 9 8

 7 8 6

 0 0 3

 0 3 3

 3 3 6

 3 6 6

 6 6 8

 6 8 8

 8 8 9

 8 9 9

 9 9 8

 9 8 8

 8 8 6

 8 6 6

 6 6 3

 6 3 3

 2 1 0

 2 0 3

 3 0 0

 3 0 3

 3 0 1

 3 1 2

 0 1 2

 0 2 3

 3 2 4

 3 4 5

 5 4 2

 5 2 3

 6 3 5

 6 5 7

 7 5 3

 7 3 6

 8 6 7

 8 7 9

 9 7 6

 9 6 8

 1 0 3

 1 3 2

 2 3 5

 2 5 4

 4 5 3

 4 3 2

 3 6 7

 3 7 5

 5 7 6

 5 6 3

 6 8 9

 6 9 7

 7 9 8

 7 8 6

 0 0 3

 0 3 3

 3 3 6

 3 6 6

 6 6 8

 6 8 8

 8 8 9

 8 9 9

 9 9 8

 9 8 8

 8 8 6

 8 6 6

 6 6 3

 6 3 3

 2 1 0

 2 0 3

 3 0 0

 3 0 3

 3 0 1

 3 1 2

 0 1 2

 0 2 3

 3 2 4

 3 4 5

 5 4 2

 5 2 3

 6 3 5

 6 5 7

 7 5 3

 7 3 6

 8 6 7

 8 7 9

 9 7 6

 9 6 8

 1 0 3

 1 3 2

 2 3 5

 2 5 4

 4 5 3

 4 3 2

 3 6 7

 3 7 5

 5 7 6

 5 6 3

 6 8 9

 6 9 7

 7 9 8

 7 8 6

 0 0 3

 0 3 3

 3 3 6

 3 6 6

 6 6 8

 6 8 8

 8 8 9

 8 9 9

 9 9 8

 9 8 8

 8 8 6

 8 6 6

 6 6 3

 6 3 3

 2 1 0

 2 0 3

 3 0 0

 3 0 3

 3 0 1

 3 1 2

 0 1 2

 0 2 3

 3 2 4

 3 4 5

 5 4 2

 5 2 3

 6 3 5

 6 5 7

 7 5 3

 7 3 6

 8 6 7

 8 7 9

 9 7 6

 9 6 8

 1 0 3

 1 3 2

 2 3 5

 2 5 4

 4 5 3

 4 3 2

 3 6 7

 3 7 5

 5 7 6

 5 6 3

 6 8 9

 6 9 7

 7 9 8

 7 8 6

 0 0 3

 0 3 3

 3 3 6

 3 6 6

 6 6 8

 6 8 8

 8 8 9

 8 9 9

 9 9 8

 9 8 8

 8 8 6

 8 6 6

 6 6 3

 6 3 3

 2 1 0

 2 0 3

 3 0 0

 3 0 3

 3 0 1

 3 1 2

 0 1 2

 0 2 3

 3 2 4

 3 4 5

 5 4 2

 5 2 3

 6 3 5

 6 5 7

 7 5 3

 7 3 6

 8 6 7

 8 7 9

 9 7 6

 9 6 8

 1 0 3

 1 3 2

 2 3 5

 2 5 4

 4 5 3

 4 3 2

 3 6 7

 3 7 5

 5 7 6

 5 6 3

 6 8 9

 6 9 7

 7 9 8

 7 8 6

 0 0 3

 0 3 3

 3 3 6

 3 6 6

 6 6 8

 6 8 8

 8 8 9

 8 9 9

 9 9 8

 9 8 8

 8 8 6

 8 6 6

 6 6 3

 6 3 3

 2 1 0

 2 0 3

 3 0 0

 3 0 3

 3 0 1

 3 1 2

 2 1 0

 2 0 3

 3 0 0

 3 0 3

 3 0 1

 3 1 2

 2 4 4

 2 4 2

 4 2 2

 4 2 4

 2 1 1

 2 1 2

 1 2 2

 1 2 1

 2 4 4

 2 4 2

 4 2 2

 4 2 4

 2 1 1

 2 1 2

 1 2 2

 1 2 1

 2 4 4

 2 4 2

 4 2 2

 4 2 4

 2 1 1

 2 1 2

 1 2 2

 1 2 1

 2 4 4

 2 4 2

 4 2 2

 4 2 4

 2 1 1

 2 1 2

 1 2 2

 1 2 1

 2 4 4

 2 4 2

 4 2 2

 4 2 4

 2 1 1

 2 1 2

 1 2 2

 1 2 1

 2 4 4

 2 4 2

 4 2 2

 4 2 4

 2 1 1

 2 1 2

 1 2 2

 1 2 1

 2 4 4

 2 4 2

 4 2 2

 4 2 4

 2 1 1

 2 1 2

 1 2 2

 1 2 1

 2 4 4

 2 4 2

 4 2 2

 4 2 4

 2 1 1

 2 1 2

 1 2 2

 1 2 1

 2 4 4

 2 4 2

 4 2 2

 4 2 4

 2 1 1

 2 1 2

 1 2 2

 1 2 1

 2 4 4

 2 4 2

 4 2 2

 4 2 4

 2 1 1

 2 1 2

 1 2 2

 1 2 1

 2 4 4

 2 4 2

 4 2 2

 4 2 4

 2 1 1

 2 1 2

 1 2 2

 1 2 1

 2 4 4

 2 4 2

 4 2 2

 4 2 4

 2 1 1

 2 1 2

 1 2 2

 1 2 1

