vectors:

 -10.198396 -5.493224 -10.162965

 10.198396 -4.775776 -10.198396

 -10.198396 -5.493224 77.837044

 10.198396 -4.775776 77.837044

 -6.558481 -0.000000 -10.198396

 6.558481 -0.000000 -10.198396

 6.558481 -0.000000 77.837044

 -6.558481 -0.000000 77.837044

 -10.198396 -5.069110 75.391617

 -10.198396 -4.775776 72.946190

 -10.198396 -5.786558 70.500763

 -10.198396 -4.775776 68.055336

 -10.198396 -5.069110 65.609909

 -10.198396 -5.493224 63.164478

 -10.198396 -5.069110 60.719048

 -10.198396 -4.775776 58.273617

 -10.198396 -5.786558 55.828186

 -10.198396 -4.775776 53.382759

 -10.198396 -5.069110 50.937328

 -10.198396 -5.493224 48.491898

 -10.198396 -5.069110 46.046471

 -10.169407 -4.798348 43.601040

 -10.160363 -5.817578 41.155609

 -10.191302 -4.790543 38.706772

 -10.196751 -5.072739 36.263882

 -10.198396 -5.493224 33.819328

 -10.198396 -5.069110 31.373899

 -10.198396 -4.775776 28.928471

 -10.198396 -5.786558 26.483042

 -10.198396 -4.775776 24.037613

 -10.198396 -5.069110 21.592184

 -10.198396 -5.493224 19.146755

 -10.198396 -5.069110 16.701326

 -10.198396 -4.775776 14.255898

 -10.198396 -5.786558 11.810469

 -10.198396 -4.775776 9.365039

 -10.198396 -5.069110 6.919610

 -10.198396 -4.775776 4.474180

 -10.198396 -5.786558 2.028751

 -10.198396 -4.775776 -0.416678

 -10.198396 -5.069110 -2.862108

 -10.198396 -5.493224 -5.307537

 -10.198396 -5.069110 -7.752966

 10.198396 -5.892670 -7.752967

 10.198396 -4.775776 -5.307538

 10.198396 -5.069110 -2.862109

 10.198396 -5.599337 -0.416680

 10.198396 -5.069110 2.028749

 10.198396 -4.775776 4.474177

 10.198396 -5.069110 6.919606

 10.198396 -5.599337 9.365035

 10.198396 -5.069110 11.810464

 10.198396 -4.775776 14.255893

 10.198396 -5.892670 16.701321

 10.198396 -4.775776 19.146749

 10.198396 -5.069110 21.592178

 10.198396 -5.599337 24.037607

 10.198396 -5.069110 26.483036

 10.198396 -4.775776 28.928465

 10.198396 -5.892670 31.373894

 10.198396 -4.775776 33.819321

 10.198396 -5.069110 36.264751

 10.198396 -5.599337 38.710182

 10.198396 -5.069110 41.155609

 10.198396 -4.775776 43.601040

 10.198396 -5.892670 46.046471

 10.198396 -4.775776 48.491898

 10.198396 -5.069110 50.937325

 10.198396 -5.599337 53.382755

 10.198396 -5.069110 55.828186

 10.198396 -4.775776 58.273613

 10.198396 -5.892670 60.719040

 10.198396 -4.775776 63.164471

 10.198396 -5.069110 65.609901

 10.198396 -5.599337 68.055328

 10.198396 -5.069110 70.500755

 10.198396 -4.775776 72.946182

 10.198396 -5.892670 75.391617

 -6.558481 -0.000000 -7.752967

 -6.558481 -0.000000 -5.307538

 -6.558481 -0.443473 -2.862109

 -6.558481 -0.000000 -0.416680

 -6.558481 -0.000000 2.028749

 -6.558481 -0.000000 4.474177

 -6.538436 -0.040480 6.919606

 -6.558481 -0.000000 9.365035

 -6.502581 -0.089205 11.810464

 -5.919758 -1.121436 14.255893

 -5.465567 -1.997466 16.701321

 -5.697740 -1.699800 19.146749

 -6.348808 -0.543862 21.592178

 -6.552705 -0.035114 24.037607

 -6.558481 -0.000000 26.483036

 -6.558481 -0.000000 28.928465

 -6.560024 -0.035715 31.371202

 -6.257791 -1.177260 33.713802

 -5.681510 -2.851876 35.992393

 -5.320828 -3.953050 38.337299

 -5.392607 -2.973387 41.042042

 -5.574510 -2.130414 43.597340

 -5.942580 -1.665899 46.046471

 -6.305928 -0.429658 48.491898

 -6.507078 -0.069481 50.937325

 -6.558481 -0.947339 53.382755

 -6.558481 -2.096943 55.828186

 -6.558481 -2.096943 58.273613

 -6.558481 -0.947342 60.719040

 -6.558481 -0.000000 63.164471

 -6.558481 -0.000000 65.609901

 -6.558481 -0.000000 68.055328

 -6.558481 -0.099418 70.554108

 -6.558481 -1.793914 73.908905

 -6.558481 -0.099415 75.444969

 6.558481 -0.000000 -7.752967

 6.558481 -0.000000 -5.307538

 6.558481 -0.437718 -2.862109

 6.558481 -0.000000 -0.416680

 6.558481 -0.000000 2.028749

 6.558481 -0.000000 4.474177

 6.222790 -0.728425 6.654126

 5.358554 -2.118098 9.085753

 5.570167 -1.552804 11.829785

 6.367580 -0.353336 14.269613

 6.543289 -0.031699 16.702131

 6.521228 -0.082658 19.144855

 6.558481 -0.000000 21.592178

 6.313879 -0.358921 24.006155

 5.634951 -1.214538 26.399635

 5.452281 -1.391041 28.856897

 5.592834 -1.225586 31.330021

 6.098054 -0.625193 33.817455

 5.884697 -0.825363 36.264221

 5.928961 -0.754258 38.710018

 6.253542 -0.392819 41.155590

 6.558481 -0.000000 43.601040

 6.558481 -0.000000 46.046471

 6.558481 -0.000000 48.491898

 6.558481 -0.000000 50.937325

 6.558481 -0.000000 53.382755

 6.558481 -0.000000 55.828186

 6.558481 -1.189844 58.273613

 6.558481 -3.105294 60.719040

 6.558481 -3.493289 63.164471

 6.558481 -1.189840 65.609901

 6.558481 -0.000000 68.055328

 6.558481 -0.000000 70.500755

 6.558481 -0.136918 72.946182

 6.558481 -0.000000 75.391617

 -4.374720 -0.000000 -10.198396

 -2.188559 -0.000000 -10.198396

 -0.002399 -0.000000 -10.198396

 2.183761 -0.000000 -10.198396

 4.369921 -0.000000 -10.198396

 4.369921 -0.000000 77.837044

 2.183760 -0.000000 77.837044

 -0.002400 -0.000000 77.837044

 -2.188560 -0.000000 77.837044

 -4.374720 -0.000000 77.837044

 4.369921 -0.000000 -7.752967

 2.183760 -0.000000 -7.752967

 -0.002400 -0.000000 -7.752967

 -2.188560 -0.000000 -7.752967

 -4.374720 -0.000000 -7.752967

 4.369921 -0.176440 -5.307538

 2.183760 -0.000000 -5.307538

 -0.002400 -0.000000 -5.307538

 -2.188560 -0.000000 -5.307538

 -4.374720 -0.176440 -5.307538

 4.369921 -3.183727 -2.862109

 2.183760 -0.440592 -2.862109

 -0.002400 -0.000000 -2.862109

 -2.188560 -0.440592 -2.862109

 -4.374720 -3.183727 -2.862109

 4.369921 -0.176440 -0.416680

 2.183760 -0.000000 -0.416680

 -0.002400 -0.000000 -0.416680

 -2.188560 -0.176440 -0.416680

 -4.374720 -0.176440 -0.416680

 4.369921 -0.000000 2.028749

 2.183890 -0.016520 2.028749

 -0.000796 -0.490020 2.028749

 -2.188560 -3.183727 2.028749

 -4.374720 -0.440592 2.028749

 4.369421 -0.081611 4.473734

 2.185177 -0.448728 4.473995

 0.004724 -0.311273 4.473383

 -2.188530 -0.467558 4.474165

 -4.374720 -0.105516 4.474177

 4.330121 -1.235803 6.770046

 2.184489 -0.587249 6.906567

 0.014498 -0.676442 6.911735

 -2.188333 -0.008740 6.919512

 -4.374720 -0.000000 6.919606

 4.018905 -1.253224 8.212423

 2.187954 -1.005100 9.317638

 0.001375 -0.434782 9.354665

 -2.190913 -0.149830 9.363995

 -4.375345 -0.031436 9.365024

 4.161890 -0.956939 11.809451

 2.181983 -0.381606 11.805379

 -0.002506 -0.115129 11.803714

 -2.190710 -0.410633 11.795612

 -4.371235 -0.054313 11.809647

 4.356939 -0.023844 14.257740

 2.183774 -0.037267 14.252015

 -0.001980 -0.615063 14.192269

 -2.187931 -0.391830 14.217896

 -4.205729 -0.304207 14.255855

 4.369921 -0.000000 16.701321

 2.184441 -0.335900 16.684631

 -0.000431 -1.056880 16.644129

 -2.185970 -0.379910 16.686342

 -3.987178 -0.748011 16.701292

 4.371346 -0.135662 19.142315

 2.186296 -0.578971 19.129627

 0.007886 -1.044069 19.123598

 -2.187210 -0.299795 19.145910

 -4.030319 -0.768561 19.146749

 4.335495 -0.382333 21.566233

 2.161847 -0.661803 21.564486

 0.002864 -0.774013 21.579012

 -2.186688 -0.095774 21.592121

 -4.267320 -0.358033 21.592178

 4.214561 -0.602477 23.975636

 2.111542 -0.671292 23.990396

 -0.018712 -0.510370 24.024130

 -2.188622 -0.004019 24.037550

 -4.368093 -0.042020 24.037607

 3.945685 -0.897633 26.392982

 2.069559 -0.736724 26.411928

 -0.017692 -0.166435 26.474064

 -2.188560 -0.000000 26.483036

 -4.374720 -0.000000 26.483036

 3.885694 -0.778046 28.870071

 2.133807 -0.155559 28.913425

 -0.003386 -0.043487 28.928009

 -2.188570 -0.066425 28.928473

 -4.374722 -0.016038 28.928467

 3.998923 -0.581503 31.342670

 2.175941 -0.081114 31.372503

 0.003517 -0.481870 31.368294

 -2.183578 -0.772080 31.358969

 -4.376033 -0.492016 31.356806

 4.262552 -0.173853 33.818272

 2.152480 -0.565048 33.805973

 0.049483 -1.449363 33.757847

 -2.080597 -1.752856 33.713425

 -4.180914 -1.684874 33.687305

 4.116599 -0.413723 36.264149

 2.108560 -0.801222 36.248287

 0.070056 -1.859264 36.182617

 -1.948876 -1.608325 36.103832

 -3.883286 -1.950937 36.030460

 4.094388 -0.440211 38.710026

 2.083639 -0.516157 38.709278

 0.047796 -1.425964 38.679195

 -1.880861 -1.875111 38.545406

 -3.679585 -2.724843 38.417259

 4.213476 -0.257360 41.155563

 2.123065 -0.272780 41.155586

 0.015979 -0.551730 41.154610

 -1.991702 -1.505467 41.129765

 -3.744926 -2.561779 41.066730

 4.363130 -0.011926 43.601040

 2.177058 -0.025107 43.601040

 -0.001504 -0.014798 43.601040

 -2.070356 -0.547793 43.601040

 -3.800955 -1.695107 43.598492

 4.369921 -0.000000 46.046471

 2.183760 -0.000000 46.046471

 -0.002400 -0.000000 46.046471

 -2.131009 -0.586478 46.046471

 -3.999615 -2.724843 46.046471

 4.369921 -0.000000 48.491898

 2.183760 -0.000000 48.491898

 -0.002400 -0.000000 48.491898

 -2.176917 -0.027410 48.491898

 -4.226376 -0.343577 48.491898

 4.369921 -0.000000 50.937325

 2.183760 -0.000000 50.937325

 -0.002400 -0.000000 50.937325

 -2.188560 -0.000000 50.937325

 -4.352906 -0.029484 50.937325

 4.369921 -0.000000 53.382755

 2.183760 -0.000000 53.382755

 -0.002400 -0.000000 53.382755

 -2.188560 -0.416821 53.382755

 -4.374720 -0.947339 53.382755

 4.369921 -0.000000 55.828186

 2.183760 -0.000000 55.828186

 -0.002400 -0.014294 55.828186

 -2.188560 -1.124619 55.828186

 -4.374720 -2.096943 55.828186

 4.369921 -1.189813 58.273613

 2.183760 -0.523507 58.273613

 -0.002400 -0.014294 58.273613

 -2.188560 -1.124619 58.273613

 -4.374720 -2.096943 58.273613

 4.369921 -2.872349 60.719040

 2.183760 -1.412464 60.719040

 -0.002400 -0.017952 60.719040

 -2.188560 -0.416822 60.719040

 -4.374720 -0.947342 60.719040

 4.369921 -5.835524 63.164471

 2.183760 -1.519870 63.164471

 -0.002400 -0.017952 63.164471

 -2.188560 -0.000000 63.164471

 -4.374720 -0.000000 63.164471

 4.369921 -1.189810 65.609901

 2.183760 -0.523506 65.609901

 -0.002400 -0.000000 65.609901

 -2.188560 -0.000000 65.609901

 -4.374720 -0.000000 65.609901

 4.369921 -0.000000 68.055328

 2.183760 -0.000000 68.055328

 -0.002400 -0.000000 68.055328

 -2.188560 -0.000000 68.055328

 -4.374720 -0.000000 68.055328

 4.369921 -0.055191 70.500755

 2.183760 -0.000000 70.500755

 -0.002400 -0.000000 70.500755

 -2.188560 -0.000000 70.500755

 -4.374720 -0.000000 70.500755

 4.369921 -0.995866 72.946182

 2.183760 -0.137817 72.946182

 -0.002400 -0.000000 72.946182

 -2.188560 -0.000000 72.946182

 -4.374720 -0.249881 73.080284

 4.369921 -0.055189 75.391617

 2.183760 -0.000000 75.391617

 -0.002400 -0.000000 75.391617

 -2.188560 -0.000000 75.391617

 -4.374720 -0.000000 75.391617

 -7.468460 -1.193944 77.837044

 -8.378438 -2.387888 77.837044

 -9.288417 -3.581832 77.837044

 -9.288417 -3.581832 -10.198396

 -8.378438 -2.387888 -10.198396

 -7.468459 -1.193944 -10.198396

 -7.468460 -1.193944 -7.752967

 -8.378438 -2.387888 -7.752967

 -9.288417 -3.581832 -7.752967

 -7.468460 -1.193944 -5.307538

 -8.378438 -2.387888 -5.307538

 -9.288417 -3.581832 -5.307537

 -7.468460 -1.193944 -2.862109

 -8.378438 -2.387888 -2.862108

 -9.288417 -3.581832 -2.862108

 -7.468460 -1.193944 -0.416680

 -6.951198 -3.585191 -0.416679

 -9.288417 -3.581832 -0.416679

 -7.468460 -1.193944 2.028749

 -8.378438 -2.387888 2.028750

 -9.288417 -3.581832 2.028750

 -7.468460 -1.193944 4.474178

 -8.378438 -2.387888 4.474179

 -9.288417 -3.581832 4.474179

 -7.468460 -1.193944 6.919607

 -8.378438 -2.387888 6.919608

 -9.288417 -3.581832 6.919609

 -7.468460 -1.193944 9.365036

 -8.378438 -2.387888 9.365037

 -9.288417 -3.581832 9.365038

 -7.433979 -1.246450 11.810465

 -8.376259 -2.391030 11.810466

 -9.288417 -3.581832 11.810467

 -7.056136 -1.906539 14.255894

 -8.305458 -2.508296 14.255895

 -9.288417 -3.581832 14.255896

 -6.734724 -2.489235 16.701323

 -8.223406 -2.644570 16.701324

 -9.288417 -3.581832 16.701324

 -6.949416 -2.155646 19.146751

 -8.307328 -2.504118 19.146753

 -9.288417 -3.581832 19.146755

 -7.387542 -1.393898 21.592180

 -8.378432 -2.387901 21.592182

 -9.288417 -3.581832 21.592182

 -7.467976 -1.197014 24.037609

 -5.701077 -5.286815 24.037611

 -9.288417 -3.581832 24.037613

 -7.468460 -1.193944 26.483038

 -8.378438 -2.387888 26.483040

 -9.288417 -3.581832 26.483040

 -7.468460 -1.193944 28.928467

 -8.378438 -2.387888 28.928469

 -9.288417 -3.581832 28.928471

 -7.468683 -1.196185 31.373507

 -8.378438 -2.387888 31.373898

 -9.288417 -3.581832 31.373898

 -7.427236 -1.533088 33.766335

 -8.372186 -2.429610 33.810562

 -9.288417 -3.581832 33.819328

 -7.088620 -2.862903 36.021709

 -8.212516 -2.992152 36.136383

 -9.245865 -3.698218 36.236809

 -6.672413 -3.805718 38.396385

 -7.911180 -3.528061 38.538208

 -9.134635 -3.859501 38.663616

 -6.551608 -3.184751 41.074703

 -7.765343 -3.319971 41.117844

 -9.058517 -3.814843 41.150291

 -6.616735 -2.727420 43.599041

 -7.867189 -3.124032 43.600971

 -9.125461 -3.743440 43.601040

 -6.969657 -2.106105 46.046471

 -8.128963 -2.784714 46.046471

 -9.242068 -3.638473 46.046471

 -7.260683 -1.522709 48.491898

 -8.273513 -2.537960 48.491898

 -9.267776 -3.609817 48.491898

 -7.423275 -1.255018 50.937325

 -8.359187 -2.413908 50.937325

 -9.288246 -3.582063 50.937325

 -7.468460 -1.858982 53.382755

 -8.378438 -2.527194 53.382755

 -9.288417 -3.581832 53.382759

 -7.468460 -2.765682 55.828186

 -8.378438 -2.968981 55.828186

 -9.288417 -3.584289 55.828186

 -7.468460 -2.765682 58.273613

 -8.378438 -2.968981 58.273613

 -9.288417 -3.584289 58.273613

 -7.468460 -1.858984 60.719040

 -8.378438 -2.527194 60.719044

 -9.288417 -3.581832 60.719048

 -7.468460 -1.193944 63.164474

 -8.378438 -2.387888 63.164474

 -9.288417 -3.581832 63.164474

 -7.468460 -1.193944 65.609901

 -8.378438 -2.387888 65.609901

 -9.288417 -3.581832 65.609909

 -7.468460 -1.193944 68.055328

 -8.378438 -2.387888 68.055328

 -9.288417 -3.581832 68.055328

 -7.468460 -1.193944 70.500755

 -8.378438 -2.387888 70.500755

 -9.288417 -3.581832 70.500763

 -7.468460 -2.020580 73.389809

 -8.378438 -2.387888 72.946182

 -9.288417 -3.581832 72.946182

 -7.468460 -1.193944 75.391617

 -8.378438 -2.387888 75.391617

 -9.288417 -3.581832 75.391617

 7.468460 -1.193944 -10.198396

 8.378438 -2.387888 -10.198396

 9.288417 -3.581832 -10.198396

 9.288417 -3.581832 77.837044

 8.378438 -2.387888 77.837044

 7.468459 -1.193944 77.837044

 9.288417 -3.581832 -7.752967

 8.378438 -2.387888 -7.752967

 7.468459 -1.193944 -7.752967

 9.288417 -3.581832 -5.307538

 8.378438 -2.387888 -5.307538

 7.468459 -1.193944 -5.307538

 9.288417 -3.581832 -2.862109

 8.378438 -2.387888 -2.862109

 7.468459 -1.193944 -2.862109

 9.288417 -3.581832 -0.416680

 8.378438 -2.387888 -0.416680

 7.468459 -1.193944 -0.416680

 9.288417 -3.581832 2.028749

 8.378438 -2.387888 2.028749

 7.468459 -1.193944 2.028749

 9.276848 -3.590650 4.474177

 8.254553 -2.482310 4.474177

 7.468459 -1.193944 4.474177

 9.258911 -3.604320 6.919606

 8.320664 -2.436494 6.912932

 7.006587 -1.780415 6.752225

 9.256089 -3.618741 9.362392

 7.792279 -2.924032 9.319659

 6.513015 -2.452747 9.197378

 9.286053 -3.584031 11.810608

 8.205311 -2.544110 11.818078

 6.603516 -2.115652 11.835538

 9.288417 -3.581832 14.255893

 8.363409 -2.401863 14.256808

 7.292897 -1.385779 14.263768

 9.288417 -3.581832 16.701321

 8.378438 -2.387888 16.701321

 7.464755 -1.201991 16.701267

 9.288417 -3.581832 19.146749

 8.378438 -2.387888 19.146749

 7.446630 -1.242378 19.145639

 9.288417 -3.581832 21.592178

 6.579297 -4.015060 21.592178

 7.463758 -1.197527 21.592178

 9.253448 -3.608484 24.037607

 8.265867 -2.474437 24.037045

 7.320063 -1.333593 24.030382

 9.238791 -3.624729 26.479298

 8.060135 -2.755475 26.441786

 6.895209 -1.948940 26.412592

 9.215783 -3.652336 28.921812

 7.908347 -2.964676 28.870329

 6.727888 -2.175709 28.857048

 9.278571 -3.591209 31.373608

 8.117537 -2.706476 31.360523

 6.814070 -2.087584 31.331781

 9.282104 -3.588197 33.819321

 8.249910 -2.522609 33.819321

 7.104595 -1.652466 33.818710

 9.288417 -3.581832 36.264751

 8.330384 -2.466650 36.264751

 7.201968 -1.606597 36.264622

 9.288417 -3.581832 38.710182

 8.352605 -2.432481 38.710182

 7.274628 -1.537425 38.710163

 9.288417 -3.581832 41.155609

 8.311856 -2.563520 41.155609

 7.437731 -1.263632 41.155609

 8.734798 -5.042187 43.601040

 7.177011 -5.557058 43.601040

 6.914841 -2.654298 43.601040

 9.288417 -3.581832 46.046471

 8.311856 -2.563520 46.046471

 7.468459 -1.193944 46.046471

 9.288417 -3.581832 48.491898

 8.378438 -2.387888 48.491898

 7.468459 -1.193944 48.491898

 9.288417 -3.581832 50.937325

 8.378438 -2.387888 50.937325

 7.468459 -1.193944 50.937325

 9.288417 -3.581832 53.382755

 8.378438 -2.387888 53.382755

 7.468459 -1.193944 53.382755

 9.288417 -3.581832 55.828186

 8.378438 -2.387888 55.828186

 7.468459 -1.193944 55.828186

 9.288417 -3.581832 58.273613

 8.378438 -2.562850 58.273613

 7.468459 -2.034293 58.273613

 9.288417 -3.584918 60.719040

 8.378438 -3.244162 60.719040

 7.468459 -3.493779 60.719040

 9.288417 -3.584918 63.164471

 8.378438 -3.244162 63.164471

 7.468459 -3.493779 63.164471

 9.288417 -3.581832 65.609901

 8.378438 -2.562849 65.609901

 7.468459 -2.034290 65.609901

 9.288417 -3.581832 68.055328

 8.378438 -2.387888 68.055328

 7.468459 -1.193944 68.055328

 9.288417 -3.581832 70.500755

 8.378438 -2.387888 70.500755

 7.468459 -1.193944 70.500755

 9.288417 -3.581832 72.946182

 8.378438 -2.387888 72.946182

 7.468459 -1.193944 72.946182

 9.288417 -3.581832 75.391617

 8.378438 -2.387888 75.391617

 7.468459 -1.193944 75.391617

tris:

 552 77 3

 552 3 447

 441 112 7

 441 7 333

 328 147 6

 328 6 153

 152 5 113

 152 113 158

 158 113 114

 158 114 163

 163 114 115

 163 115 168

 168 115 116

 168 116 173

 173 116 117

 173 117 178

 178 117 118

 178 118 183

 183 118 119

 183 119 188

 188 119 120

 188 120 193

 193 120 121

 193 121 198

 198 121 122

 198 122 203

 203 122 123

 203 123 208

 208 123 124

 208 124 213

 213 124 125

 213 125 218

 218 125 126

 218 126 223

 223 126 127

 223 127 228

 228 127 128

 228 128 233

 233 128 129

 233 129 238

 238 129 130

 238 130 243

 243 130 131

 243 131 248

 248 131 132

 248 132 253

 253 132 133

 253 133 258

 258 133 134

 258 134 263

 263 134 135

 263 135 268

 268 135 136

 268 136 273

 273 136 137

 273 137 278

 278 137 138

 278 138 283

 283 138 139

 283 139 288

 288 139 140

 288 140 293

 293 140 141

 293 141 298

 298 141 142

 298 142 303

 303 142 143

 303 143 308

 308 143 144

 308 144 313

 313 144 145

 313 145 318

 318 145 146

 318 146 323

 323 146 147

 323 147 328

 338 4 78

 338 78 339

 339 78 79

 339 79 342

 342 79 80

 342 80 345

 345 80 81

 345 81 348

 348 81 82

 348 82 351

 351 82 83

 351 83 354

 354 83 84

 354 84 357

 357 84 85

 357 85 360

 360 85 86

 360 86 363

 363 86 87

 363 87 366

 366 87 88

 366 88 369

 369 88 89

 369 89 372

 372 89 90

 372 90 375

 375 90 91

 375 91 378

 378 91 92

 378 92 381

 381 92 93

 381 93 384

 384 93 94

 384 94 387

 387 94 95

 387 95 390

 390 95 96

 390 96 393

 393 96 97

 393 97 396

 396 97 98

 396 98 399

 399 98 99

 399 99 402

 402 99 100

 402 100 405

 405 100 101

 405 101 408

 408 101 102

 408 102 411

 411 102 103

 411 103 414

 414 103 104

 414 104 417

 417 104 105

 417 105 420

 420 105 106

 420 106 423

 423 106 107

 423 107 426

 426 107 108

 426 108 429

 429 108 109

 429 109 432

 432 109 110

 432 110 435

 435 110 111

 435 111 438

 438 111 112

 438 112 441

 446 1 43

 446 43 450

 450 43 44

 450 44 453

 453 44 45

 453 45 456

 456 45 46

 456 46 459

 459 46 47

 459 47 462

 462 47 48

 462 48 465

 465 48 49

 465 49 468

 468 49 50

 468 50 471

 471 50 51

 471 51 474

 474 51 52

 474 52 477

 477 52 53

 477 53 480

 480 53 54

 480 54 483

 483 54 55

 483 55 486

 486 55 56

 486 56 489

 489 56 57

 489 57 492

 492 57 58

 492 58 495

 495 58 59

 495 59 498

 498 59 60

 498 60 501

 501 60 61

 501 61 504

 504 61 62

 504 62 507

 507 62 63

 507 63 510

 510 63 64

 510 64 513

 513 64 65

 513 65 516

 516 65 66

 516 66 519

 519 66 67

 519 67 522

 522 67 68

 522 68 525

 525 68 69

 525 69 528

 528 69 70

 528 70 531

 531 70 71

 531 71 534

 534 71 72

 534 72 537

 537 72 73

 537 73 540

 540 73 74

 540 74 543

 543 74 75

 543 75 546

 546 75 76

 546 76 549

 549 76 77

 549 77 552

 111 327 332

 111 332 112

 327 326 331

 327 331 332

 326 325 330

 326 330 331

 325 324 329

 325 329 330

 324 323 328

 324 328 329

 110 322 327

 110 327 111

 322 321 326

 322 326 327

 321 320 325

 321 325 326

 320 319 324

 320 324 325

 319 318 323

 319 323 324

 109 317 322

 109 322 110

 317 316 321

 317 321 322

 316 315 320

 316 320 321

 315 314 319

 315 319 320

 314 313 318

 314 318 319

 108 312 317

 108 317 109

 312 311 316

 312 316 317

 311 310 315

 311 315 316

 310 309 314

 310 314 315

 309 308 313

 309 313 314

 107 307 312

 107 312 108

 307 306 311

 307 311 312

 306 305 310

 306 310 311

 305 304 309

 305 309 310

 304 303 308

 304 308 309

 106 302 307

 106 307 107

 302 301 306

 302 306 307

 301 300 305

 301 305 306

 300 299 304

 300 304 305

 299 298 303

 299 303 304

 105 297 302

 105 302 106

 297 296 301

 297 301 302

 296 295 300

 296 300 301

 295 294 299

 295 299 300

 294 293 298

 294 298 299

 104 292 297

 104 297 105

 292 291 296

 292 296 297

 291 290 295

 291 295 296

 290 289 294

 290 294 295

 289 288 293

 289 293 294

 103 287 292

 103 292 104

 287 286 291

 287 291 292

 286 285 290

 286 290 291

 285 284 289

 285 289 290

 284 283 288

 284 288 289

 102 282 287

 102 287 103

 282 281 286

 282 286 287

 281 280 285

 281 285 286

 280 279 284

 280 284 285

 279 278 283

 279 283 284

 101 277 282

 101 282 102

 277 276 281

 277 281 282

 276 275 280

 276 280 281

 275 274 279

 275 279 280

 274 273 278

 274 278 279

 100 272 277

 100 277 101

 272 271 276

 272 276 277

 271 270 275

 271 275 276

 270 269 274

 270 274 275

 269 268 273

 269 273 274

 99 267 272

 99 272 100

 267 266 271

 267 271 272

 266 265 270

 266 270 271

 265 264 269

 265 269 270

 264 263 268

 264 268 269

 98 262 267

 98 267 99

 262 261 266

 262 266 267

 261 260 265

 261 265 266

 260 259 264

 260 264 265

 259 258 263

 259 263 264

 97 257 262

 97 262 98

 257 256 261

 257 261 262

 256 255 260

 256 260 261

 255 254 259

 255 259 260

 254 253 258

 254 258 259

 96 252 257

 96 257 97

 252 251 256

 252 256 257

 251 250 255

 251 255 256

 250 249 254

 250 254 255

 249 248 253

 249 253 254

 95 247 252

 95 252 96

 247 246 251

 247 251 252

 246 245 250

 246 250 251

 245 244 249

 245 249 250

 244 243 248

 244 248 249

 94 242 247

 94 247 95

 242 241 246

 242 246 247

 241 240 245

 241 245 246

 240 239 244

 240 244 245

 239 238 243

 239 243 244

 93 237 242

 93 242 94

 237 236 241

 237 241 242

 236 235 240

 236 240 241

 235 234 239

 235 239 240

 234 233 238

 234 238 239

 92 232 237

 92 237 93

 232 231 236

 232 236 237

 231 230 235

 231 235 236

 230 229 234

 230 234 235

 229 228 233

 229 233 234

 91 227 232

 91 232 92

 227 226 231

 227 231 232

 226 225 230

 226 230 231

 225 224 229

 225 229 230

 224 223 228

 224 228 229

 90 222 227

 90 227 91

 222 221 226

 222 226 227

 221 220 225

 221 225 226

 220 219 224

 220 224 225

 219 218 223

 219 223 224

 89 217 222

 89 222 90

 217 216 221

 217 221 222

 216 215 220

 216 220 221

 215 214 219

 215 219 220

 214 213 218

 214 218 219

 88 212 217

 88 217 89

 212 211 216

 212 216 217

 211 210 215

 211 215 216

 210 209 214

 210 214 215

 209 208 213

 209 213 214

 87 207 212

 87 212 88

 207 206 211

 207 211 212

 206 205 210

 206 210 211

 205 204 209

 205 209 210

 204 203 208

 204 208 209

 86 202 207

 86 207 87

 202 201 206

 202 206 207

 201 200 205

 201 205 206

 200 199 204

 200 204 205

 199 198 203

 199 203 204

 85 197 202

 85 202 86

 197 196 201

 197 201 202

 196 195 200

 196 200 201

 195 194 199

 195 199 200

 194 193 198

 194 198 199

 84 192 197

 84 197 85

 192 191 196

 192 196 197

 191 190 195

 191 195 196

 190 189 194

 190 194 195

 189 188 193

 189 193 194

 83 187 192

 83 192 84

 187 186 191

 187 191 192

 186 185 190

 186 190 191

 185 184 189

 185 189 190

 184 183 188

 184 188 189

 82 182 187

 82 187 83

 182 181 186

 182 186 187

 181 180 185

 181 185 186

 180 179 184

 180 184 185

 179 178 183

 179 183 184

 81 177 182

 81 182 82

 177 176 181

 177 181 182

 176 175 180

 176 180 181

 175 174 179

 175 179 180

 174 173 178

 174 178 179

 80 172 177

 80 177 81

 172 171 176

 172 176 177

 171 170 175

 171 175 176

 170 169 174

 170 174 175

 169 168 173

 169 173 174

 79 167 172

 79 172 80

 167 166 171

 167 171 172

 166 165 170

 166 170 171

 165 164 169

 165 169 170

 164 163 168

 164 168 169

 78 162 167

 78 167 79

 162 161 166

 162 166 167

 161 160 165

 161 165 166

 160 159 164

 160 164 165

 159 158 163

 159 163 164

 4 148 162

 4 162 78

 148 149 161

 148 161 162

 149 150 160

 149 160 161

 150 151 159

 150 159 160

 151 152 158

 151 158 159

 112 332 157

 112 157 7

 332 331 156

 332 156 157

 331 330 155

 331 155 156

 330 329 154

 330 154 155

 329 328 153

 329 153 154

 9 440 443

 9 443 8

 440 439 442

 440 442 443

 439 438 441

 439 441 442

 10 437 440

 10 440 9

 437 436 439

 437 439 440

 436 435 438

 436 438 439

 11 434 437

 11 437 10

 434 433 436

 434 436 437

 433 432 435

 433 435 436

 12 431 434

 12 434 11

 431 430 433

 431 433 434

 430 429 432

 430 432 433

 13 428 431

 13 431 12

 428 427 430

 428 430 431

 427 426 429

 427 429 430

 14 425 428

 14 428 13

 425 424 427

 425 427 428

 424 423 426

 424 426 427

 15 422 425

 15 425 14

 422 421 424

 422 424 425

 421 420 423

 421 423 424

 16 419 422

 16 422 15

 419 418 421

 419 421 422

 418 417 420

 418 420 421

 17 416 419

 17 419 16

 416 415 418

 416 418 419

 415 414 417

 415 417 418

 18 413 416

 18 416 17

 413 412 415

 413 415 416

 412 411 414

 412 414 415

 19 410 413

 19 413 18

 410 409 412

 410 412 413

 409 408 411

 409 411 412

 20 407 410

 20 410 19

 407 406 409

 407 409 410

 406 405 408

 406 408 409

 21 404 407

 21 407 20

 404 403 406

 404 406 407

 403 402 405

 403 405 406

 22 401 404

 22 404 21

 401 400 403

 401 403 404

 400 399 402

 400 402 403

 23 398 401

 23 401 22

 398 397 400

 398 400 401

 397 396 399

 397 399 400

 24 395 398

 24 398 23

 395 394 397

 395 397 398

 394 393 396

 394 396 397

 25 392 395

 25 395 24

 392 391 394

 392 394 395

 391 390 393

 391 393 394

 26 389 392

 26 392 25

 389 388 391

 389 391 392

 388 387 390

 388 390 391

 27 386 389

 27 389 26

 386 385 388

 386 388 389

 385 384 387

 385 387 388

 28 383 386

 28 386 27

 383 382 385

 383 385 386

 382 381 384

 382 384 385

 29 380 383

 29 383 28

 380 379 382

 380 382 383

 379 378 381

 379 381 382

 30 377 380

 30 380 29

 377 376 379

 377 379 380

 376 375 378

 376 378 379

 31 374 377

 31 377 30

 374 373 376

 374 376 377

 373 372 375

 373 375 376

 32 371 374

 32 374 31

 371 370 373

 371 373 374

 370 369 372

 370 372 373

 33 368 371

 33 371 32

 368 367 370

 368 370 371

 367 366 369

 367 369 370

 34 365 368

 34 368 33

 365 364 367

 365 367 368

 364 363 366

 364 366 367

 35 362 365

 35 365 34

 362 361 364

 362 364 365

 361 360 363

 361 363 364

 36 359 362

 36 362 35

 359 358 361

 359 361 362

 358 357 360

 358 360 361

 37 356 359

 37 359 36

 356 355 358

 356 358 359

 355 354 357

 355 357 358

 38 353 356

 38 356 37

 353 352 355

 353 355 356

 352 351 354

 352 354 355

 39 350 353

 39 353 38

 350 349 352

 350 352 353

 349 348 351

 349 351 352

 40 347 350

 40 350 39

 347 346 349

 347 349 350

 346 345 348

 346 348 349

 41 344 347

 41 347 40

 344 343 346

 344 346 347

 343 342 345

 343 345 346

 42 341 344

 42 344 41

 341 340 343

 341 343 344

 340 339 342

 340 342 343

 0 336 341

 0 341 42

 336 337 340

 336 340 341

 337 338 339

 337 339 340

 8 443 335

 8 335 2

 443 442 334

 443 334 335

 442 441 333

 442 333 334

 146 551 554

 146 554 147

 551 550 553

 551 553 554

 550 549 552

 550 552 553

 145 548 551

 145 551 146

 548 547 550

 548 550 551

 547 546 549

 547 549 550

 144 545 548

 144 548 145

 545 544 547

 545 547 548

 544 543 546

 544 546 547

 143 542 545

 143 545 144

 542 541 544

 542 544 545

 541 540 543

 541 543 544

 142 539 542

 142 542 143

 539 538 541

 539 541 542

 538 537 540

 538 540 541

 141 536 539

 141 539 142

 536 535 538

 536 538 539

 535 534 537

 535 537 538

 140 533 536

 140 536 141

 533 532 535

 533 535 536

 532 531 534

 532 534 535

 139 530 533

 139 533 140

 530 529 532

 530 532 533

 529 528 531

 529 531 532

 138 527 530

 138 530 139

 527 526 529

 527 529 530

 526 525 528

 526 528 529

 137 524 527

 137 527 138

 524 523 526

 524 526 527

 523 522 525

 523 525 526

 136 521 524

 136 524 137

 521 520 523

 521 523 524

 520 519 522

 520 522 523

 135 518 521

 135 521 136

 518 517 520

 518 520 521

 517 516 519

 517 519 520

 134 515 518

 134 518 135

 515 514 517

 515 517 518

 514 513 516

 514 516 517

 133 512 515

 133 515 134

 512 511 514

 512 514 515

 511 510 513

 511 513 514

 132 509 512

 132 512 133

 509 508 511

 509 511 512

 508 507 510

 508 510 511

 131 506 509

 131 509 132

 506 505 508

 506 508 509

 505 504 507

 505 507 508

 130 503 506

 130 506 131

 503 502 505

 503 505 506

 502 501 504

 502 504 505

 129 500 503

 129 503 130

 500 499 502

 500 502 503

 499 498 501

 499 501 502

 128 497 500

 128 500 129

 497 496 499

 497 499 500

 496 495 498

 496 498 499

 127 494 497

 127 497 128

 494 493 496

 494 496 497

 493 492 495

 493 495 496

 126 491 494

 126 494 127

 491 490 493

 491 493 494

 490 489 492

 490 492 493

 125 488 491

 125 491 126

 488 487 490

 488 490 491

 487 486 489

 487 489 490

 124 485 488

 124 488 125

 485 484 487

 485 487 488

 484 483 486

 484 486 487

 123 482 485

 123 485 124

 482 481 484

 482 484 485

 481 480 483

 481 483 484

 122 479 482

 122 482 123

 479 478 481

 479 481 482

 478 477 480

 478 480 481

 121 476 479

 121 479 122

 476 475 478

 476 478 479

 475 474 477

 475 477 478

 120 473 476

 120 476 121

 473 472 475

 473 475 476

 472 471 474

 472 474 475

 119 470 473

 119 473 120

 470 469 472

 470 472 473

 469 468 471

 469 471 472

 118 467 470

 118 470 119

 467 466 469

 467 469 470

 466 465 468

 466 468 469

 117 464 467

 117 467 118

 464 463 466

 464 466 467

 463 462 465

 463 465 466

 116 461 464

 116 464 117

 461 460 463

 461 463 464

 460 459 462

 460 462 463

 115 458 461

 115 461 116

 458 457 460

 458 460 461

 457 456 459

 457 459 460

 114 455 458

 114 458 115

 455 454 457

 455 457 458

 454 453 456

 454 456 457

 113 452 455

 113 455 114

 452 451 454

 452 454 455

 451 450 453

 451 453 454

 5 444 452

 5 452 113

 444 445 451

 444 451 452

 445 446 450

 445 450 451

 147 554 449

 147 449 6

 554 553 448

 554 448 449

 553 552 447

 553 447 448

vector2s:

 0.000000 0.000000

 1.000000 0.000000

 1.000000 1.000000

 0.000000 1.000000

uv:

 0 1 2

 0 2 3

 0 1 2

 0 2 3

 0 1 2

 0 2 3

 0 1 2

 0 2 3

 0 1 2

 0 2 3

 0 1 2

 0 2 3

 0 1 2

 0 2 3

 0 1 2

 0 2 3

 0 1 2

 0 2 3

 0 1 2

 0 2 3

 0 1 2

 0 2 3

 0 1 2

 0 2 3

 0 1 2

 0 2 3

 0 1 2

 0 2 3

 0 1 2

 0 2 3

 0 1 2

 0 2 3

 0 1 2

 0 2 3

 0 1 2

 0 2 3

 0 1 2

 0 2 3

 0 1 2

 0 2 3

 0 1 2

 0 2 3

 0 1 2

 0 2 3

 0 1 2

 0 2 3

 0 1 2

 0 2 3

 0 1 2

 0 2 3

 0 1 2

 0 2 3

 0 1 2

 0 2 3

 0 1 2

 0 2 3

 0 1 2

 0 2 3

 0 1 2

 0 2 3

 0 1 2

 0 2 3

 0 1 2

 0 2 3

 0 1 2

 0 2 3

 0 1 2

 0 2 3

 0 1 2

 0 2 3

 0 1 2

 0 2 3

 0 1 2

 0 2 3

 0 1 2

 0 2 3

 0 1 2

 0 2 3

 0 1 2

 0 2 3

 0 1 2

 0 2 3

 0 1 2

 0 2 3

 0 1 2

 0 2 3

 0 1 2

 0 2 3

 0 1 2

 0 2 3

 0 1 2

 0 2 3

 0 1 2

 0 2 3

 0 1 2

 0 2 3

 0 1 2

 0 2 3

 0 1 2

 0 2 3

 0 1 2

 0 2 3

 0 1 2

 0 2 3

 0 1 2

 0 2 3

 0 1 2

 0 2 3

 0 1 2

 0 2 3

 0 1 2

 0 2 3

 0 1 2

 0 2 3

 0 1 2

 0 2 3

 0 1 2

 0 2 3

 0 1 2

 0 2 3

 0 1 2

 0 2 3

 0 1 2

 0 2 3

 0 1 2

 0 2 3

 0 1 2

 0 2 3

 0 1 2

 0 2 3

 0 1 2

 0 2 3

 0 1 2

 0 2 3

 0 1 2

 0 2 3

 0 1 2

 0 2 3

 0 1 2

 0 2 3

 0 1 2

 0 2 3

 0 1 2

 0 2 3

 0 1 2

 0 2 3

 0 1 2

 0 2 3

 0 1 2

 0 2 3

 0 1 2

 0 2 3

 0 1 2

 0 2 3

 0 1 2

 0 2 3

 0 1 2

 0 2 3

 0 1 2

 0 2 3

 0 1 2

 0 2 3

 0 1 2

 0 2 3

 0 1 2

 0 2 3

 0 1 2

 0 2 3

 0 1 2

 0 2 3

 0 1 2

 0 2 3

 0 1 2

 0 2 3

 0 1 2

 0 2 3

 0 1 2

 0 2 3

 0 1 2

 0 2 3

 0 1 2

 0 2 3

 0 1 2

 0 2 3

 0 1 2

 0 2 3

 0 1 2

 0 2 3

 0 1 2

 0 2 3

 0 1 2

 0 2 3

 0 1 2

 0 2 3

 0 1 2

 0 2 3

 0 1 2

 0 2 3

 0 1 2

 0 2 3

 0 1 2

 0 2 3

 0 1 2

 0 2 3

 0 1 2

 0 2 3

 0 1 2

 0 2 3

 0 1 2

 0 2 3

 0 1 2

 0 2 3

 0 1 2

 0 2 3

 0 1 2

 0 2 3

 0 1 2

 0 2 3

 0 1 2

 0 2 3

 0 1 2

 0 2 3

 0 1 2

 0 2 3

 0 1 2

 0 2 3

 0 1 2

 0 2 3

 0 1 2

 0 2 3

 0 1 2

 0 2 3

 0 1 2

 0 2 3

 0 1 2

 0 2 3

 0 1 2

 0 2 3

 0 1 2

 0 2 3

 0 1 2

 0 2 3

 0 1 2

 0 2 3

 0 1 2

 0 2 3

 0 1 2

 0 2 3

 0 1 2

 0 2 3

 0 1 2

 0 2 3

 0 1 2

 0 2 3

 0 1 2

 0 2 3

 0 1 2

 0 2 3

 0 1 2

 0 2 3

 0 1 2

 0 2 3

 0 1 2

 0 2 3

 0 1 2

 0 2 3

 0 1 2

 0 2 3

 0 1 2

 0 2 3

 0 1 2

 0 2 3

 0 1 2

 0 2 3

 0 1 2

 0 2 3

 0 1 2

 0 2 3

 0 1 2

 0 2 3

 0 1 2

 0 2 3

 0 1 2

 0 2 3

 0 1 2

 0 2 3

 0 1 2

 0 2 3

 0 1 2

 0 2 3

 0 1 2

 0 2 3

 0 1 2

 0 2 3

 0 1 2

 0 2 3

 0 1 2

 0 2 3

 0 1 2

 0 2 3

 0 1 2

 0 2 3

 0 1 2

 0 2 3

 0 1 2

 0 2 3

 0 1 2

 0 2 3

 0 1 2

 0 2 3

 0 1 2

 0 2 3

 0 1 2

 0 2 3

 0 1 2

 0 2 3

 0 1 2

 0 2 3

 0 1 2

 0 2 3

 0 1 2

 0 2 3

 0 1 2

 0 2 3

 0 1 2

 0 2 3

 0 1 2

 0 2 3

 0 1 2

 0 2 3

 0 1 2

 0 2 3

 0 1 2

 0 2 3

 0 1 2

 0 2 3

 0 1 2

 0 2 3

 0 1 2

 0 2 3

 0 1 2

 0 2 3

 0 1 2

 0 2 3

 0 1 2

 0 2 3

 0 1 2

 0 2 3

 0 1 2

 0 2 3

 0 1 2

 0 2 3

 0 1 2

 0 2 3

 0 1 2

 0 2 3

 0 1 2

 0 2 3

 0 1 2

 0 2 3

 0 1 2

 0 2 3

 0 1 2

 0 2 3

 0 1 2

 0 2 3

 0 1 2

 0 2 3

 0 1 2

 0 2 3

 0 1 2

 0 2 3

 0 1 2

 0 2 3

 0 1 2

 0 2 3

 0 1 2

 0 2 3

 0 1 2

 0 2 3

 0 1 2

 0 2 3

 0 1 2

 0 2 3

 0 1 2

 0 2 3

 0 1 2

 0 2 3

 0 1 2

 0 2 3

 0 1 2

 0 2 3

 0 1 2

 0 2 3

 0 1 2

 0 2 3

 0 1 2

 0 2 3

 0 1 2

 0 2 3

 0 1 2

 0 2 3

 0 1 2

 0 2 3

 0 1 2

 0 2 3

 0 1 2

 0 2 3

 0 1 2

 0 2 3

 0 1 2

 0 2 3

 0 1 2

 0 2 3

 0 1 2

 0 2 3

 0 1 2

 0 2 3

 0 1 2

 0 2 3

 0 1 2

 0 2 3

 0 1 2

 0 2 3

 0 1 2

 0 2 3

 0 1 2

 0 2 3

 0 1 2

 0 2 3

 0 1 2

 0 2 3

 0 1 2

 0 2 3

 0 1 2

 0 2 3

 0 1 2

 0 2 3

 0 1 2

 0 2 3

 0 1 2

 0 2 3

 0 1 2

 0 2 3

 0 1 2

 0 2 3

 0 1 2

 0 2 3

 0 1 2

 0 2 3

 0 1 2

 0 2 3

 0 1 2

 0 2 3

 0 1 2

 0 2 3

 0 1 2

 0 2 3

 0 1 2

 0 2 3

 0 1 2

 0 2 3

 0 1 2

 0 2 3

 0 1 2

 0 2 3

 0 1 2

 0 2 3

 0 1 2

 0 2 3

 0 1 2

 0 2 3

 0 1 2

 0 2 3

 0 1 2

 0 2 3

 0 1 2

 0 2 3

 0 1 2

 0 2 3

 0 1 2

 0 2 3

 0 1 2

 0 2 3

 0 1 2

 0 2 3

 0 1 2

 0 2 3

 0 1 2

 0 2 3

 0 1 2

 0 2 3

 0 1 2

 0 2 3

 0 1 2

 0 2 3

 0 1 2

 0 2 3

 0 1 2

 0 2 3

 0 1 2

 0 2 3

 0 1 2

 0 2 3

 0 1 2

 0 2 3

 0 1 2

 0 2 3

 0 1 2

 0 2 3

 0 1 2

 0 2 3

 0 1 2

 0 2 3

 0 1 2

 0 2 3

 0 1 2

 0 2 3

 0 1 2

 0 2 3

 0 1 2

 0 2 3

 0 1 2

 0 2 3

 0 1 2

 0 2 3

 0 1 2

 0 2 3

 0 1 2

 0 2 3

 0 1 2

 0 2 3

 0 1 2

 0 2 3

 0 1 2

 0 2 3

 0 1 2

 0 2 3

 0 1 2

 0 2 3

 0 1 2

 0 2 3

 0 1 2

 0 2 3

 0 1 2

 0 2 3

 0 1 2

 0 2 3

 0 1 2

 0 2 3

 0 1 2

 0 2 3

 0 1 2

 0 2 3

 0 1 2

 0 2 3

 0 1 2

 0 2 3

 0 1 2

 0 2 3

 0 1 2

 0 2 3

 0 1 2

 0 2 3

 0 1 2

 0 2 3

 0 1 2

 0 2 3

 0 1 2

 0 2 3

 0 1 2

 0 2 3

 0 1 2

 0 2 3

 0 1 2

 0 2 3

 0 1 2

 0 2 3

 0 1 2

 0 2 3

 0 1 2

 0 2 3

 0 1 2

 0 2 3

 0 1 2

 0 2 3

 0 1 2

 0 2 3

 0 1 2

 0 2 3

 0 1 2

 0 2 3

 0 1 2

 0 2 3

 0 1 2

 0 2 3

 0 1 2

 0 2 3

 0 1 2

 0 2 3

 0 1 2

 0 2 3

 0 1 2

 0 2 3

 0 1 2

 0 2 3

 0 1 2

 0 2 3

 0 1 2

 0 2 3

 0 1 2

 0 2 3

 0 1 2

 0 2 3

 0 1 2

 0 2 3

 0 1 2

 0 2 3

 0 1 2

 0 2 3

 0 1 2

 0 2 3

 0 1 2

 0 2 3

 0 1 2

 0 2 3

 0 1 2

 0 2 3

 0 1 2

 0 2 3

 0 1 2

 0 2 3

 0 1 2

 0 2 3

 0 1 2

 0 2 3

 0 1 2

 0 2 3

 0 1 2

 0 2 3

 0 1 2

 0 2 3

 0 1 2

 0 2 3

 0 1 2

 0 2 3

 0 1 2

 0 2 3

 0 1 2

 0 2 3

 0 1 2

 0 2 3

 0 1 2

 0 2 3

 0 1 2

 0 2 3

 0 1 2

 0 2 3

 0 1 2

 0 2 3

 0 1 2

 0 2 3

 0 1 2

 0 2 3

 0 1 2

 0 2 3

 0 1 2

 0 2 3

 0 1 2

 0 2 3

 0 1 2

 0 2 3

 0 1 2

 0 2 3

 0 1 2

 0 2 3

 0 1 2

 0 2 3

 0 1 2

 0 2 3

 0 1 2

 0 2 3

 0 1 2

 0 2 3

 0 1 2

 0 2 3

 0 1 2

 0 2 3

 0 1 2

 0 2 3

 0 1 2

 0 2 3

 0 1 2

 0 2 3

 0 1 2

 0 2 3

 0 1 2

 0 2 3

 0 1 2

 0 2 3

 0 1 2

 0 2 3

 0 1 2

 0 2 3

 0 1 2

 0 2 3

 0 1 2

 0 2 3

 0 1 2

 0 2 3

 0 1 2

 0 2 3

 0 1 2

 0 2 3

 0 1 2

 0 2 3

 0 1 2

 0 2 3

 0 1 2

 0 2 3

 0 1 2

 0 2 3

 0 1 2

 0 2 3

 0 1 2

 0 2 3

 0 1 2

 0 2 3

 0 1 2

 0 2 3

 0 1 2

 0 2 3

 0 1 2

 0 2 3

 0 1 2

 0 2 3

 0 1 2

 0 2 3

 0 1 2

 0 2 3

 0 1 2

 0 2 3

 0 1 2

 0 2 3

 0 1 2

 0 2 3

 0 1 2

 0 2 3

 0 1 2

 0 2 3

 0 1 2

 0 2 3

 0 1 2

 0 2 3

 0 1 2

 0 2 3

 0 1 2

 0 2 3

 0 1 2

 0 2 3

 0 1 2

 0 2 3

 0 1 2

 0 2 3

 0 1 2

 0 2 3

 0 1 2

 0 2 3

 0 1 2

 0 2 3

 0 1 2

 0 2 3

 0 1 2

 0 2 3

 0 1 2

 0 2 3

 0 1 2

 0 2 3

 0 1 2

 0 2 3

 0 1 2

 0 2 3

 0 1 2

 0 2 3

 0 1 2

 0 2 3

 0 1 2

 0 2 3

 0 1 2

 0 2 3

 0 1 2

 0 2 3

 0 1 2

 0 2 3

 0 1 2

 0 2 3

 0 1 2

 0 2 3

 0 1 2

 0 2 3

 0 1 2

 0 2 3

 0 1 2

 0 2 3

 0 1 2

 0 2 3

 0 1 2

 0 2 3

 0 1 2

 0 2 3

 0 1 2

 0 2 3

 0 1 2

 0 2 3

 0 1 2

 0 2 3

 0 1 2

 0 2 3

 0 1 2

 0 2 3

 0 1 2

 0 2 3

 0 1 2

 0 2 3

 0 1 2

 0 2 3

 0 1 2

 0 2 3

 0 1 2

 0 2 3

 0 1 2

 0 2 3

 0 1 2

 0 2 3

 0 1 2

 0 2 3

 0 1 2

 0 2 3

 0 1 2

 0 2 3

 0 1 2

 0 2 3

 0 1 2

 0 2 3

 0 1 2

 0 2 3

 0 1 2

 0 2 3

 0 1 2

 0 2 3

 0 1 2

 0 2 3

 0 1 2

 0 2 3

 0 1 2

 0 2 3

 0 1 2

 0 2 3

 0 1 2

 0 2 3

 0 1 2

 0 2 3

 0 1 2

 0 2 3

 0 1 2

 0 2 3

 0 1 2

 0 2 3

 0 1 2

 0 2 3

 0 1 2

 0 2 3

 0 1 2

 0 2 3

 0 1 2

 0 2 3

 0 1 2

 0 2 3

 0 1 2

 0 2 3

 0 1 2

 0 2 3

 0 1 2

 0 2 3

 0 1 2

 0 2 3

 0 1 2

 0 2 3

 0 1 2

 0 2 3

 0 1 2

 0 2 3

 0 1 2

 0 2 3

 0 1 2

 0 2 3

 0 1 2

 0 2 3

 0 1 2

 0 2 3

 0 1 2

 0 2 3

 0 1 2

 0 2 3

 0 1 2

 0 2 3

 0 1 2

 0 2 3

 0 1 2

 0 2 3

 0 1 2

 0 2 3

 0 1 2

 0 2 3

 0 1 2

 0 2 3

 0 1 2

 0 2 3

 0 1 2

 0 2 3

 0 1 2

 0 2 3

 0 1 2

 0 2 3

 0 1 2

 0 2 3

 0 1 2

 0 2 3

 0 1 2

 0 2 3

 0 1 2

 0 2 3

 0 1 2

 0 2 3

 0 1 2

 0 2 3

 0 1 2

 0 2 3

 0 1 2

 0 2 3

 0 1 2

 0 2 3

 0 1 2

 0 2 3

 0 1 2

 0 2 3

 0 1 2

 0 2 3

 0 1 2

 0 2 3

 0 1 2

 0 2 3

 0 1 2

 0 2 3

 0 1 2

 0 2 3

 0 1 2

 0 2 3

 0 1 2

 0 2 3

 0 1 2

 0 2 3

 0 1 2

 0 2 3

 0 1 2

 0 2 3

 0 1 2

 0 2 3

 0 1 2

 0 2 3

 0 1 2

 0 2 3

 0 1 2

 0 2 3

 0 1 2

 0 2 3

 0 1 2

 0 2 3

 0 1 2

 0 2 3

 0 1 2

 0 2 3

 0 1 2

 0 2 3

 0 1 2

 0 2 3

 0 1 2

 0 2 3

 0 1 2

 0 2 3

 0 1 2

 0 2 3

 0 1 2

 0 2 3

 0 1 2

 0 2 3

 0 1 2

 0 2 3

 0 1 2

 0 2 3

 0 1 2

 0 2 3

 0 1 2

 0 2 3

 0 1 2

 0 2 3

 0 1 2

 0 2 3

palette:

 255 255 255 255

color:

 0 0 0

 0 0 0

 0 0 0

 0 0 0

 0 0 0

 0 0 0

 0 0 0

 0 0 0

 0 0 0

 0 0 0

 0 0 0

 0 0 0

 0 0 0

 0 0 0

 0 0 0

 0 0 0

 0 0 0

 0 0 0

 0 0 0

 0 0 0

 0 0 0

 0 0 0

 0 0 0

 0 0 0

 0 0 0

 0 0 0

 0 0 0

 0 0 0

 0 0 0

 0 0 0

 0 0 0

 0 0 0

 0 0 0

 0 0 0

 0 0 0

 0 0 0

 0 0 0

 0 0 0

 0 0 0

 0 0 0

 0 0 0

 0 0 0

 0 0 0

 0 0 0

 0 0 0

 0 0 0

 0 0 0

 0 0 0

 0 0 0

 0 0 0

 0 0 0

 0 0 0

 0 0 0

 0 0 0

 0 0 0

 0 0 0

 0 0 0

 0 0 0

 0 0 0

 0 0 0

 0 0 0

 0 0 0

 0 0 0

 0 0 0

 0 0 0

 0 0 0

 0 0 0

 0 0 0

 0 0 0

 0 0 0

 0 0 0

 0 0 0

 0 0 0

 0 0 0

 0 0 0

 0 0 0

 0 0 0

 0 0 0

 0 0 0

 0 0 0

 0 0 0

 0 0 0

 0 0 0

 0 0 0

 0 0 0

 0 0 0

 0 0 0

 0 0 0

 0 0 0

 0 0 0

 0 0 0

 0 0 0

 0 0 0

 0 0 0

 0 0 0

 0 0 0

 0 0 0

 0 0 0

 0 0 0

 0 0 0

 0 0 0

 0 0 0

 0 0 0

 0 0 0

 0 0 0

 0 0 0

 0 0 0

 0 0 0

 0 0 0

 0 0 0

 0 0 0

 0 0 0

 0 0 0

 0 0 0

 0 0 0

 0 0 0

 0 0 0

 0 0 0

 0 0 0

 0 0 0

 0 0 0

 0 0 0

 0 0 0

 0 0 0

 0 0 0

 0 0 0

 0 0 0

 0 0 0

 0 0 0

 0 0 0

 0 0 0

 0 0 0

 0 0 0

 0 0 0

 0 0 0

 0 0 0

 0 0 0

 0 0 0

 0 0 0

 0 0 0

 0 0 0

 0 0 0

 0 0 0

 0 0 0

 0 0 0

 0 0 0

 0 0 0

 0 0 0

 0 0 0

 0 0 0

 0 0 0

 0 0 0

 0 0 0

 0 0 0

 0 0 0

 0 0 0

 0 0 0

 0 0 0

 0 0 0

 0 0 0

 0 0 0

 0 0 0

 0 0 0

 0 0 0

 0 0 0

 0 0 0

 0 0 0

 0 0 0

 0 0 0

 0 0 0

 0 0 0

 0 0 0

 0 0 0

 0 0 0

 0 0 0

 0 0 0

 0 0 0

 0 0 0

 0 0 0

 0 0 0

 0 0 0

 0 0 0

 0 0 0

 0 0 0

 0 0 0

 0 0 0

 0 0 0

 0 0 0

 0 0 0

 0 0 0

 0 0 0

 0 0 0

 0 0 0

 0 0 0

 0 0 0

 0 0 0

 0 0 0

 0 0 0

 0 0 0

 0 0 0

 0 0 0

 0 0 0

 0 0 0

 0 0 0

 0 0 0

 0 0 0

 0 0 0

 0 0 0

 0 0 0

 0 0 0

 0 0 0

 0 0 0

 0 0 0

 0 0 0

 0 0 0

 0 0 0

 0 0 0

 0 0 0

 0 0 0

 0 0 0

 0 0 0

 0 0 0

 0 0 0

 0 0 0

 0 0 0

 0 0 0

 0 0 0

 0 0 0

 0 0 0

 0 0 0

 0 0 0

 0 0 0

 0 0 0

 0 0 0

 0 0 0

 0 0 0

 0 0 0

 0 0 0

 0 0 0

 0 0 0

 0 0 0

 0 0 0

 0 0 0

 0 0 0

 0 0 0

 0 0 0

 0 0 0

 0 0 0

 0 0 0

 0 0 0

 0 0 0

 0 0 0

 0 0 0

 0 0 0

 0 0 0

 0 0 0

 0 0 0

 0 0 0

 0 0 0

 0 0 0

 0 0 0

 0 0 0

 0 0 0

 0 0 0

 0 0 0

 0 0 0

 0 0 0

 0 0 0

 0 0 0

 0 0 0

 0 0 0

 0 0 0

 0 0 0

 0 0 0

 0 0 0

 0 0 0

 0 0 0

 0 0 0

 0 0 0

 0 0 0

 0 0 0

 0 0 0

 0 0 0

 0 0 0

 0 0 0

 0 0 0

 0 0 0

 0 0 0

 0 0 0

 0 0 0

 0 0 0

 0 0 0

 0 0 0

 0 0 0

 0 0 0

 0 0 0

 0 0 0

 0 0 0

 0 0 0

 0 0 0

 0 0 0

 0 0 0

 0 0 0

 0 0 0

 0 0 0

 0 0 0

 0 0 0

 0 0 0

 0 0 0

 0 0 0

 0 0 0

 0 0 0

 0 0 0

 0 0 0

 0 0 0

 0 0 0

 0 0 0

 0 0 0

 0 0 0

 0 0 0

 0 0 0

 0 0 0

 0 0 0

 0 0 0

 0 0 0

 0 0 0

 0 0 0

 0 0 0

 0 0 0

 0 0 0

 0 0 0

 0 0 0

 0 0 0

 0 0 0

 0 0 0

 0 0 0

 0 0 0

 0 0 0

 0 0 0

 0 0 0

 0 0 0

 0 0 0

 0 0 0

 0 0 0

 0 0 0

 0 0 0

 0 0 0

 0 0 0

 0 0 0

 0 0 0

 0 0 0

 0 0 0

 0 0 0

 0 0 0

 0 0 0

 0 0 0

 0 0 0

 0 0 0

 0 0 0

 0 0 0

 0 0 0

 0 0 0

 0 0 0

 0 0 0

 0 0 0

 0 0 0

 0 0 0

 0 0 0

 0 0 0

 0 0 0

 0 0 0

 0 0 0

 0 0 0

 0 0 0

 0 0 0

 0 0 0

 0 0 0

 0 0 0

 0 0 0

 0 0 0

 0 0 0

 0 0 0

 0 0 0

 0 0 0

 0 0 0

 0 0 0

 0 0 0

 0 0 0

 0 0 0

 0 0 0

 0 0 0

 0 0 0

 0 0 0

 0 0 0

 0 0 0

 0 0 0

 0 0 0

 0 0 0

 0 0 0

 0 0 0

 0 0 0

 0 0 0

 0 0 0

 0 0 0

 0 0 0

 0 0 0

 0 0 0

 0 0 0

 0 0 0

 0 0 0

 0 0 0

 0 0 0

 0 0 0

 0 0 0

 0 0 0

 0 0 0

 0 0 0

 0 0 0

 0 0 0

 0 0 0

 0 0 0

 0 0 0

 0 0 0

 0 0 0

 0 0 0

 0 0 0

 0 0 0

 0 0 0

 0 0 0

 0 0 0

 0 0 0

 0 0 0

 0 0 0

 0 0 0

 0 0 0

 0 0 0

 0 0 0

 0 0 0

 0 0 0

 0 0 0

 0 0 0

 0 0 0

 0 0 0

 0 0 0

 0 0 0

 0 0 0

 0 0 0

 0 0 0

 0 0 0

 0 0 0

 0 0 0

 0 0 0

 0 0 0

 0 0 0

 0 0 0

 0 0 0

 0 0 0

 0 0 0

 0 0 0

 0 0 0

 0 0 0

 0 0 0

 0 0 0

 0 0 0

 0 0 0

 0 0 0

 0 0 0

 0 0 0

 0 0 0

 0 0 0

 0 0 0

 0 0 0

 0 0 0

 0 0 0

 0 0 0

 0 0 0

 0 0 0

 0 0 0

 0 0 0

 0 0 0

 0 0 0

 0 0 0

 0 0 0

 0 0 0

 0 0 0

 0 0 0

 0 0 0

 0 0 0

 0 0 0

 0 0 0

 0 0 0

 0 0 0

 0 0 0

 0 0 0

 0 0 0

 0 0 0

 0 0 0

 0 0 0

 0 0 0

 0 0 0

 0 0 0

 0 0 0

 0 0 0

 0 0 0

 0 0 0

 0 0 0

 0 0 0

 0 0 0

 0 0 0

 0 0 0

 0 0 0

 0 0 0

 0 0 0

 0 0 0

 0 0 0

 0 0 0

 0 0 0

 0 0 0

 0 0 0

 0 0 0

 0 0 0

 0 0 0

 0 0 0

 0 0 0

 0 0 0

 0 0 0

 0 0 0

 0 0 0

 0 0 0

 0 0 0

 0 0 0

 0 0 0

 0 0 0

 0 0 0

 0 0 0

 0 0 0

 0 0 0

 0 0 0

 0 0 0

 0 0 0

 0 0 0

 0 0 0

 0 0 0

 0 0 0

 0 0 0

 0 0 0

 0 0 0

 0 0 0

 0 0 0

 0 0 0

 0 0 0

 0 0 0

 0 0 0

 0 0 0

 0 0 0

 0 0 0

 0 0 0

 0 0 0

 0 0 0

 0 0 0

 0 0 0

 0 0 0

 0 0 0

 0 0 0

 0 0 0

 0 0 0

 0 0 0

 0 0 0

 0 0 0

 0 0 0

 0 0 0

 0 0 0

 0 0 0

 0 0 0

 0 0 0

 0 0 0

 0 0 0

 0 0 0

 0 0 0

 0 0 0

 0 0 0

 0 0 0

 0 0 0

 0 0 0

 0 0 0

 0 0 0

 0 0 0

 0 0 0

 0 0 0

 0 0 0

 0 0 0

 0 0 0

 0 0 0

 0 0 0

 0 0 0

 0 0 0

 0 0 0

 0 0 0

 0 0 0

 0 0 0

 0 0 0

 0 0 0

 0 0 0

 0 0 0

 0 0 0

 0 0 0

 0 0 0

 0 0 0

 0 0 0

 0 0 0

 0 0 0

 0 0 0

 0 0 0

 0 0 0

 0 0 0

 0 0 0

 0 0 0

 0 0 0

 0 0 0

 0 0 0

 0 0 0

 0 0 0

 0 0 0

 0 0 0

 0 0 0

 0 0 0

 0 0 0

 0 0 0

 0 0 0

 0 0 0

 0 0 0

 0 0 0

 0 0 0

 0 0 0

 0 0 0

 0 0 0

 0 0 0

 0 0 0

 0 0 0

 0 0 0

 0 0 0

 0 0 0

 0 0 0

 0 0 0

 0 0 0

 0 0 0

 0 0 0

 0 0 0

 0 0 0

 0 0 0

 0 0 0

 0 0 0

 0 0 0

 0 0 0

 0 0 0

 0 0 0

 0 0 0

 0 0 0

 0 0 0

 0 0 0

 0 0 0

 0 0 0

 0 0 0

 0 0 0

 0 0 0

 0 0 0

 0 0 0

 0 0 0

 0 0 0

 0 0 0

 0 0 0

 0 0 0

 0 0 0

 0 0 0

 0 0 0

 0 0 0

 0 0 0

 0 0 0

 0 0 0

 0 0 0

 0 0 0

 0 0 0

 0 0 0

 0 0 0

 0 0 0

 0 0 0

 0 0 0

 0 0 0

 0 0 0

 0 0 0

 0 0 0

 0 0 0

 0 0 0

 0 0 0

 0 0 0

 0 0 0

 0 0 0

 0 0 0

 0 0 0

 0 0 0

 0 0 0

 0 0 0

 0 0 0

 0 0 0

 0 0 0

 0 0 0

 0 0 0

 0 0 0

 0 0 0

 0 0 0

 0 0 0

 0 0 0

 0 0 0

 0 0 0

 0 0 0

 0 0 0

 0 0 0

 0 0 0

 0 0 0

 0 0 0

 0 0 0

 0 0 0

 0 0 0

 0 0 0

 0 0 0

 0 0 0

 0 0 0

 0 0 0

 0 0 0

 0 0 0

 0 0 0

 0 0 0

 0 0 0

 0 0 0

 0 0 0

 0 0 0

 0 0 0

 0 0 0

 0 0 0

 0 0 0

 0 0 0

 0 0 0

 0 0 0

 0 0 0

 0 0 0

 0 0 0

 0 0 0

 0 0 0

 0 0 0

 0 0 0

 0 0 0

 0 0 0

 0 0 0

 0 0 0

 0 0 0

 0 0 0

 0 0 0

 0 0 0

 0 0 0

 0 0 0

 0 0 0

 0 0 0

 0 0 0

 0 0 0

 0 0 0

 0 0 0

 0 0 0

 0 0 0

 0 0 0

 0 0 0

 0 0 0

 0 0 0

 0 0 0

 0 0 0

 0 0 0

 0 0 0

 0 0 0

 0 0 0

 0 0 0

 0 0 0

 0 0 0

 0 0 0

 0 0 0

 0 0 0

 0 0 0

 0 0 0

 0 0 0

 0 0 0

 0 0 0

 0 0 0

 0 0 0

 0 0 0

 0 0 0

 0 0 0

 0 0 0

 0 0 0

 0 0 0

 0 0 0

 0 0 0

 0 0 0

 0 0 0

 0 0 0

 0 0 0

 0 0 0

 0 0 0

 0 0 0

 0 0 0

 0 0 0

 0 0 0

 0 0 0

 0 0 0

 0 0 0

 0 0 0

 0 0 0

 0 0 0

 0 0 0

 0 0 0

 0 0 0

 0 0 0

 0 0 0

 0 0 0

 0 0 0

 0 0 0

 0 0 0

 0 0 0

 0 0 0

 0 0 0

 0 0 0

 0 0 0

 0 0 0

 0 0 0

 0 0 0

 0 0 0

 0 0 0

 0 0 0

 0 0 0

 0 0 0

 0 0 0

 0 0 0

 0 0 0

 0 0 0

 0 0 0

 0 0 0

 0 0 0

 0 0 0

 0 0 0

 0 0 0

 0 0 0

 0 0 0

 0 0 0

 0 0 0

 0 0 0

 0 0 0

 0 0 0

 0 0 0

 0 0 0

 0 0 0

 0 0 0

 0 0 0

 0 0 0

 0 0 0

 0 0 0

 0 0 0

 0 0 0

 0 0 0

 0 0 0

 0 0 0

 0 0 0

 0 0 0

 0 0 0

 0 0 0

 0 0 0

 0 0 0

 0 0 0

 0 0 0

 0 0 0

 0 0 0

 0 0 0

 0 0 0

 0 0 0

 0 0 0

 0 0 0

 0 0 0

 0 0 0

 0 0 0

 0 0 0

 0 0 0

 0 0 0

 0 0 0

 0 0 0

 0 0 0

 0 0 0

 0 0 0

 0 0 0

 0 0 0

 0 0 0

 0 0 0

 0 0 0

 0 0 0

 0 0 0

 0 0 0

 0 0 0

 0 0 0

 0 0 0

 0 0 0

 0 0 0

 0 0 0

 0 0 0

 0 0 0

 0 0 0

 0 0 0

 0 0 0

 0 0 0

 0 0 0

 0 0 0

 0 0 0

 0 0 0

 0 0 0

 0 0 0

 0 0 0

 0 0 0

 0 0 0

 0 0 0

 0 0 0

 0 0 0

 0 0 0

 0 0 0

 0 0 0

 0 0 0

 0 0 0

 0 0 0

 0 0 0

 0 0 0

 0 0 0

 0 0 0

 0 0 0

 0 0 0

 0 0 0

 0 0 0

 0 0 0

 0 0 0

 0 0 0

 0 0 0

 0 0 0

 0 0 0

 0 0 0

 0 0 0

 0 0 0

 0 0 0

 0 0 0

 0 0 0

 0 0 0

 0 0 0

 0 0 0

 0 0 0

 0 0 0

 0 0 0

 0 0 0

 0 0 0

 0 0 0

 0 0 0

 0 0 0

 0 0 0

 0 0 0

 0 0 0

 0 0 0

 0 0 0

 0 0 0

 0 0 0

 0 0 0

 0 0 0

 0 0 0

 0 0 0

 0 0 0

 0 0 0

 0 0 0

 0 0 0

 0 0 0

 0 0 0

 0 0 0

 0 0 0

 0 0 0

 0 0 0

 0 0 0

 0 0 0

 0 0 0

 0 0 0

 0 0 0

 0 0 0

 0 0 0

 0 0 0

 0 0 0

 0 0 0

 0 0 0

 0 0 0

 0 0 0

 0 0 0

 0 0 0

 0 0 0

 0 0 0

 0 0 0

 0 0 0

 0 0 0

 0 0 0

 0 0 0

 0 0 0

 0 0 0

 0 0 0

