vectors:

 0.013078 -0.056716 -0.178508

 -0.158208 -0.154051 0.250750

 0.013078 0.141718 -0.178508

 -0.076378 -0.052569 0.380116

 0.016334 -0.091957 0.200026

 0.138728 0.069550 -0.043885

 -0.085135 -0.181561 0.171265

 0.120965 -0.110276 -0.043885

 -0.047053 -0.080956 0.395796

 -0.146112 -0.146973 0.308913

 -0.034607 -0.123469 0.391480

 -0.121029 -0.171129 0.315503

 0.163511 0.094984 -0.129476

 0.176001 -0.056716 -0.129555

 0.097513 0.169367 -0.934456

 0.096800 0.200162 -0.835408

 0.169082 0.169367 -0.934909

 0.178159 0.200162 -0.835922

 0.142598 -0.080104 -0.497451

 0.142781 0.033761 -0.468509

 0.051241 -0.080104 -0.496874

 0.051424 0.033761 -0.467932

 0.168510 0.114647 -0.916519

 0.101774 0.114647 -0.916097

 0.110923 0.177004 -0.805736

 0.177659 0.177004 -0.806158

 0.197294 0.130207 -0.592300

 0.197112 0.006015 -0.621216

 0.095710 0.006015 -0.620575

 0.095893 0.130207 -0.591659

 0.144742 0.048178 -0.487341

 0.144401 -0.028424 -0.541268

 0.052934 -0.028424 -0.540690

 0.053275 0.048178 -0.486763

 0.144175 0.039814 -0.454493

 0.144412 -0.064023 -0.416975

 0.050444 -0.064023 -0.416381

 0.050207 0.039814 -0.453899

 0.160604 0.095752 -0.200478

 0.187855 -0.077472 -0.200650

 0.013532 -0.077472 -0.222257

 0.029435 0.095752 -0.221223

 0.035695 -0.095384 0.137576

 -0.078410 -0.162213 0.097717

 -0.108900 -0.027348 0.361627

 -0.149172 -0.057576 0.280561

 -0.073168 0.068659 0.441221

 -0.074209 0.044024 0.469316

 0.132141 0.097096 -1.170951

 0.169567 0.091934 -0.818915

 0.116800 0.091934 -0.818581

 0.116230 0.135203 -0.798867

 0.170387 0.135203 -0.799210

 0.171049 0.130403 -0.784861

 0.170979 0.082687 -0.795970

 0.114781 0.082687 -0.795615

 0.114851 0.130403 -0.784505

 0.169877 0.104837 -0.851497

 0.115455 0.104837 -0.851153

 0.115750 0.140342 -0.804558

 0.170172 0.140342 -0.804902

 -0.142989 -0.121904 0.308636

 -0.065812 -0.148466 0.188379

 -0.162352 -0.073620 0.189729

 -0.152295 -0.075375 0.123990

 -0.047306 -0.127242 0.061087

 -0.102953 -0.087253 0.070518

 -0.178296 -0.182653 0.106931

 0.006222 0.117705 -0.093286

 -0.117590 0.033360 0.377630

 -0.117480 -0.031345 0.443440

 -0.084013 0.021924 0.429040

 -0.082695 -0.005836 0.449820

 -0.071315 0.060364 0.432492

 -0.075637 0.028364 0.463891

 -0.083456 0.181111 0.428636

 -0.095052 0.061695 0.549883

 -0.060277 0.100725 0.334876

 -0.085872 0.011483 0.519046

 -0.124609 -0.067637 0.488702

 -0.115053 0.050265 0.386679

 -0.051534 0.053561 0.436615

 -0.052092 0.061856 0.445521

 -0.058023 0.023764 0.434284

 -0.126941 -0.050643 0.371769

 -0.101094 0.021415 0.374287

 -0.143990 -0.019643 0.525108

 -0.114423 0.169291 0.490144

 -0.113403 0.131295 0.535616

 -0.010285 -0.056716 -0.178360

 -0.226558 0.058804 0.190745

 -0.010285 0.141718 -0.178360

 -0.123692 0.094774 0.338579

 -0.014202 0.074996 -0.163073

 -0.103394 0.017752 0.351289

 -0.012888 -0.060154 -0.158488

 -0.162784 -0.032900 0.239260

 -0.040967 0.086490 0.149722

 -0.138728 0.069550 -0.043885

 -0.169000 0.079608 0.097641

 -0.120965 -0.110276 -0.043885

 -0.145599 -0.057631 0.131956

 0.000000 -0.122985 -0.046609

 -0.003459 -0.006434 0.151658

 0.000000 0.069550 -0.043885

 -0.125166 0.134193 0.319024

 -0.221632 0.088211 0.242615

 -0.086329 0.177999 0.204034

 -0.159679 0.093700 0.219376

 -0.147074 0.171883 0.303412

 -0.215051 0.121671 0.232962

 -0.170629 0.207297 0.196740

 -0.215206 0.127624 0.226917

 -0.160086 0.094984 -0.127431

 -0.172576 -0.056716 -0.127352

 -0.104269 0.169367 -0.933181

 -0.102303 0.200162 -0.834150

 -0.404352 0.046097 0.053968

 -0.422355 0.075796 0.031592

 -0.374340 0.039248 0.020729

 -0.392343 0.068947 -0.001646

 -0.175837 0.169367 -0.932728

 -0.183662 0.200162 -0.833636

 -0.143826 -0.080104 -0.495641

 -0.143643 0.033761 -0.466699

 -0.052469 -0.080104 -0.496218

 -0.052286 0.033761 -0.467276

 -0.175033 0.114647 -0.914348

 -0.108297 0.114647 -0.914769

 -0.116051 0.177004 -0.804301

 -0.182786 0.177004 -0.803880

 -0.199717 0.130207 -0.589791

 -0.199900 0.006015 -0.618707

 -0.098498 0.006015 -0.619348

 -0.098315 0.130207 -0.590432

 -0.145842 0.048178 -0.485505

 -0.146183 -0.028424 -0.539432

 -0.054716 -0.028424 -0.540010

 -0.054375 0.048178 -0.486083

 -0.144860 0.039814 -0.452666

 -0.144623 -0.064023 -0.415148

 -0.050654 -0.064023 -0.415742

 -0.050892 0.039814 -0.453260

 -0.158077 0.095752 -0.198463

 -0.185327 -0.077472 -0.198291

 -0.011292 -0.077472 -0.222101

 -0.027181 0.095752 -0.220865

 -0.017284 0.069599 0.091067

 -0.141681 0.034822 0.042173

 -0.076340 -0.063576 0.031974

 0.009205 -0.012892 0.114321

 -0.231606 0.185030 0.085517

 -0.190123 0.153767 0.064253

 -0.265231 0.124931 0.108281

 -0.223748 0.093668 0.087016

 -0.254602 0.187074 0.037822

 -0.280512 0.124513 0.080694

 -0.215053 0.146484 0.002492

 -0.240963 0.083922 0.045364

 -0.323531 0.123371 0.008942

 -0.334082 0.092583 0.054136

 -0.299848 0.083487 -0.012699

 -0.310399 0.052700 0.032495

 -0.478103 0.049523 -0.028754

 -0.432953 -0.024959 0.027361

 -0.460175 -0.040543 0.028578

 -0.499275 0.023958 -0.020018

 -0.477145 0.082606 -0.005683

 -0.466703 0.063841 -0.018922

 -0.424799 0.019721 0.035681

 -0.421553 -0.010641 0.037193

 -0.461887 0.022512 -0.052018

 -0.509477 0.005359 -0.036495

 -0.422787 -0.041989 -0.003423

 -0.470377 -0.059142 0.012101

 -0.471330 0.102186 0.015626

 -0.418983 0.039301 0.056990

 -0.367319 0.008964 0.019577

 -0.406418 0.073465 -0.029019

 -0.505294 0.014339 0.030508

 -0.488749 -0.014918 0.039396

 -0.513024 0.025127 0.009226

 -0.515357 0.030941 0.018001

 -0.526331 0.018597 0.011265

 -0.518319 0.035754 0.026772

 -0.508256 0.019152 0.039280

 -0.502056 -0.021448 0.041435

 -0.489832 0.046183 0.014138

 -0.507076 0.074630 -0.007294

 -0.488405 0.058379 0.029178

 -0.505649 0.086826 0.007746

 -0.121670 0.011737 0.350772

 -0.134015 0.050865 0.339579

 -0.171270 0.011239 0.261162

 -0.149443 -0.023189 0.258511

 -0.157190 0.178056 0.416859

 -0.221463 0.060934 0.416533

 -0.237933 0.036264 0.466504

 -0.158532 0.056552 0.565931

 -0.141883 0.097096 -1.169219

 -0.174856 0.091934 -0.816738

 -0.122090 0.091934 -0.817071

 -0.121270 0.135203 -0.797366

 -0.175427 0.135203 -0.797024

 -0.175908 0.130403 -0.782668

 -0.175978 0.082687 -0.793778

 -0.119780 0.082687 -0.794133

 -0.119710 0.130403 -0.783023

 -0.175578 0.104837 -0.849313

 -0.121156 0.104837 -0.849657

 -0.120862 0.140342 -0.803063

 -0.175284 0.140342 -0.802719

 -0.205398 0.072446 0.253848

 -0.137694 0.075385 0.125275

 -0.176958 -0.028134 0.176906

 -0.159544 -0.052800 0.117626

 -0.091402 0.010078 0.022376

 -0.117071 -0.043287 0.058124

 -0.236659 -0.000902 0.055695

 -0.006222 0.117705 -0.093286

 0.000000 0.091833 -0.093286

 -0.195409 0.029672 0.376293

 -0.186868 -0.034634 0.442248

 -0.152041 -0.035344 0.441619

 -0.156500 0.032713 0.373691

 -0.224708 0.015255 0.426623

 -0.156931 0.039110 0.381164

 -0.224107 -0.012538 0.447391

 -0.151128 -0.071149 0.487233

 -0.219633 0.052638 0.407800

 -0.129067 0.142988 0.324585

 -0.234846 0.020818 0.461156

 -0.154209 -0.034893 0.566568

 -0.218219 0.174036 0.406185

 -0.221627 0.055696 0.547709

 -0.173014 0.144844 0.331215

 -0.224955 0.004891 0.516657

 -0.177894 -0.070163 0.487787

 -0.197059 0.035666 0.392182

 -0.260274 0.043667 0.433029

 -0.260808 0.051963 0.441937

 -0.250920 0.014621 0.430971

 -0.183955 -0.036435 0.358185

 -0.154985 -0.044163 0.362380

 -0.173285 0.039404 0.357087

 -0.137245 0.030420 0.365932

 -0.153729 -0.030266 0.525848

 -0.164397 -0.020611 0.524757

 -0.155127 -0.003628 0.533768

 -0.162460 0.167151 0.489434

 -0.210481 0.164738 0.488494

 -0.209461 0.126742 0.533966

 -0.161441 0.129155 0.534905

 0.013479 -0.287775 0.460712

 -0.189577 0.344575 0.282452

 0.027728 -0.039370 0.267164

 -0.013281 0.088337 0.231163

 -0.136381 0.169420 0.125138

 -0.188069 0.076004 0.151626

 -0.205431 0.213735 0.140131

 -0.256508 0.122599 0.174633

 -0.060044 0.114241 0.281047

 -0.187942 0.217168 0.289918

 -0.005773 0.077978 0.354509

 -0.204772 0.067203 0.273043

 -0.531503 0.096915 -0.113128

 -0.812803 0.456117 -0.326994

 -0.462436 0.168571 -0.081828

 -0.787456 0.482379 -0.315005

 -0.600571 0.099258 -0.034969

 -0.838588 0.456875 -0.298526

 -0.531503 0.170915 -0.003669

 -0.813241 0.483136 -0.286536

 -0.893929 0.570280 -0.371962

 -0.431671 0.126492 -0.053381

 -0.500739 0.054835 -0.084680

 -0.500739 0.128835 0.024779

 -0.569806 0.057179 -0.006521

 -0.479427 0.102529 -0.037180

 -0.500739 0.103252 -0.013064

 -0.522050 0.081142 -0.022721

 -0.500739 0.080419 -0.046838

 -0.338745 -0.126245 0.125004

 -0.332230 -0.126466 0.117632

 -0.338745 -0.133225 0.114680

 -0.345259 -0.133004 0.122052

 -0.729034 0.013860 0.022764

 -0.311575 0.223333 -0.118850

 -0.327972 -0.128792 0.152994

 -0.298706 -0.129785 0.119876

 -0.327972 -0.160148 0.106613

 -0.357238 -0.159155 0.139731

 -0.301544 -0.180617 0.154241

 0.002828 -0.172747 0.355553

 -0.011547 -0.104657 0.303087

 -0.068600 -0.179586 0.347539

 -0.084970 -0.112567 0.298473

 -0.142631 -0.253704 0.243089

 -0.110535 -0.249757 0.197212

 -0.177844 -0.193349 0.223647

 -0.145748 -0.189402 0.177770

 -0.354161 -0.049796 0.035048

 -0.348110 -0.084423 0.053222

 -0.371837 -0.048706 0.043009

 -0.365786 -0.083333 0.061183

 -0.392537 -0.152143 0.065438

 -0.373529 -0.121054 0.046369

 -0.377060 -0.100846 0.035763

 -0.401055 -0.103398 0.039854

 -0.055106 -0.211397 0.272222

 -0.110300 -0.130990 0.221347

 -0.125629 -0.240808 0.305658

 -0.181456 -0.156561 0.262176

 -0.384227 -0.098341 0.042921

 -0.392274 -0.096601 0.049882

 -0.383756 -0.145346 0.075465

 -0.380696 -0.118549 0.053527

 -0.338734 -0.030299 0.138772

 -0.325014 -0.108813 0.179980

 -0.307466 -0.114056 0.111760

 -0.323666 -0.042217 0.057148

 -0.418537 -0.158686 0.116094

 -0.396160 -0.133394 0.156832

 -0.432257 -0.080172 0.074886

 -0.409881 -0.054880 0.115625

 -0.350596 -0.137627 0.133597

 -0.335650 -0.114381 0.120524

 -0.366440 -0.046964 0.086014

 -0.351850 -0.042542 0.065913

 -0.405740 -0.077110 0.071891

 -0.392020 -0.155624 0.113099

 -0.370818 -0.142070 0.131863

 -0.386661 -0.051408 0.084279

 -0.251857 -0.162372 0.125712

 -0.296848 -0.160201 0.158464

 -0.230254 -0.124763 0.152893

 -0.275246 -0.122592 0.185646

 -0.219203 -0.216159 0.128408

 -0.262629 -0.223492 0.195368

 -0.183775 -0.167154 0.156751

 -0.227202 -0.174488 0.223711

 -0.169011 -0.255452 0.162341

 -0.165346 -0.200007 0.170273

 -0.211597 -0.260998 0.220792

 -0.207931 -0.205554 0.228723

 -0.282366 -0.072033 0.140801

 -0.301914 -0.102512 0.160693

 -0.288509 -0.093736 0.101512

 -0.308057 -0.124215 0.121404

tris:

 4 255 294

 93 2 0

 93 0 95

 3 94 191

 3 191 44

 63 64 67

 0 7 102

 0 102 95

 6 1 67

 2 68 5

 2 5 12

 42 4 62

 42 62 65

 220 104 5

 220 5 68

 150 103 4

 150 4 42

 9 296 295

 9 295 11

 62 4 294

 62 294 296

 3 61 9

 3 9 8

 61 62 9

 62 296 9

 106 105 254

 112 110 254

 294 8 10

 294 10 293

 7 0 13

 25 22 16

 25 16 17

 14 15 17

 14 17 16

 23 24 15

 23 15 14

 24 25 17

 24 17 15

 5 7 13

 5 13 12

 37 34 19

 37 19 21

 36 37 21

 36 21 20

 35 36 20

 35 20 18

 34 35 18

 34 18 19

 59 60 25

 59 25 24

 58 59 24

 58 24 23

 57 58 23

 57 23 22

 60 57 22

 60 22 25

 30 31 27

 30 27 26

 31 32 28

 31 28 27

 32 33 29

 32 29 28

 33 30 26

 33 26 29

 21 19 30

 21 30 33

 20 21 33

 20 33 32

 18 20 32

 18 32 31

 19 18 31

 19 31 30

 38 39 35

 38 35 34

 39 40 36

 39 36 35

 40 41 37

 40 37 36

 41 38 34

 41 34 37

 2 12 38

 2 38 41

 0 2 41

 0 41 40

 13 0 40

 13 40 39

 12 13 39

 12 39 38

 104 150 42

 104 42 5

 5 42 65

 5 65 7

 7 65 102

 65 149 102

 72 71 83

 96 61 45

 96 45 194

 61 3 44

 61 44 45

 75 195 249

 75 249 87

 198 248 78

 53 54 49

 53 49 52

 54 55 50

 54 50 49

 55 56 51

 55 51 50

 56 53 52

 56 52 51

 29 26 53

 29 53 56

 28 29 56

 28 56 55

 27 28 55

 27 55 54

 26 27 54

 26 54 53

 52 49 57

 52 57 60

 49 50 58

 49 58 57

 50 51 59

 50 59 58

 51 52 60

 51 60 59

 14 16 48

 22 23 48

 16 22 48

 23 14 48

 63 1 61

 63 61 96

 1 6 62

 1 62 61

 64 63 96

 64 96 101

 6 43 65

 6 65 62

 66 64 101

 66 101 149

 43 66 149

 43 149 65

 64 66 67

 1 63 67

 66 43 67

 43 6 67

 93 220 68

 93 68 2

 85 245 224

 85 224 69

 243 84 70

 243 70 223

 84 85 69

 84 69 70

 69 224 226

 69 226 80

 223 70 79

 223 79 228

 70 71 72

 80 226 230

 80 230 77

 78 76 198

 47 46 75

 47 75 76

 72 74 78

 72 78 79

 70 69 80

 70 80 71

 73 71 80

 73 80 77

 74 47 76

 74 76 78

 74 81 82

 74 82 47

 72 83 81

 72 81 74

 73 46 82

 73 82 81

 71 73 81

 71 81 83

 46 47 82

 45 44 84

 44 85 84

 194 45 243

 45 84 243

 44 191 85

 191 245 85

 246 86 232

 79 86 246

 232 86 248

 248 86 78

 246 228 79

 79 78 86

 87 249 252

 87 252 88

 76 75 87

 76 87 88

 198 76 88

 198 88 252

 70 72 79

 97 107 256

 93 95 89

 93 89 91

 92 192 191

 92 191 94

 214 218 215

 89 95 100

 95 102 100

 99 218 90

 91 113 98

 91 98 219

 147 216 213

 147 213 97

 220 219 98

 220 98 104

 150 147 97

 150 97 103

 106 110 108

 110 112 108

 213 108 107

 213 107 97

 92 105 106

 92 106 212

 212 106 213

 106 108 213

 293 10 253

 110 106 254

 160 159 118

 160 118 117

 107 111 109

 107 109 105

 100 114 89

 130 122 121

 130 121 127

 169 167 168

 169 168 170

 115 121 122

 115 122 116

 162 160 117

 162 117 119

 128 115 116

 128 116 129

 161 162 119

 161 119 120

 159 161 120

 159 120 118

 129 116 122

 129 122 130

 98 113 114

 98 114 100

 142 126 124

 142 124 139

 141 125 126

 141 126 142

 140 123 125

 140 125 141

 139 124 123

 139 123 140

 210 129 130

 210 130 211

 209 128 129

 209 129 210

 208 127 128

 208 128 209

 211 130 127

 211 127 208

 135 131 132

 135 132 136

 136 132 133

 136 133 137

 137 133 134

 137 134 138

 138 134 131

 138 131 135

 126 138 135

 126 135 124

 125 137 138

 125 138 126

 123 136 137

 123 137 125

 124 135 136

 124 136 123

 143 139 140

 143 140 144

 144 140 141

 144 141 145

 145 141 142

 145 142 146

 146 142 139

 146 139 143

 91 146 143

 91 143 113

 89 145 146

 89 146 91

 114 144 145

 114 145 89

 113 143 144

 113 144 114

 104 98 147

 104 147 150

 98 100 216

 98 216 147

 100 102 149

 100 149 216

 260 153 154

 260 154 258

 258 154 152

 258 152 257

 259 151 153

 259 153 260

 257 152 151

 257 151 259

 153 156 158

 153 158 154

 154 158 157

 154 157 152

 151 155 156

 151 156 153

 152 157 155

 152 155 151

 156 160 162

 156 162 158

 158 162 161

 158 161 157

 155 159 160

 155 160 156

 157 161 159

 157 159 155

 165 174 173

 165 173 164

 183 172 174

 183 174 186

 187 189 185

 187 185 179

 173 174 172

 173 172 171

 119 177 178

 119 178 120

 117 176 177

 117 177 119

 118 175 176

 118 176 117

 120 178 175

 120 175 118

 188 190 175

 188 175 167

 187 188 167

 187 167 169

 190 184 185

 190 185 189

 166 172 183

 166 183 181

 164 173 177

 164 177 170

 163 171 172

 163 172 166

 170 177 169

 177 176 169

 167 175 178

 167 178 168

 164 163 166

 164 166 165

 180 186 174

 180 174 165

 168 178 171

 168 171 163

 170 168 163

 170 163 164

 186 180 181

 186 181 183

 184 182 179

 184 179 185

 165 166 181

 165 181 180

 177 173 171

 177 171 178

 175 190 189

 175 189 176

 179 182 188

 179 188 187

 182 184 190

 182 190 188

 169 176 189

 169 189 187

 227 241 225

 96 194 193

 96 193 212

 212 193 192

 212 192 92

 233 250 249

 233 249 195

 198 236 248

 204 203 200

 204 200 205

 205 200 201

 205 201 206

 206 201 202

 206 202 207

 207 202 203

 207 203 204

 134 207 204

 134 204 131

 133 206 207

 133 207 134

 132 205 206

 132 206 133

 131 204 205

 131 205 132

 203 211 208

 203 208 200

 200 208 209

 200 209 201

 201 209 210

 201 210 202

 202 210 211

 202 211 203

 115 199 121

 127 199 128

 121 199 127

 128 199 115

 214 96 212

 214 212 90

 90 212 213

 90 213 99

 215 101 96

 215 96 214

 99 213 216

 99 216 148

 217 149 101

 217 101 215

 148 216 149

 148 149 217

 215 218 217

 90 218 214

 217 218 148

 148 218 99

 93 91 219

 93 219 220

 244 221 224

 244 224 245

 243 223 222

 243 222 242

 242 222 221

 242 221 244

 221 238 226

 221 226 224

 223 228 237

 223 237 222

 222 227 225

 238 235 230

 238 230 226

 236 198 234

 197 234 233

 197 233 196

 227 237 236

 227 236 231

 222 225 238

 222 238 221

 229 235 238

 229 238 225

 231 236 234

 231 234 197

 231 197 240

 231 240 239

 227 231 239

 227 239 241

 229 239 240

 229 240 196

 225 241 239

 225 239 229

 196 240 197

 193 242 244

 193 244 192

 194 243 242

 194 242 193

 192 244 245

 192 245 191

 246 232 247

 237 246 247

 232 248 247

 248 236 247

 246 237 228

 237 247 236

 250 251 252

 250 252 249

 234 251 250

 234 250 233

 198 252 251

 198 251 234

 222 237 227

 9 11 253

 105 109 254

 11 295 253

 111 112 254

 8 9 253

 10 8 253

 295 293 253

 109 111 254

 94 255 103

 3 255 94

 103 255 4

 97 256 103

 94 256 92

 103 256 94

 255 3 8

 255 8 294

 107 105 92

 107 92 256

 107 257 259

 107 259 111

 111 259 260

 111 260 112

 108 258 257

 108 257 107

 112 260 258

 112 258 108

 77 230 261

 230 195 261

 195 75 261

 75 77 261

 235 233 262

 233 195 262

 195 230 262

 230 235 262

 73 263 46

 77 263 73

 75 263 77

 46 263 75

 233 264 196

 235 264 233

 229 264 235

 196 264 229

 265 266 268

 265 268 267

 267 268 272

 267 272 271

 271 272 270

 271 270 269

 269 270 266

 269 266 265

 268 266 273

 266 270 273

 272 268 273

 270 272 273

 279 280 285

 279 285 282

 274 276 279

 274 279 278

 276 277 280

 276 280 279

 277 275 281

 277 281 280

 275 274 278

 275 278 281

 285 284 290

 285 290 291

 278 279 282

 278 282 283

 280 281 284

 280 284 285

 281 278 283

 281 283 284

 269 286 271

 276 286 277

 271 286 276

 265 286 269

 275 286 265

 277 286 275

 271 287 267

 276 287 271

 274 287 276

 267 287 265

 275 287 274

 265 287 275

 291 290 292

 284 283 289

 284 289 290

 282 285 291

 282 291 288

 283 282 288

 283 288 289

 290 289 292

 288 291 292

 289 288 292

 312 310 300

 312 300 299

 310 309 298

 310 298 300

 311 312 299

 311 299 297

 309 311 297

 309 297 298

 342 344 299

 342 299 300

 341 342 300

 341 300 298

 343 341 298

 343 298 297

 344 343 297

 344 297 299

 293 295 311

 293 311 309

 295 296 312

 295 312 311

 294 293 309

 294 309 310

 296 294 310

 296 310 312

 326 304 302

 326 302 319

 313 303 301

 313 301 307

 316 304 303

 316 303 313

 320 319 302

 320 302 301

 318 317 324

 318 324 322

 330 315 314

 330 314 329

 307 306 316

 307 316 313

 305 308 314

 305 314 315

 325 331 332

 325 332 327

 327 332 324

 327 324 317

 315 330 321

 315 321 305

 331 330 329

 331 329 332

 328 327 317

 328 317 320

 325 326 318

 326 319 318

 332 329 323

 332 323 324

 331 325 318

 331 318 322

 329 314 308

 329 308 323

 301 302 306

 301 306 307

 304 326 328

 304 328 303

 303 328 320

 303 320 301

 345 347 320

 345 320 317

 347 348 319

 347 319 320

 348 346 319

 346 318 319

 346 345 317

 346 317 318

 322 324 323

 322 323 321

 304 316 306

 304 306 302

 308 305 321

 308 321 323

 330 331 322

 330 322 321

 338 340 336

 338 336 334

 340 339 335

 340 335 336

 337 338 334

 337 334 333

 339 337 333

 339 333 335

 343 344 340

 343 340 338

 344 342 339

 344 339 340

 341 343 338

 341 338 337

 342 341 337

 342 337 339

 335 333 347

 335 347 345

 333 334 348

 333 348 347

 336 335 345

 336 345 346

 326 325 327

 326 327 328

 334 336 346

 334 346 348

palette:

 255 255 255 255

color:

 0 0 0

 0 0 0

 0 0 0

 0 0 0

 0 0 0

 0 0 0

 0 0 0

 0 0 0

 0 0 0

 0 0 0

 0 0 0

 0 0 0

 0 0 0

 0 0 0

 0 0 0

 0 0 0

 0 0 0

 0 0 0

 0 0 0

 0 0 0

 0 0 0

 0 0 0

 0 0 0

 0 0 0

 0 0 0

 0 0 0

 0 0 0

 0 0 0

 0 0 0

 0 0 0

 0 0 0

 0 0 0

 0 0 0

 0 0 0

 0 0 0

 0 0 0

 0 0 0

 0 0 0

 0 0 0

 0 0 0

 0 0 0

 0 0 0

 0 0 0

 0 0 0

 0 0 0

 0 0 0

 0 0 0

 0 0 0

 0 0 0

 0 0 0

 0 0 0

 0 0 0

 0 0 0

 0 0 0

 0 0 0

 0 0 0

 0 0 0

 0 0 0

 0 0 0

 0 0 0

 0 0 0

 0 0 0

 0 0 0

 0 0 0

 0 0 0

 0 0 0

 0 0 0

 0 0 0

 0 0 0

 0 0 0

 0 0 0

 0 0 0

 0 0 0

 0 0 0

 0 0 0

 0 0 0

 0 0 0

 0 0 0

 0 0 0

 0 0 0

 0 0 0

 0 0 0

 0 0 0

 0 0 0

 0 0 0

 0 0 0

 0 0 0

 0 0 0

 0 0 0

 0 0 0

 0 0 0

 0 0 0

 0 0 0

 0 0 0

 0 0 0

 0 0 0

 0 0 0

 0 0 0

 0 0 0

 0 0 0

 0 0 0

 0 0 0

 0 0 0

 0 0 0

 0 0 0

 0 0 0

 0 0 0

 0 0 0

 0 0 0

 0 0 0

 0 0 0

 0 0 0

 0 0 0

 0 0 0

 0 0 0

 0 0 0

 0 0 0

 0 0 0

 0 0 0

 0 0 0

 0 0 0

 0 0 0

 0 0 0

 0 0 0

 0 0 0

 0 0 0

 0 0 0

 0 0 0

 0 0 0

 0 0 0

 0 0 0

 0 0 0

 0 0 0

 0 0 0

 0 0 0

 0 0 0

 0 0 0

 0 0 0

 0 0 0

 0 0 0

 0 0 0

 0 0 0

 0 0 0

 0 0 0

 0 0 0

 0 0 0

 0 0 0

 0 0 0

 0 0 0

 0 0 0

 0 0 0

 0 0 0

 0 0 0

 0 0 0

 0 0 0

 0 0 0

 0 0 0

 0 0 0

 0 0 0

 0 0 0

 0 0 0

 0 0 0

 0 0 0

 0 0 0

 0 0 0

 0 0 0

 0 0 0

 0 0 0

 0 0 0

 0 0 0

 0 0 0

 0 0 0

 0 0 0

 0 0 0

 0 0 0

 0 0 0

 0 0 0

 0 0 0

 0 0 0

 0 0 0

 0 0 0

 0 0 0

 0 0 0

 0 0 0

 0 0 0

 0 0 0

 0 0 0

 0 0 0

 0 0 0

 0 0 0

 0 0 0

 0 0 0

 0 0 0

 0 0 0

 0 0 0

 0 0 0

 0 0 0

 0 0 0

 0 0 0

 0 0 0

 0 0 0

 0 0 0

 0 0 0

 0 0 0

 0 0 0

 0 0 0

 0 0 0

 0 0 0

 0 0 0

 0 0 0

 0 0 0

 0 0 0

 0 0 0

 0 0 0

 0 0 0

 0 0 0

 0 0 0

 0 0 0

 0 0 0

 0 0 0

 0 0 0

 0 0 0

 0 0 0

 0 0 0

 0 0 0

 0 0 0

 0 0 0

 0 0 0

 0 0 0

 0 0 0

 0 0 0

 0 0 0

 0 0 0

 0 0 0

 0 0 0

 0 0 0

 0 0 0

 0 0 0

 0 0 0

 0 0 0

 0 0 0

 0 0 0

 0 0 0

 0 0 0

 0 0 0

 0 0 0

 0 0 0

 0 0 0

 0 0 0

 0 0 0

 0 0 0

 0 0 0

 0 0 0

 0 0 0

 0 0 0

 0 0 0

 0 0 0

 0 0 0

 0 0 0

 0 0 0

 0 0 0

 0 0 0

 0 0 0

 0 0 0

 0 0 0

 0 0 0

 0 0 0

 0 0 0

 0 0 0

 0 0 0

 0 0 0

 0 0 0

 0 0 0

 0 0 0

 0 0 0

 0 0 0

 0 0 0

 0 0 0

 0 0 0

 0 0 0

 0 0 0

 0 0 0

 0 0 0

 0 0 0

 0 0 0

 0 0 0

 0 0 0

 0 0 0

 0 0 0

 0 0 0

 0 0 0

 0 0 0

 0 0 0

 0 0 0

 0 0 0

 0 0 0

 0 0 0

 0 0 0

 0 0 0

 0 0 0

 0 0 0

 0 0 0

 0 0 0

 0 0 0

 0 0 0

 0 0 0

 0 0 0

 0 0 0

 0 0 0

 0 0 0

 0 0 0

 0 0 0

 0 0 0

 0 0 0

 0 0 0

 0 0 0

 0 0 0

 0 0 0

 0 0 0

 0 0 0

 0 0 0

 0 0 0

 0 0 0

 0 0 0

 0 0 0

 0 0 0

 0 0 0

 0 0 0

 0 0 0

 0 0 0

 0 0 0

 0 0 0

 0 0 0

 0 0 0

 0 0 0

 0 0 0

 0 0 0

 0 0 0

 0 0 0

 0 0 0

 0 0 0

 0 0 0

 0 0 0

 0 0 0

 0 0 0

 0 0 0

 0 0 0

 0 0 0

 0 0 0

 0 0 0

 0 0 0

 0 0 0

 0 0 0

 0 0 0

 0 0 0

 0 0 0

 0 0 0

 0 0 0

 0 0 0

 0 0 0

 0 0 0

 0 0 0

 0 0 0

 0 0 0

 0 0 0

 0 0 0

 0 0 0

 0 0 0

 0 0 0

 0 0 0

 0 0 0

 0 0 0

 0 0 0

 0 0 0

 0 0 0

 0 0 0

 0 0 0

 0 0 0

 0 0 0

 0 0 0

 0 0 0

 0 0 0

 0 0 0

 0 0 0

 0 0 0

 0 0 0

 0 0 0

 0 0 0

 0 0 0

 0 0 0

 0 0 0

 0 0 0

 0 0 0

 0 0 0

 0 0 0

 0 0 0

 0 0 0

 0 0 0

 0 0 0

 0 0 0

 0 0 0

 0 0 0

 0 0 0

 0 0 0

 0 0 0

 0 0 0

 0 0 0

 0 0 0

 0 0 0

 0 0 0

 0 0 0

 0 0 0

 0 0 0

 0 0 0

 0 0 0

 0 0 0

 0 0 0

 0 0 0

 0 0 0

 0 0 0

 0 0 0

 0 0 0

 0 0 0

 0 0 0

 0 0 0

 0 0 0

 0 0 0

 0 0 0

 0 0 0

 0 0 0

 0 0 0

 0 0 0

 0 0 0

 0 0 0

 0 0 0

 0 0 0

 0 0 0

 0 0 0

 0 0 0

 0 0 0

 0 0 0

 0 0 0

 0 0 0

 0 0 0

 0 0 0

 0 0 0

 0 0 0

 0 0 0

 0 0 0

 0 0 0

 0 0 0

 0 0 0

 0 0 0

 0 0 0

 0 0 0

 0 0 0

 0 0 0

 0 0 0

 0 0 0

 0 0 0

 0 0 0

 0 0 0

 0 0 0

 0 0 0

 0 0 0

 0 0 0

 0 0 0

 0 0 0

 0 0 0

 0 0 0

 0 0 0

 0 0 0

 0 0 0

 0 0 0

 0 0 0

 0 0 0

 0 0 0

 0 0 0

 0 0 0

 0 0 0

 0 0 0

 0 0 0

 0 0 0

 0 0 0

 0 0 0

 0 0 0

 0 0 0

 0 0 0

 0 0 0

 0 0 0

 0 0 0

 0 0 0

 0 0 0

 0 0 0

 0 0 0

 0 0 0

 0 0 0

 0 0 0

 0 0 0

 0 0 0

 0 0 0

 0 0 0

 0 0 0

 0 0 0

 0 0 0

 0 0 0

 0 0 0

 0 0 0

 0 0 0

 0 0 0

 0 0 0

 0 0 0

 0 0 0

 0 0 0

 0 0 0

 0 0 0

 0 0 0

 0 0 0

 0 0 0

 0 0 0

 0 0 0

 0 0 0

 0 0 0

 0 0 0

 0 0 0

 0 0 0

 0 0 0

 0 0 0

 0 0 0

 0 0 0

 0 0 0

 0 0 0

 0 0 0

 0 0 0

 0 0 0

 0 0 0

 0 0 0

 0 0 0

 0 0 0

 0 0 0

 0 0 0

 0 0 0

 0 0 0

 0 0 0

 0 0 0

 0 0 0

 0 0 0

 0 0 0

 0 0 0

 0 0 0

 0 0 0

 0 0 0

 0 0 0

 0 0 0

 0 0 0

 0 0 0

 0 0 0

 0 0 0

 0 0 0

 0 0 0

 0 0 0

 0 0 0

 0 0 0

 0 0 0

 0 0 0

 0 0 0

 0 0 0

 0 0 0

 0 0 0

 0 0 0

 0 0 0

 0 0 0

 0 0 0

 0 0 0

 0 0 0

 0 0 0

 0 0 0

 0 0 0

 0 0 0

 0 0 0

 0 0 0

 0 0 0

 0 0 0

 0 0 0

 0 0 0

 0 0 0

 0 0 0

 0 0 0

 0 0 0

 0 0 0

 0 0 0

 0 0 0

 0 0 0

 0 0 0

 0 0 0

 0 0 0

 0 0 0

 0 0 0

 0 0 0

 0 0 0

 0 0 0

 0 0 0

 0 0 0

 0 0 0

 0 0 0

 0 0 0

 0 0 0

 0 0 0

 0 0 0

 0 0 0

 0 0 0

 0 0 0

 0 0 0

 0 0 0

 0 0 0

 0 0 0

 0 0 0

 0 0 0

 0 0 0

 0 0 0

 0 0 0

 0 0 0

 0 0 0

 0 0 0

 0 0 0

 0 0 0

 0 0 0

 0 0 0

 0 0 0

 0 0 0

 0 0 0

 0 0 0

 0 0 0

 0 0 0

 0 0 0

 0 0 0

 0 0 0

 0 0 0

 0 0 0

 0 0 0

 0 0 0

 0 0 0

 0 0 0

 0 0 0

 0 0 0

 0 0 0

 0 0 0

 0 0 0

 0 0 0

 0 0 0

 0 0 0

 0 0 0

 0 0 0

 0 0 0

 0 0 0

 0 0 0

 0 0 0

 0 0 0

 0 0 0

 0 0 0

 0 0 0

 0 0 0

 0 0 0

 0 0 0

 0 0 0

 0 0 0

 0 0 0

 0 0 0

 0 0 0

 0 0 0

 0 0 0

 0 0 0

 0 0 0

 0 0 0

 0 0 0

 0 0 0

 0 0 0

 0 0 0

 0 0 0

 0 0 0

 0 0 0

 0 0 0

 0 0 0

 0 0 0

 0 0 0

 0 0 0

 0 0 0

 0 0 0

 0 0 0

 0 0 0

