vectors:

 -0.440443 -0.440443 -0.440443

 -0.440443 -0.440443 0.440443

 -0.440443 0.440443 -0.440443

 -0.440443 0.440443 0.440443

 0.440443 -0.440443 -0.440443

 0.440443 -0.440443 0.440443

 0.440443 0.440443 -0.440443

 0.440443 0.440443 0.440443

 -1.408134 0.000000 0.000000

 0.000000 1.408134 0.000000

 1.408134 0.000000 0.000000

 0.000000 -1.408134 0.000000

 0.000000 0.000000 -1.408134

 0.000000 0.000000 1.408134

tris:

 1 8 0

 3 8 1

 2 8 3

 0 8 2

 3 9 2

 7 9 3

 6 9 7

 2 9 6

 7 10 6

 5 10 7

 4 10 5

 6 10 4

 5 11 4

 1 11 5

 0 11 1

 4 11 0

 6 12 2

 4 12 6

 0 12 4

 2 12 0

 3 13 7

 1 13 3

 5 13 1

 7 13 5

palette:

 3 0 255 255

 255 237 0 255

 0 255 0 255

 0 0 0 255

 255 0 9 255

 0 255 204 255

color:

 0 1 0

 2 1 0

 3 1 2

 0 1 3

 2 3 3

 4 3 2

 4 3 4

 3 3 4

 4 4 4

 0 4 4

 0 4 0

 4 4 0

 0 0 0

 0 0 0

 0 0 0

 0 0 0

 4 5 3

 0 5 4

 0 5 0

 3 5 0

 2 2 4

 0 2 2

 0 2 0

 4 2 0

