24
Sphere
Cone
1.330508,2.084367,2.375209
0.000000,0.000000,0.000000
1.000000,1.000000,1.000000
-1.352603,0.248953,0.648554
0.572125,0.572125,0.572125
-1.260549,0.120839,1.506419
0.986956,0.986956,0.986956
-2.518528,0.357559,3.204292
0.925830,0.925830,0.925830
-4.060116,0.852744,3.955886
0.363591,0.363591,0.363591
-1.520889,0.682793,1.018660
-1.691355,-0.488362,0.464780
0.101417,-0.614732,-0.955074
-4.800831,0.547827,4.173914
-0.590768,0.332596,1.663459
0.395553,1.062668,-0.694348
0.496769,0.496769,0.496769
0.305953,0.254810,0.731825
0.372259,1.064021,-0.680638
0.516888,0.516888,0.516888
-2.371549,0.505962,5.237249
1.205895,-0.062306,-1.867143
1.377973,1.377973,1.377973
0.277795,0.995764,4.536690
0.120400,1.078647,-0.532413
0.734412,0.734412,0.734412
-0.650445,-2.220003,0.252929
-0.119087,1.092554,-0.391469
0.941252,0.941252,0.941252
2.903442,0.156097,1.166904
-0.187108,1.096504,-0.351437
0.507931,0.291036,3.892158
-2.087600,-0.663501,2.556921
0.091809,0.091374,-1.059412
-2.772012,0.156070,7.047412
0,0,0,1,2
0,3,3,1,4
0,6,0,1,2
0,11,3,1,4
0,19,1,1,2
0,23,5,1,6
0,29,7,1,8
0,48,3,1,4
0,66,9,1,10
0,168,11,1,10
0,211,1,1,10
0,232,12,13,10
0,247,14,1,10
1,0,15,16,17
1,1,15,16,17
1,14,18,19,20
1,34,21,22,23
1,53,24,25,26
1,86,27,28,29
1,109,30,31,2
1,168,32,31,2
1,211,1,1,2
1,232,33,34,2
1,247,35,31,2
