vectors:

 -23.514730 8.205115 -23.473936

 -23.514730 2.984828 23.555523

 23.514729 8.205115 -23.473936

 23.514729 2.824537 23.555523

 -23.514730 8.205115 -19.856283

 -23.514730 9.836274 -16.238632

 -23.514730 9.836274 -12.620981

 -23.514730 9.836277 -9.003330

 -23.514730 8.205118 -5.385680

 -23.514730 8.205118 -1.768029

 -23.514730 8.205118 1.849621

 -23.514730 8.205118 5.467272

 -23.514730 8.205118 9.084923

 -23.514730 5.566035 12.702573

 -23.514730 2.984828 16.320225

 -23.514730 2.984828 19.937874

 23.514729 2.824537 19.937872

 23.514729 6.497319 16.320221

 23.514729 6.497317 12.702570

 23.514729 6.497317 9.084919

 23.514729 6.497317 5.467269

 23.514729 8.205118 1.849618

 23.514729 9.732536 -2.509728

 23.514729 9.732536 -6.127379

 23.514729 9.732536 -9.745029

 23.514729 8.205117 -12.620984

 23.514729 8.205115 -16.238636

 23.514729 8.205115 -19.856285

 -19.897079 2.984828 23.555523

 -16.279428 2.984828 23.555523

 -12.661777 2.984828 23.555523

 -9.044127 5.566038 23.555523

 -5.426475 8.205121 23.555523

 -1.808825 8.205121 23.555523

 1.808826 8.205121 23.555523

 5.426477 8.205121 23.555523

 9.044127 8.205121 23.555523

 12.661777 2.824537 23.555523

 16.279428 2.824537 23.555523

 19.897078 2.824537 23.555523

 19.897078 8.205115 -23.473936

 16.279425 8.205115 -23.473936

 12.661774 8.205115 -23.473936

 9.044124 8.205115 -23.473936

 5.426474 8.205115 -23.473936

 1.808823 8.205115 -23.473936

 -1.808828 8.205115 -23.473936

 -5.426478 8.205115 -23.473936

 -9.044130 8.205115 -23.473936

 -12.661779 8.205115 -23.473936

 -16.279430 8.205115 -23.473936

 -19.897081 8.205115 -23.473936

 -19.897079 2.984828 19.937874

 -16.279428 2.984828 19.937874

 -12.661777 2.984828 19.937874

 -9.044127 5.566038 19.937874

 -5.426475 8.205121 19.937874

 -1.808825 8.205121 19.937874

 1.808826 6.543180 19.937874

 5.426477 6.543180 19.937874

 9.044127 8.205121 19.937874

 12.661777 2.824537 19.937874

 16.279428 2.824537 19.937874

 19.897078 2.824537 19.937872

 -19.897079 2.984828 16.320225

 -16.279428 2.984828 16.320225

 -12.661777 2.984828 16.320225

 -9.044127 5.566037 16.320225

 -5.426475 8.205121 16.320225

 -1.808825 8.205121 16.320225

 1.808826 6.543180 16.320225

 5.426477 6.543180 16.320225

 9.044127 8.205121 16.320225

 12.661777 6.497319 16.320225

 16.279428 6.497319 16.320223

 19.897078 6.497319 16.320221

 -19.897079 5.566035 12.702573

 -16.279428 5.566035 12.702573

 -12.661777 5.566035 12.702573

 -9.044127 5.566035 12.702573

 -5.426475 8.205119 12.702573

 -1.808825 8.205119 12.702573

 1.808826 6.543180 12.702573

 5.426477 6.543180 12.702573

 9.044127 8.205119 12.702573

 12.661777 6.497317 12.702573

 16.279428 6.497317 12.702572

 19.897078 6.497317 12.702570

 -19.897079 5.566035 9.084923

 -16.279428 5.566035 9.084923

 -12.661777 5.566035 9.084923

 -9.044127 5.566035 9.084923

 -5.426475 8.205118 9.084922

 -1.808825 8.205118 9.084921

 1.808826 6.543180 9.084921

 5.426477 6.543180 9.084921

 9.044127 8.205118 9.084921

 12.661777 6.497317 9.084920

 16.279428 6.497317 9.084920

 19.897078 6.497317 9.084920

 -19.897079 8.205118 5.467271

 -16.279428 8.205118 5.467271

 -12.661777 8.205118 5.467270

 -9.044127 8.205118 5.467270

 -5.426475 8.205118 5.467270

 -1.808825 8.205118 5.467270

 1.808826 8.205118 5.467270

 5.426477 8.205118 5.467270

 9.044127 8.205118 5.467269

 12.661777 6.497317 5.467269

 16.279428 6.497317 5.467269

 19.897078 6.497317 5.467269

 -19.897079 8.205118 1.849621

 -16.279428 8.205118 1.849621

 -12.661777 8.205118 1.849621

 -9.044127 8.205118 1.849620

 -5.426475 8.205118 1.849620

 -1.808825 9.889008 1.849620

 1.808826 9.889008 1.849620

 5.426477 9.889008 1.849620

 9.044127 8.205118 1.849619

 12.661777 8.205118 1.849619

 16.279428 8.205118 1.849619

 19.897078 8.205118 1.849619

 -19.897079 8.205118 -1.768030

 -16.279428 8.205118 -1.768030

 -12.661777 8.205118 -1.768030

 -9.044127 8.205118 -1.768030

 -5.426475 8.205118 -1.768030

 -1.808825 9.889008 -1.768031

 1.808826 9.889008 -1.768031

 5.426477 9.889008 -1.768031

 9.044127 8.205118 -1.768031

 12.661777 8.205118 -1.768032

 16.279428 9.732536 -2.509727

 19.897078 9.732536 -2.509728

 -19.897079 8.205118 -5.385681

 -16.279428 8.205118 -5.385681

 -12.661777 8.205118 -5.385682

 -9.044127 8.205118 -5.385682

 -5.426475 8.205118 -5.385682

 -1.808825 9.889008 -5.385682

 1.808826 9.889008 -5.385682

 5.426477 9.889008 -5.385682

 9.044127 8.205118 -5.385683

 12.661777 8.205118 -5.385683

 16.279428 9.732536 -6.127379

 19.897078 9.732536 -6.127379

 -19.897079 9.836277 -9.003330

 -16.279428 9.836277 -9.003330

 -12.661777 9.836277 -9.003330

 -9.044127 9.836277 -9.003331

 -5.426475 8.205118 -9.003331

 -1.808825 9.889008 -9.003331

 1.808826 9.889008 -9.003332

 5.426477 9.889008 -9.003333

 9.044127 8.205118 -9.003333

 12.661777 9.732536 -9.745028

 16.279428 9.732536 -9.745028

 19.897078 9.732536 -9.745029

 -19.897079 9.836274 -12.620981

 -16.279428 9.836274 -12.620981

 -12.661777 9.836274 -12.620981

 -9.044127 9.836274 -12.620981

 -5.426475 8.205117 -12.620981

 -1.808825 8.205117 -12.620981

 1.808826 8.205117 -12.620981

 5.426477 8.205117 -12.620981

 9.044127 8.205117 -12.620981

 12.661777 9.732533 -13.362676

 16.279428 9.732533 -13.362677

 19.897078 9.732533 -13.362679

 -19.897079 9.836274 -16.238632

 -16.279428 9.836274 -16.238632

 -12.661777 9.836274 -16.238632

 -9.044127 9.836274 -16.238632

 -5.426475 8.205115 -16.238632

 -1.808825 8.205115 -16.238632

 1.808826 8.205115 -16.238632

 5.426477 8.205115 -16.238632

 9.044127 8.205115 -16.238632

 12.661777 9.732533 -16.980328

 16.279428 9.732533 -16.980330

 19.897078 9.732533 -16.980330

 -19.897079 8.205115 -19.856283

 -16.279428 8.205115 -19.856283

 -12.661777 8.205115 -19.856283

 -9.044127 8.205115 -19.856283

 -5.426475 8.205115 -19.856283

 -1.808825 8.205115 -19.856283

 1.808826 8.205115 -19.856283

 5.426477 8.205115 -19.856283

 9.044127 8.205115 -19.856283

 12.661777 8.205115 -19.856283

 16.279428 8.205115 -19.856283

 19.897078 8.205115 -19.856283

 -65.158974 10.277790 -65.042404

 -65.158974 -4.187550 65.275551

 65.158981 10.277790 -65.042404

 65.158981 -4.631715 65.275551

 -65.158974 10.277790 -55.017937

 -65.158974 14.797709 -44.993477

 -65.158974 14.797709 -34.969021

 -65.158974 14.797715 -24.944565

 -65.158974 10.277797 -14.920105

 -65.158974 10.277798 -4.895648

 -65.158974 10.277798 5.128810

 -65.158974 10.277799 15.153269

 -65.158974 10.277799 25.177725

 -65.158974 2.964937 35.202183

 -65.158974 -4.187551 45.226646

 -65.158974 -4.187550 55.251099

 65.158981 -4.631715 55.251099

 65.158981 5.545512 45.226635

 65.158981 5.545506 35.202175

 65.158981 5.545506 25.177713

 65.158981 5.545506 15.153261

 65.158981 10.277798 5.128802

 65.158981 14.510252 -6.950883

 65.158981 14.510251 -16.975342

 65.158981 14.510251 -26.999802

 65.158981 10.277796 -34.969028

 65.158981 10.277791 -44.993488

 65.158981 10.277790 -55.017941

 -55.134514 -4.187550 65.275551

 -45.110058 -4.187550 65.275551

 -35.085598 -4.187550 65.275551

 -25.061144 2.964944 65.275551

 -15.036682 10.277806 65.275551

 -5.012225 10.277806 65.275551

 5.012233 10.277806 65.275551

 15.036692 10.277806 65.275551

 25.061150 10.277806 65.275551

 35.085602 -4.631715 65.275551

 45.110065 -4.631715 65.275551

 55.134521 -4.631715 65.275551

 55.134521 10.277790 -65.042404

 45.110058 10.277790 -65.042404

 35.085594 10.277790 -65.042404

 25.061138 10.277790 -65.042404

 15.036682 10.277790 -65.042404

 5.012225 10.277790 -65.042404

 -5.012233 10.277790 -65.042404

 -15.036690 10.277790 -65.042404

 -25.061153 10.277790 -65.042404

 -35.085606 10.277790 -65.042404

 -45.110062 10.277790 -65.042404

 -55.134521 10.277790 -65.042404

 30.694740 9.241453 -44.258171

 23.873684 9.241453 -44.258171

 44.336853 9.241453 -37.437111

 44.336853 9.241453 -44.258171

 17.052631 9.241453 -44.258171

 -37.515800 9.241453 -44.258171

 -44.336853 9.241453 -44.258171

 10.231579 9.241453 -44.258171

 -44.336853 9.241453 -37.437111

 3.410524 9.241453 -44.258171

 -44.336853 12.316992 -30.616055

 -3.410530 9.241453 -44.258171

 -44.336853 12.316992 -23.795002

 -10.231585 9.241453 -44.258171

 -44.336853 12.316996 -16.973948

 -17.052643 9.241453 -44.258171

 -44.336853 9.241458 -10.152893

 -23.873692 9.241453 -44.258171

 -44.336853 9.241458 -3.331839

 -30.694746 9.241453 -44.258171

 -44.336853 9.241458 3.489216

 -44.336853 9.241458 10.310270

 -44.336853 9.241459 17.131325

 -44.336853 4.265486 23.952377

 -44.336853 -0.601360 44.415535

 -37.515797 -0.601360 44.415535

 -44.336853 -0.601361 30.773436

 -30.694744 -0.601360 44.415535

 -44.336853 -0.601361 37.594486

 -23.873688 -0.601360 44.415535

 44.336853 -0.903589 44.415535

 44.336853 -0.903589 37.594482

 -17.052635 4.265491 44.415535

 44.336853 6.021416 30.773428

 -10.231579 9.241464 44.415535

 44.336853 6.021412 23.952374

 -3.410525 9.241464 44.415535

 44.336853 6.021412 17.131317

 3.410530 9.241464 44.415535

 44.336853 6.021411 10.310265

 10.231585 9.241464 44.415535

 44.336853 9.241458 3.489210

 17.052639 9.241464 44.415535

 44.336853 12.121394 -4.730306

 23.873688 -0.903589 44.415535

 44.336853 12.121393 -11.551361

 30.694748 -0.903589 44.415535

 44.336853 12.121393 -18.372416

 37.515800 -0.903589 44.415535

 44.336853 9.241457 -23.795006

 37.515800 9.241453 -44.258171

 44.336853 9.241454 -30.616062

 23.487083 8.723284 -33.866055

 33.925789 8.723285 -28.646698

 -28.706440 8.723284 -33.866055

 -33.925793 1.191734 33.985527

 33.925789 0.960474 33.985527

 18.267729 8.723284 -33.866055

 33.925789 8.723284 -33.866055

 13.048378 8.723284 -33.866055

 -33.925793 8.723284 -33.866055

 7.829026 8.723284 -33.866055

 -33.925793 8.723285 -28.646698

 2.609674 8.723284 -33.866055

 -33.925793 11.076632 -23.427343

 -2.609679 8.723284 -33.866055

 -33.925793 11.076632 -18.207993

 -7.829031 8.723284 -33.866055

 -33.925793 11.076636 -12.988640

 -13.048387 8.723284 -33.866055

 -33.925793 8.723288 -7.769287

 -18.267735 8.723284 -33.866055

 -33.925793 8.723288 -2.549934

 -23.487087 8.723284 -33.866055

 -33.925793 8.723288 2.669419

 -33.925793 8.723288 7.888771

 -33.925793 8.723289 13.108124

 -33.925793 4.915761 18.327475

 -28.706438 1.191734 33.985527

 -33.925793 1.191734 23.546829

 -23.487087 1.191734 33.985527

 -33.925793 1.191734 28.766180

 -18.267733 1.191734 33.985527

 33.925789 0.960474 28.766178

 -13.048381 4.915764 33.985527

 33.925789 6.259368 23.546825

 -7.829027 8.723293 33.985527

 33.925789 6.259365 18.327473

 -2.609675 8.723293 33.985527

 33.925789 6.259365 13.108118

 2.609678 8.723293 33.985527

 33.925789 6.259365 7.888767

 7.829031 8.723293 33.985527

 33.925789 8.723288 2.669414

 13.048384 8.723293 33.985527

 33.925789 10.926966 -3.620017

 18.267733 0.960474 33.985527

 33.925789 10.926966 -8.839370

 23.487087 0.960474 33.985527

 33.925789 10.926965 -14.058723

 28.706440 0.960474 33.985527

 33.925789 8.723287 -18.207994

 28.706440 8.723284 -33.866055

 33.925789 8.723285 -23.427349

 19.883255 8.464200 -28.669994

 28.720259 8.464200 -24.251492

 -24.301762 8.464200 -28.669994

 -28.720261 2.088281 28.770525

 28.720259 1.892506 28.770525

 15.464751 8.464200 -28.669994

 28.720259 8.464200 -28.669994

 11.046251 8.464200 -28.669994

 -28.720261 8.464200 -28.669994

 6.627750 8.464200 -28.669994

 -28.720261 8.464200 -24.251492

 2.209248 8.464200 -28.669994

 -28.720261 10.456453 -19.832989

 -2.209253 8.464200 -28.669994

 -28.720261 10.456453 -15.414487

 -6.627754 8.464200 -28.669994

 -28.720261 10.456456 -10.995985

 -11.046259 8.464200 -28.669994

 -28.720261 8.464203 -6.577484

 -15.464757 8.464200 -28.669994

 -28.720261 8.464203 -2.158982

 -19.883259 8.464200 -28.669994

 -28.720261 8.464203 2.259520

 -28.720261 8.464203 6.678021

 -28.720261 8.464204 11.096523

 -28.720261 5.240898 15.515024

 -24.301758 2.088281 28.770525

 -28.720261 2.088281 19.933527

 -19.883259 2.088281 28.770525

 -28.720261 2.088281 24.352028

 -15.464754 2.088281 28.770525

 28.720259 1.892505 24.352024

 -11.046253 5.240901 28.770525

 28.720259 6.378344 19.933523

 -6.627751 8.464207 28.770525

 28.720259 6.378341 15.515021

 -2.209250 8.464207 28.770525

 28.720259 6.378341 11.096519

 2.209252 8.464207 28.770525

 28.720259 6.378341 6.678018

 6.627754 8.464207 28.770525

 28.720259 8.464203 2.259516

 11.046255 8.464207 28.770525

 28.720259 10.329751 -3.064872

 15.464754 1.892506 28.770525

 28.720259 10.329751 -7.483374

 19.883259 1.892506 28.770525

 28.720259 10.329750 -11.901876

 24.301758 1.892506 28.770525

 28.720259 8.464202 -15.414490

 24.301758 8.464200 -28.669994

 28.720259 8.464200 -19.832993

 21.070705 8.982368 -39.062111

 39.131321 8.982368 -39.062111

 15.050505 8.982368 -39.062111

 -39.131325 8.982368 -39.062111

 9.030302 8.982368 -39.062111

 -39.131325 8.982368 -33.041904

 3.010099 8.982368 -39.062111

 -39.131325 11.696813 -27.021698

 -3.010104 8.982368 -39.062111

 -39.131325 11.696813 -21.001497

 -9.030308 8.982368 -39.062111

 -39.131325 11.696816 -14.981294

 -15.050514 8.982368 -39.062111

 -39.131325 8.982372 -8.961090

 -21.070713 8.982368 -39.062111

 -39.131325 8.982372 -2.940886

 -27.090916 8.982368 -39.062111

 -39.131325 8.982372 3.079317

 -39.131325 8.982372 9.099521

 -39.131325 8.982373 15.119724

 -39.131325 4.590624 21.139927

 -33.111118 0.295187 39.200531

 -39.131325 0.295186 27.160133

 -27.090916 0.295187 39.200531

 -39.131325 0.295186 33.180332

 -21.070709 0.295187 39.200531

 39.131321 0.028442 33.180328

 -15.050508 4.590628 39.200531

 39.131321 6.140392 27.160126

 -9.030303 8.982378 39.200531

 39.131321 6.140388 21.139923

 -3.010100 8.982378 39.200531

 39.131321 6.140388 15.119718

 3.010104 8.982378 39.200531

 39.131321 6.140388 9.099516

 9.030308 8.982378 39.200531

 39.131321 8.982372 3.079312

 15.050511 8.982378 39.200531

 39.131321 11.524179 -4.175161

 21.070709 0.028442 39.200531

 39.131321 11.524179 -10.195365

 27.090918 0.028442 39.200531

 39.131321 11.524179 -16.215569

 33.111122 0.028442 39.200531

 39.131321 8.982371 -21.001499

 33.111122 8.982368 -39.062111

 39.131321 8.982369 -27.021706

 27.090912 8.982368 -39.062111

 39.131321 8.982368 -33.041904

 -33.111122 8.982368 -39.062111

 -39.131325 0.295187 39.200531

 39.131321 0.028442 39.200531

 -9.268270 17.205114 21.580624

 -5.650620 17.205114 21.580624

 -9.268270 17.205114 17.962975

 -5.650620 17.205114 17.962975

 -9.268270 13.872881 21.580624

 -5.650620 13.872881 21.580624

 -9.268270 13.872881 17.962975

 -5.650620 13.872881 17.962975

tris:

 184 4 0

 184 0 51

 28 1 15

 28 15 52

 52 15 14

 52 14 64

 64 14 13

 64 13 76

 76 13 12

 76 12 88

 88 12 11

 88 11 100

 100 11 10

 100 10 112

 112 10 9

 112 9 124

 124 9 8

 124 8 136

 136 8 7

 136 7 148

 148 7 6

 148 6 160

 160 6 5

 160 5 172

 172 5 4

 172 4 184

 26 183 195

 26 195 27

 183 182 194

 183 194 195

 182 181 193

 182 193 194

 181 180 192

 181 192 193

 180 179 191

 180 191 192

 179 178 190

 179 190 191

 178 177 189

 178 189 190

 177 176 188

 177 188 189

 176 175 187

 176 187 188

 175 174 186

 175 186 187

 174 173 185

 174 185 186

 173 172 184

 173 184 185

 25 171 183

 25 183 26

 171 170 182

 171 182 183

 170 169 181

 170 181 182

 169 168 180

 169 180 181

 168 167 179

 168 179 180

 167 166 178

 167 178 179

 166 165 177

 166 177 178

 165 164 176

 165 176 177

 164 163 175

 164 175 176

 163 162 174

 163 174 175

 162 161 173

 162 173 174

 161 160 172

 161 172 173

 24 159 171

 24 171 25

 159 158 170

 159 170 171

 158 157 169

 158 169 170

 157 156 168

 157 168 169

 156 155 167

 156 167 168

 155 154 166

 155 166 167

 154 153 165

 154 165 166

 153 152 164

 153 164 165

 152 151 163

 152 163 164

 151 150 162

 151 162 163

 150 149 161

 150 161 162

 149 148 160

 149 160 161

 23 147 159

 23 159 24

 147 146 158

 147 158 159

 146 145 157

 146 157 158

 145 144 156

 145 156 157

 144 143 155

 144 155 156

 143 142 154

 143 154 155

 142 141 153

 142 153 154

 141 140 152

 141 152 153

 140 139 151

 140 151 152

 139 138 150

 139 150 151

 138 137 149

 138 149 150

 137 136 148

 137 148 149

 22 135 147

 22 147 23

 135 134 146

 135 146 147

 134 133 145

 134 145 146

 133 132 144

 133 144 145

 132 131 143

 132 143 144

 131 130 142

 131 142 143

 130 129 141

 130 141 142

 129 128 140

 129 140 141

 128 127 139

 128 139 140

 127 126 138

 127 138 139

 126 125 137

 126 137 138

 125 124 136

 125 136 137

 21 123 135

 21 135 22

 123 122 134

 123 134 135

 122 121 133

 122 133 134

 121 120 132

 121 132 133

 120 119 131

 120 131 132

 119 118 130

 119 130 131

 118 117 129

 118 129 130

 117 116 128

 117 128 129

 116 115 127

 116 127 128

 115 114 126

 115 126 127

 114 113 125

 114 125 126

 113 112 124

 113 124 125

 20 111 123

 20 123 21

 111 110 122

 111 122 123

 110 109 121

 110 121 122

 109 108 120

 109 120 121

 108 107 119

 108 119 120

 107 106 118

 107 118 119

 106 105 117

 106 117 118

 105 104 116

 105 116 117

 104 103 115

 104 115 116

 103 102 114

 103 114 115

 102 101 113

 102 113 114

 101 100 112

 101 112 113

 19 99 111

 19 111 20

 99 98 110

 99 110 111

 98 97 109

 98 109 110

 97 96 108

 97 108 109

 96 95 107

 96 107 108

 95 94 106

 95 106 107

 94 93 105

 94 105 106

 93 92 104

 93 104 105

 92 91 103

 92 103 104

 91 90 102

 91 102 103

 90 89 101

 90 101 102

 89 88 100

 89 100 101

 18 87 99

 18 99 19

 87 86 98

 87 98 99

 86 85 97

 86 97 98

 85 84 96

 85 96 97

 84 83 95

 84 95 96

 83 82 94

 83 94 95

 82 81 93

 82 93 94

 81 80 92

 81 92 93

 80 79 91

 80 91 92

 79 78 90

 79 90 91

 78 77 89

 78 89 90

 77 76 88

 77 88 89

 17 75 87

 17 87 18

 75 74 86

 75 86 87

 74 73 85

 74 85 86

 73 72 84

 73 84 85

 72 71 83

 72 83 84

 71 70 82

 71 82 83

 70 69 81

 70 81 82

 69 68 80

 69 80 81

 68 67 79

 68 79 80

 67 66 78

 67 78 79

 66 65 77

 66 77 78

 65 64 76

 65 76 77

 16 63 75

 16 75 17

 63 62 74

 63 74 75

 62 61 73

 62 73 74

 61 60 72

 61 72 73

 60 59 71

 60 71 72

 59 58 70

 59 70 71

 58 57 69

 58 69 70

 57 56 68

 57 68 69

 56 55 67

 56 67 68

 55 54 66

 55 66 67

 54 53 65

 54 65 66

 53 52 64

 53 64 65

 3 39 63

 3 63 16

 39 38 62

 39 62 63

 38 37 61

 38 61 62

 37 36 60

 37 60 61

 36 35 59

 36 59 60

 35 34 58

 35 58 59

 34 33 57

 34 57 58

 33 32 56

 33 56 57

 32 31 55

 32 55 56

 31 30 54

 31 54 55

 30 29 53

 30 53 54

 29 28 52

 29 52 53

 27 195 40

 27 40 2

 195 194 41

 195 41 40

 194 193 42

 194 42 41

 193 192 43

 193 43 42

 192 191 44

 192 44 43

 191 190 45

 191 45 44

 190 189 46

 190 46 45

 189 188 47

 189 47 46

 188 187 48

 188 48 47

 187 186 49

 187 49 48

 186 185 50

 186 50 49

 185 184 51

 185 51 50

 248 249 238

 248 238 237

 250 251 198

 250 198 223

 249 252 239

 249 239 238

 253 254 196

 253 196 247

 252 255 240

 252 240 239

 254 256 200

 254 200 196

 255 257 241

 255 241 240

 256 258 201

 256 201 200

 257 259 242

 257 242 241

 258 260 202

 258 202 201

 259 261 243

 259 243 242

 260 262 203

 260 203 202

 261 263 244

 261 244 243

 262 264 204

 262 204 203

 263 265 245

 263 245 244

 264 266 205

 264 205 204

 265 267 246

 265 246 245

 266 268 206

 266 206 205

 267 253 247

 267 247 246

 268 269 207

 268 207 206

 269 270 208

 269 208 207

 270 271 209

 270 209 208

 272 273 224

 272 224 197

 271 274 210

 271 210 209

 273 275 225

 273 225 224

 274 276 211

 274 211 210

 275 277 226

 275 226 225

 278 279 212

 278 212 199

 277 280 227

 277 227 226

 279 281 213

 279 213 212

 280 282 228

 280 228 227

 281 283 214

 281 214 213

 282 284 229

 282 229 228

 283 285 215

 283 215 214

 284 286 230

 284 230 229

 285 287 216

 285 216 215

 286 288 231

 286 231 230

 287 289 217

 287 217 216

 288 290 232

 288 232 231

 289 291 218

 289 218 217

 290 292 233

 290 233 232

 291 293 219

 291 219 218

 292 294 234

 292 234 233

 293 295 220

 293 220 219

 294 296 235

 294 235 234

 295 297 221

 295 221 220

 251 298 236

 251 236 198

 297 299 222

 297 222 221

 276 272 197

 276 197 211

 298 248 237

 298 237 236

 299 250 223

 299 223 222

 296 278 199

 296 199 235

 447 455 278

 447 278 296

 450 452 250

 450 250 299

 449 451 248

 449 248 298

 428 454 272

 428 272 276

 448 450 299

 448 299 297

 405 449 298

 405 298 251

 446 448 297

 446 297 295

 445 447 296

 445 296 294

 444 446 295

 444 295 293

 443 445 294

 443 294 292

 442 444 293

 442 293 291

 441 443 292

 441 292 290

 440 442 291

 440 291 289

 439 441 290

 439 290 288

 438 440 289

 438 289 287

 437 439 288

 437 288 286

 436 438 287

 436 287 285

 435 437 286

 435 286 284

 434 436 285

 434 285 283

 433 435 284

 433 284 282

 432 434 283

 432 283 281

 431 433 282

 431 282 280

 430 432 281

 430 281 279

 429 431 280

 429 280 277

 455 430 279

 455 279 278

 427 429 277

 427 277 275

 426 428 276

 426 276 274

 425 427 275

 425 275 273

 424 426 274

 424 274 271

 454 425 273

 454 273 272

 423 424 271

 423 271 270

 422 423 270

 422 270 269

 421 422 269

 421 269 268

 420 453 253

 420 253 267

 419 421 268

 419 268 266

 418 420 267

 418 267 265

 417 419 266

 417 266 264

 416 418 265

 416 265 263

 415 417 264

 415 264 262

 414 416 263

 414 263 261

 413 415 262

 413 262 260

 412 414 261

 412 261 259

 411 413 260

 411 260 258

 410 412 259

 410 259 257

 409 411 258

 409 258 256

 408 410 257

 408 257 255

 407 409 256

 407 256 254

 406 408 255

 406 255 252

 453 407 254

 453 254 253

 404 406 252

 404 252 249

 452 405 251

 452 251 250

 451 404 249

 451 249 248

 352 357 305

 352 305 300

 353 358 306

 353 306 301

 357 359 307

 357 307 305

 354 360 308

 354 308 302

 359 361 309

 359 309 307

 360 362 310

 360 310 308

 361 363 311

 361 311 309

 362 364 312

 362 312 310

 363 365 313

 363 313 311

 364 366 314

 364 314 312

 365 367 315

 365 315 313

 366 368 316

 366 316 314

 367 369 317

 367 317 315

 368 370 318

 368 318 316

 369 371 319

 369 319 317

 370 372 320

 370 320 318

 371 373 321

 371 321 319

 372 374 322

 372 322 320

 373 354 302

 373 302 321

 374 375 323

 374 323 322

 375 376 324

 375 324 323

 376 377 325

 376 325 324

 355 378 326

 355 326 303

 377 379 327

 377 327 325

 378 380 328

 378 328 326

 379 381 329

 379 329 327

 380 382 330

 380 330 328

 356 383 331

 356 331 304

 382 384 332

 382 332 330

 383 385 333

 383 333 331

 384 386 334

 384 334 332

 385 387 335

 385 335 333

 386 388 336

 386 336 334

 387 389 337

 387 337 335

 388 390 338

 388 338 336

 389 391 339

 389 339 337

 390 392 340

 390 340 338

 391 393 341

 391 341 339

 392 394 342

 392 342 340

 393 395 343

 393 343 341

 394 396 344

 394 344 342

 395 397 345

 395 345 343

 396 398 346

 396 346 344

 397 399 347

 397 347 345

 398 400 348

 398 348 346

 399 401 349

 399 349 347

 358 402 350

 358 350 306

 401 403 351

 401 351 349

 381 355 303

 381 303 329

 402 352 300

 402 300 350

 403 353 301

 403 301 351

 400 356 304

 400 304 348

 39 3 356

 39 356 400

 26 27 353

 26 353 403

 40 41 352

 40 352 402

 15 1 355

 15 355 381

 25 26 403

 25 403 401

 2 40 402

 2 402 358

 24 25 401

 24 401 399

 38 39 400

 38 400 398

 23 24 399

 23 399 397

 37 38 398

 37 398 396

 22 23 397

 22 397 395

 36 37 396

 36 396 394

 21 22 395

 21 395 393

 35 36 394

 35 394 392

 20 21 393

 20 393 391

 34 35 392

 34 392 390

 19 20 391

 19 391 389

 33 34 390

 33 390 388

 18 19 389

 18 389 387

 32 33 388

 32 388 386

 17 18 387

 17 387 385

 31 32 386

 31 386 384

 16 17 385

 16 385 383

 30 31 384

 30 384 382

 3 16 383

 3 383 356

 29 30 382

 29 382 380

 14 15 381

 14 381 379

 28 29 380

 28 380 378

 13 14 379

 13 379 377

 1 28 378

 1 378 355

 12 13 377

 12 377 376

 11 12 376

 11 376 375

 10 11 375

 10 375 374

 50 51 354

 50 354 373

 9 10 374

 9 374 372

 49 50 373

 49 373 371

 8 9 372

 8 372 370

 48 49 371

 48 371 369

 7 8 370

 7 370 368

 47 48 369

 47 369 367

 6 7 368

 6 368 366

 46 47 367

 46 367 365

 5 6 366

 5 366 364

 45 46 365

 45 365 363

 4 5 364

 4 364 362

 44 45 363

 44 363 361

 0 4 362

 0 362 360

 43 44 361

 43 361 359

 51 0 360

 51 360 354

 42 43 359

 42 359 357

 27 2 358

 27 358 353

 41 42 357

 41 357 352

 300 305 404

 300 404 451

 301 306 405

 301 405 452

 305 307 406

 305 406 404

 302 308 407

 302 407 453

 307 309 408

 307 408 406

 308 310 409

 308 409 407

 309 311 410

 309 410 408

 310 312 411

 310 411 409

 311 313 412

 311 412 410

 312 314 413

 312 413 411

 313 315 414

 313 414 412

 314 316 415

 314 415 413

 315 317 416

 315 416 414

 316 318 417

 316 417 415

 317 319 418

 317 418 416

 318 320 419

 318 419 417

 319 321 420

 319 420 418

 320 322 421

 320 421 419

 321 302 453

 321 453 420

 322 323 422

 322 422 421

 323 324 423

 323 423 422

 324 325 424

 324 424 423

 303 326 425

 303 425 454

 325 327 426

 325 426 424

 326 328 427

 326 427 425

 327 329 428

 327 428 426

 328 330 429

 328 429 427

 304 331 430

 304 430 455

 330 332 431

 330 431 429

 331 333 432

 331 432 430

 332 334 433

 332 433 431

 333 335 434

 333 434 432

 334 336 435

 334 435 433

 335 337 436

 335 436 434

 336 338 437

 336 437 435

 337 339 438

 337 438 436

 338 340 439

 338 439 437

 339 341 440

 339 440 438

 340 342 441

 340 441 439

 341 343 442

 341 442 440

 342 344 443

 342 443 441

 343 345 444

 343 444 442

 344 346 445

 344 445 443

 345 347 446

 345 446 444

 346 348 447

 346 447 445

 347 349 448

 347 448 446

 306 350 449

 306 449 405

 349 351 450

 349 450 448

 329 303 454

 329 454 428

 350 300 451

 350 451 449

 351 301 452

 351 452 450

 348 304 455

 348 455 447

 457 459 458

 457 458 456

 461 460 462

 461 462 463

 457 456 460

 457 460 461

 456 458 462

 456 462 460

 458 459 463

 458 463 462

 459 457 461

 459 461 463

vector2s:

 0.720719 0.887701

 0.254673 0.887701

 0.254673 0.421654

 0.720720 0.421654

uv:

 0 1 2

 0 2 3

 0 1 2

 0 2 3

 0 1 2

 0 2 3

 0 1 2

 0 2 3

 0 1 2

 0 2 3

 0 1 2

 0 2 3

 0 1 2

 0 2 3

 0 1 2

 0 2 3

 0 1 2

 0 2 3

 0 1 2

 0 2 3

 0 1 2

 0 2 3

 0 1 2

 0 2 3

 0 1 2

 0 2 3

 0 1 2

 0 2 3

 0 1 2

 0 2 3

 0 1 2

 0 2 3

 0 1 2

 0 2 3

 0 1 2

 0 2 3

 0 1 2

 0 2 3

 0 1 2

 0 2 3

 0 1 2

 0 2 3

 0 1 2

 0 2 3

 0 1 2

 0 2 3

 0 1 2

 0 2 3

 0 1 2

 0 2 3

 0 1 2

 0 2 3

 0 1 2

 0 2 3

 0 1 2

 0 2 3

 0 1 2

 0 2 3

 0 1 2

 0 2 3

 0 1 2

 0 2 3

 0 1 2

 0 2 3

 0 1 2

 0 2 3

 0 1 2

 0 2 3

 0 1 2

 0 2 3

 0 1 2

 0 2 3

 0 1 2

 0 2 3

 0 1 2

 0 2 3

 0 1 2

 0 2 3

 0 1 2

 0 2 3

 0 1 2

 0 2 3

 0 1 2

 0 2 3

 0 1 2

 0 2 3

 0 1 2

 0 2 3

 0 1 2

 0 2 3

 0 1 2

 0 2 3

 0 1 2

 0 2 3

 0 1 2

 0 2 3

 0 1 2

 0 2 3

 0 1 2

 0 2 3

 0 1 2

 0 2 3

 0 1 2

 0 2 3

 0 1 2

 0 2 3

 0 1 2

 0 2 3

 0 1 2

 0 2 3

 0 1 2

 0 2 3

 0 1 2

 0 2 3

 0 1 2

 0 2 3

 0 1 2

 0 2 3

 0 1 2

 0 2 3

 0 1 2

 0 2 3

 0 1 2

 0 2 3

 0 1 2

 0 2 3

 0 1 2

 0 2 3

 0 1 2

 0 2 3

 0 1 2

 0 2 3

 0 1 2

 0 2 3

 0 1 2

 0 2 3

 0 1 2

 0 2 3

 0 1 2

 0 2 3

 0 1 2

 0 2 3

 0 1 2

 0 2 3

 0 1 2

 0 2 3

 0 1 2

 0 2 3

 0 1 2

 0 2 3

 0 1 2

 0 2 3

 0 1 2

 0 2 3

 0 1 2

 0 2 3

 0 1 2

 0 2 3

 0 1 2

 0 2 3

 0 1 2

 0 2 3

 0 1 2

 0 2 3

 0 1 2

 0 2 3

 0 1 2

 0 2 3

 0 1 2

 0 2 3

 0 1 2

 0 2 3

 0 1 2

 0 2 3

 0 1 2

 0 2 3

 0 1 2

 0 2 3

 0 1 2

 0 2 3

 0 1 2

 0 2 3

 0 1 2

 0 2 3

 0 1 2

 0 2 3

 0 1 2

 0 2 3

 0 1 2

 0 2 3

 0 1 2

 0 2 3

 0 1 2

 0 2 3

 0 1 2

 0 2 3

 0 1 2

 0 2 3

 0 1 2

 0 2 3

 0 1 2

 0 2 3

 0 1 2

 0 2 3

 0 1 2

 0 2 3

 0 1 2

 0 2 3

 0 1 2

 0 2 3

 0 1 2

 0 2 3

 0 1 2

 0 2 3

 0 1 2

 0 2 3

 0 1 2

 0 2 3

 0 1 2

 0 2 3

 0 1 2

 0 2 3

 0 1 2

 0 2 3

 0 1 2

 0 2 3

 0 1 2

 0 2 3

 0 1 2

 0 2 3

 0 1 2

 0 2 3

 0 1 2

 0 2 3

 0 1 2

 0 2 3

 0 1 2

 0 2 3

 0 1 2

 0 2 3

 0 1 2

 0 2 3

 0 1 2

 0 2 3

 0 1 2

 0 2 3

 0 1 2

 0 2 3

 0 1 2

 0 2 3

 0 1 2

 0 2 3

 0 1 2

 0 2 3

 0 1 2

 0 2 3

 0 1 2

 0 2 3

 0 1 2

 0 2 3

 0 1 2

 0 2 3

 0 1 2

 0 2 3

 0 1 2

 0 2 3

 0 1 2

 0 2 3

 0 1 2

 0 2 3

 0 1 2

 0 2 3

 0 1 2

 0 2 3

 0 1 2

 0 2 3

 0 1 2

 0 2 3

 0 1 2

 0 2 3

 0 1 2

 0 2 3

 0 1 2

 0 2 3

 0 1 2

 0 2 3

 0 1 2

 0 2 3

 0 1 2

 0 2 3

 0 1 2

 0 2 3

 0 1 2

 0 2 3

 0 1 2

 0 2 3

 0 1 2

 0 2 3

 0 1 2

 0 2 3

 0 1 2

 0 2 3

 0 1 2

 0 2 3

 0 1 2

 0 2 3

 0 1 2

 0 2 3

 0 1 2

 0 2 3

 0 1 2

 0 2 3

 0 1 2

 0 2 3

 0 1 2

 0 2 3

 0 1 2

 0 2 3

 0 1 2

 0 2 3

 0 1 2

 0 2 3

 0 1 2

 0 2 3

 0 1 2

 0 2 3

 0 1 2

 0 2 3

 0 1 2

 0 2 3

 0 1 2

 0 2 3

 0 1 2

 0 2 3

 0 1 2

 0 2 3

 0 1 2

 0 2 3

 0 1 2

 0 2 3

 0 1 2

 0 2 3

 0 1 2

 0 2 3

 0 1 2

 0 2 3

 0 1 2

 0 2 3

 0 1 2

 0 2 3

 0 1 2

 0 2 3

 0 1 2

 0 2 3

 0 1 2

 0 2 3

 0 1 2

 0 2 3

 0 1 2

 0 2 3

 0 1 2

 0 2 3

 0 1 2

 0 2 3

 0 1 2

 0 2 3

 0 1 2

 0 2 3

 0 1 2

 0 2 3

 0 1 2

 0 2 3

 0 1 2

 0 2 3

 0 1 2

 0 2 3

 0 1 2

 0 2 3

 0 1 2

 0 2 3

 0 1 2

 0 2 3

 0 1 2

 0 2 3

 0 1 2

 0 2 3

 0 1 2

 0 2 3

 0 1 2

 0 2 3

 0 1 2

 0 2 3

 0 1 2

 0 2 3

 0 1 2

 0 2 3

 0 1 2

 0 2 3

 0 1 2

 0 2 3

 0 1 2

 0 2 3

 0 1 2

 0 2 3

 0 1 2

 0 2 3

 0 1 2

 0 2 3

 0 1 2

 0 2 3

 0 1 2

 0 2 3

 0 1 2

 0 2 3

 0 1 2

 0 2 3

 0 1 2

 0 2 3

 0 1 2

 0 2 3

 0 1 2

 0 2 3

 0 1 2

 0 2 3

 0 1 2

 0 2 3

 0 1 2

 0 2 3

 0 1 2

 0 2 3

 0 1 2

 0 2 3

 0 1 2

 0 2 3

 0 1 2

 0 2 3

 0 1 2

 0 2 3

 0 1 2

 0 2 3

 0 1 2

 0 2 3

 0 1 2

 0 2 3

 0 1 2

 0 2 3

 0 1 2

 0 2 3

 0 1 2

 0 2 3

 0 1 2

 0 2 3

 0 1 2

 0 2 3

 0 1 2

 0 2 3

 0 1 2

 0 2 3

 0 1 2

 0 2 3

 0 1 2

 0 2 3

 0 1 2

 0 2 3

 0 1 2

 0 2 3

 0 1 2

 0 2 3

 0 1 2

 0 2 3

 0 1 2

 0 2 3

 0 1 2

 0 2 3

 0 1 2

 0 2 3

 0 1 2

 0 2 3

 0 1 2

 0 2 3

 0 1 2

 0 2 3

 0 1 2

 0 2 3

 0 1 2

 0 2 3

 0 1 2

 0 2 3

 0 1 2

 0 2 3

 0 1 2

 0 2 3

 0 1 2

 0 2 3

 0 1 2

 0 2 3

 0 1 2

 0 2 3

 0 1 2

 0 2 3

 0 1 2

 0 2 3

 0 1 2

 0 2 3

 0 1 2

 0 2 3

 0 1 2

 0 2 3

 0 1 2

 0 2 3

 0 1 2

 0 2 3

 0 1 2

 0 2 3

 0 1 2

 0 2 3

 0 1 2

 0 2 3

 0 1 2

 0 2 3

 0 1 2

 0 2 3

 0 1 2

 0 2 3

 0 1 2

 0 2 3

 0 1 2

 0 2 3

 0 1 2

 0 2 3

 0 1 2

 0 2 3

 0 1 2

 0 2 3

 0 1 2

 0 2 3

 0 1 2

 0 2 3

 0 1 2

 0 2 3

 0 1 2

 0 2 3

 0 1 2

 0 2 3

 0 1 2

 0 2 3

 0 1 2

 0 2 3

 0 1 2

 0 2 3

 0 1 2

 0 2 3

 0 1 2

 0 2 3

 0 1 2

 0 2 3

 0 1 2

 0 2 3

 0 1 2

 0 2 3

 0 1 2

 0 2 3

 0 1 2

 0 2 3

 0 1 2

 0 2 3

 0 1 2

 0 2 3

 0 1 2

 0 2 3

 0 1 2

 0 2 3

 0 1 2

 0 2 3

 0 1 2

 0 2 3

 0 1 2

 0 2 3

 0 1 2

 0 2 3

 0 1 2

 0 2 3

 0 1 2

 0 2 3

 0 1 2

 0 2 3

 0 1 2

 0 2 3

 0 1 2

 0 2 3

 0 1 2

 0 2 3

 0 1 2

 0 2 3

 0 1 2

 0 2 3

 0 1 2

 0 2 3

 0 1 2

 0 2 3

 0 1 2

 0 2 3

 0 1 2

 0 2 3

 0 1 2

 0 2 3

 0 1 2

 0 2 3

 0 1 2

 0 2 3

 0 1 2

 0 2 3

 0 1 2

 0 2 3

 0 1 2

 0 2 3

 0 1 2

 0 2 3

 0 1 2

 0 2 3

 0 1 2

 0 2 3

 0 1 2

 0 2 3

 0 1 2

 0 2 3

 0 1 2

 0 2 3

 0 1 2

 0 2 3

 0 1 2

 0 2 3

 0 1 2

 0 2 3

 0 1 2

 0 2 3

 0 1 2

 0 2 3

 0 1 2

 0 2 3

 0 1 2

 0 2 3

 0 1 2

 0 2 3

 0 1 2

 0 2 3

 0 1 2

 0 2 3

 0 1 2

 0 2 3

 0 1 2

 0 2 3

 0 1 2

 0 2 3

 0 1 2

 0 2 3

 0 1 2

 0 2 3

 0 1 2

 0 2 3

 0 1 2

 0 2 3

 0 1 2

 0 2 3

 0 1 2

 0 2 3

 0 1 2

 0 2 3

 0 1 2

 0 2 3

 0 1 2

 0 2 3

 0 1 2

 0 2 3

 0 1 2

 0 2 3

 0 1 2

 0 2 3

 0 1 2

 0 2 3

 0 1 2

 0 2 3

 0 1 2

 0 2 3

 0 1 2

 0 2 3

 0 1 2

 0 2 3

 0 1 2

 0 2 3

 0 1 2

 0 2 3

 0 1 2

 0 2 3

 0 1 2

 0 2 3

 0 1 2

 0 2 3

 0 1 2

 0 2 3

 0 1 2

 0 2 3

 0 1 2

 0 2 3

 0 1 2

 0 2 3

 0 1 2

 0 2 3

 0 1 2

 0 2 3

 0 1 2

 0 2 3

 0 1 2

 0 2 3

 0 1 2

 0 2 3

 0 1 2

 0 2 3

 0 1 2

 0 2 3

 0 1 2

 0 2 3

 0 1 2

 0 2 3

 0 1 2

 0 2 3

 0 1 2

 0 2 3

 0 1 2

 0 2 3

 0 1 2

 0 2 3

 0 1 2

 0 2 3

 0 1 2

 0 2 3

 0 1 2

 0 2 3

 0 1 2

 0 2 3

 0 1 2

 0 2 3

 0 1 2

 0 2 3

 0 1 2

 0 2 3

 0 1 2

 0 2 3

 0 1 2

 0 2 3

 0 1 2

 0 2 3

 0 1 2

 0 2 3

 0 1 2

 0 2 3

 0 1 2

 0 2 3

 0 1 2

 0 2 3

 0 1 2

 0 2 3

 0 1 2

 0 2 3

 0 1 2

 0 2 3

 0 1 2

 0 2 3

 0 1 2

 0 2 3

 0 1 2

 0 2 3

 0 1 2

 0 2 3

 0 1 2

 0 2 3

 0 1 2

 0 2 3

 0 1 2

 0 2 3

 0 1 2

 0 2 3

 0 1 2

 0 2 3

 0 1 2

 0 2 3

 0 1 2

 0 2 3

 0 1 2

 0 2 3

 0 1 2

 0 2 3

 0 1 2

 0 2 3

 0 1 2

 0 2 3

 0 1 2

 0 2 3

 0 1 2

 0 2 3

 0 1 2

 0 2 3

 0 1 2

 0 2 3

 0 1 2

 0 2 3

 0 1 2

 0 2 3

 0 1 2

 0 2 3

 0 1 2

 0 2 3

 0 1 2

 0 2 3

 0 1 2

 0 2 3

 0 1 2

 0 2 3

 0 1 2

 0 2 3

 0 1 2

 0 2 3

 0 1 2

 0 2 3

 0 1 2

 0 2 3

 0 1 2

 0 2 3

 0 1 2

 0 2 3

 0 1 2

 0 2 3

 0 1 2

 0 2 3

 0 1 2

 0 2 3

 0 1 2

 0 2 3

 0 1 2

 0 2 3

 0 1 2

 0 2 3

 0 1 2

 0 2 3

 0 1 2

 0 2 3

 0 1 2

 0 2 3

 0 1 2

 0 2 3

 0 1 2

 0 2 3

 0 1 2

 0 2 3

 0 1 2

 0 2 3

 0 1 2

 0 2 3

 0 1 2

 0 2 3

 0 1 2

 0 2 3

 0 1 2

 0 2 3

 0 1 2

 0 2 3

 0 1 2

 0 2 3

 0 1 2

 0 2 3

palette:

 179 179 179 255

 157 157 157 255

 177 177 177 255

 133 133 133 255

 181 181 181 255

 161 161 161 255

 229 229 229 255

 200 200 200 255

 93 93 93 255

 171 171 171 255

 163 163 163 255

 109 109 109 255

 45 45 45 255

 142 142 142 255

 146 146 146 255

 105 105 105 255

 166 166 166 255

 152 152 152 255

 88 88 88 255

 69 69 69 255

 95 95 95 255

 124 124 124 255

 79 79 79 255

 130 130 130 255

 159 159 159 255

 51 51 51 255

 92 92 92 255

 136 136 136 255

 128 128 128 255

 173 173 173 255

 154 154 154 255

 134 134 134 255

 76 76 76 255

 115 115 115 255

 108 108 108 255

 74 74 74 255

 60 60 60 255

 210 210 210 255

 212 212 212 255

 57 57 57 255

 131 131 131 255

 84 84 84 255

 138 138 138 255

 111 111 111 255

 54 54 54 255

 112 112 112 255

 114 114 114 255

 62 62 62 255

 100 100 100 255

 116 116 116 255

 222 222 222 255

 73 73 73 255

 80 80 80 255

 61 61 61 255

 81 81 81 255

 151 151 151 255

 190 190 190 255

 127 127 127 255

 122 122 122 255

 186 186 186 255

 35 35 35 255

 125 125 125 255

 184 184 184 255

 196 196 196 255

 77 77 77 255

 168 168 168 255

 175 175 175 255

 192 192 192 255

 97 97 97 255

 118 118 118 255

 121 121 121 255

 56 56 56 255

 66 66 66 255

 107 107 107 255

 50 50 50 255

 141 141 141 255

 0 0 0 255

 29 29 29 255

 218 218 218 255

 216 216 216 255

 246 246 246 255

 164 164 164 255

 206 206 206 255

 19 19 19 255

 255 255 255 255

 214 214 214 255

 250 250 250 255

 239 239 239 255

 59 59 59 255

color:

 0 1 2

 0 2 1

 3 3 4

 3 4 5

 5 4 6

 5 6 7

 7 6 8

 7 8 9

 9 8 10

 9 10 11

 11 10 12

 11 12 13

 13 12 14

 13 14 15

 15 14 16

 15 16 17

 17 16 1

 17 1 0

 0 1 11

 0 11 18

 18 11 19

 18 19 20

 20 19 11

 20 11 18

 18 11 1

 18 1 0

 21 22 23

 21 23 24

 22 25 2

 22 2 23

 25 26 27

 25 27 2

 26 28 29

 26 29 27

 28 9 3

 28 3 29

 9 30 3

 9 3 3

 30 29 3

 30 3 3

 29 31 9

 29 9 3

 31 20 31

 31 31 9

 20 32 9

 20 9 31

 32 20 9

 32 9 9

 20 18 0

 20 0 9

 33 34 22

 33 22 21

 34 35 25

 34 25 22

 35 36 26

 35 26 25

 36 37 28

 36 28 26

 37 17 9

 37 9 28

 17 29 30

 17 30 9

 29 17 29

 29 29 30

 17 38 31

 17 31 29

 38 39 20

 38 20 31

 39 32 32

 39 32 20

 32 20 20

 32 20 32

 20 20 18

 20 18 20

 40 22 34

 40 34 33

 22 41 35

 22 35 34

 41 17 36

 41 36 35

 17 42 37

 17 37 36

 42 43 17

 42 17 37

 43 44 29

 43 29 17

 44 45 17

 44 17 29

 45 3 38

 45 38 17

 3 46 39

 3 39 38

 46 32 32

 46 32 39

 32 20 20

 32 20 32

 20 18 20

 20 20 20

 47 48 22

 47 22 40

 48 49 41

 48 41 22

 49 30 17

 49 17 41

 30 50 42

 30 42 17

 50 35 43

 50 43 42

 35 51 44

 35 44 43

 51 35 45

 51 45 44

 35 38 3

 35 3 45

 38 30 46

 38 46 3

 30 9 32

 30 32 46

 9 9 20

 9 20 32

 9 0 18

 9 18 20

 52 53 48

 52 48 47

 53 54 49

 53 49 48

 54 55 30

 54 30 49

 55 56 50

 55 50 30

 56 35 35

 56 35 50

 35 51 51

 35 51 35

 51 35 35

 51 35 51

 35 29 38

 35 38 35

 29 29 30

 29 30 38

 29 17 9

 29 9 30

 17 17 9

 17 9 9

 17 17 0

 17 0 9

 57 58 53

 57 53 52

 58 26 54

 58 54 53

 26 59 55

 26 55 54

 59 8 56

 59 56 55

 8 35 35

 8 35 56

 35 60 51

 35 51 35

 60 8 35

 60 35 51

 8 31 29

 8 29 35

 31 61 29

 31 29 29

 61 15 17

 61 17 29

 15 15 17

 15 17 17

 15 15 17

 15 17 17

 62 63 58

 62 58 57

 63 37 26

 63 26 58

 37 29 59

 37 59 26

 29 31 8

 29 8 59

 31 46 35

 31 35 8

 46 29 60

 46 60 35

 29 20 8

 29 8 60

 20 49 31

 20 31 8

 49 3 61

 49 61 31

 3 64 15

 3 15 61

 64 64 15

 64 15 15

 64 13 15

 64 15 15

 65 30 63

 65 63 62

 30 29 37

 30 37 63

 29 66 29

 29 29 37

 66 20 31

 66 31 29

 20 67 46

 20 46 31

 67 38 29

 67 29 46

 38 61 20

 38 20 29

 61 46 49

 61 49 20

 46 56 3

 46 3 49

 56 56 64

 56 64 3

 56 56 64

 56 64 64

 56 11 13

 56 13 64

 51 68 30

 51 30 65

 68 69 29

 68 29 30

 69 70 66

 69 66 29

 70 71 20

 70 20 66

 71 67 67

 71 67 20

 67 38 38

 67 38 67

 38 72 61

 38 61 38

 72 71 46

 72 46 61

 71 10 56

 71 56 46

 10 56 56

 10 56 56

 56 73 56

 56 56 56

 73 9 11

 73 11 56

 18 74 68

 18 68 51

 74 41 69

 74 69 68

 41 75 70

 41 70 69

 75 76 71

 75 71 70

 76 67 67

 76 67 71

 67 38 38

 67 38 67

 38 72 72

 38 72 38

 72 77 71

 72 71 72

 77 56 10

 77 10 71

 56 78 56

 56 56 10

 78 79 73

 78 73 56

 79 7 9

 79 9 73

 0 78 74

 0 74 18

 78 80 41

 78 41 74

 80 6 75

 80 75 41

 6 48 76

 6 76 75

 48 81 67

 48 67 76

 81 82 38

 81 38 67

 82 43 72

 82 72 38

 43 83 77

 43 77 72

 83 31 56

 83 56 77

 31 84 78

 31 78 56

 84 56 79

 84 79 78

 56 5 7

 56 7 79

 85 0 78

 85 78 0

 0 86 80

 0 80 78

 86 87 6

 86 6 80

 87 47 48

 87 48 6

 47 15 81

 47 81 48

 15 66 82

 15 82 81

 66 47 43

 66 43 82

 47 88 83

 47 83 43

 88 31 31

 88 31 83

 31 79 84

 31 84 31

 79 4 56

 79 56 84

 4 3 5

 4 5 56

 24 23 5

 24 5 58

 23 2 5

 23 5 5

 2 27 5

 2 5 5

 27 29 3

 27 3 5

 29 3 3

 29 3 3

 3 3 3

 3 3 3

 3 3 3

 3 3 3

 3 9 3

 3 3 3

 9 31 1

 9 1 3

 31 9 1

 31 1 1

 9 9 1

 9 1 1

 9 0 1

 9 1 1

 5 5 5

 5 5 5

 24 58 58

 24 58 24

 5 3 3

 5 3 5

 1 2 2

 1 2 1

 3 3 3

 3 3 3

 2 1 1

 2 1 2

 3 3 3

 3 3 3

 1 11 11

 1 11 1

 3 3 3

 3 3 3

 11 19 19

 11 19 11

 3 3 3

 3 3 3

 19 11 11

 19 11 19

 3 1 1

 3 1 3

 11 1 1

 11 1 11

 1 1 1

 1 1 1

 1 16 16

 1 16 1

 1 1 1

 1 1 1

 16 14 14

 16 14 16

 1 1 1

 1 1 1

 14 12 12

 14 12 14

 12 10 10

 12 10 12

 10 8 8

 10 8 10

 3 3 3

 3 3 3

 8 6 6

 8 6 8

 3 4 4

 3 4 3

 6 4 4

 6 4 6

 4 79 79

 4 79 4

 85 0 0

 85 0 85

 79 31 31

 79 31 79

 0 18 18

 0 18 0

 31 88 88

 31 88 31

 18 51 51

 18 51 18

 88 47 47

 88 47 88

 51 65 65

 51 65 51

 47 66 66

 47 66 47

 65 62 62

 65 62 65

 66 15 15

 66 15 66

 62 57 57

 62 57 62

 15 47 47

 15 47 15

 57 52 52

 57 52 57

 47 87 87

 47 87 47

 52 47 47

 52 47 52

 87 86 86

 87 86 87

 47 40 40

 47 40 47

 86 0 0

 86 0 86

 40 33 33

 40 33 40

 58 5 5

 58 5 58

 33 21 21

 33 21 33

 4 3 3

 4 3 4

 5 5 5

 5 5 5

 21 24 24

 21 24 21

 0 85 85

 0 85 0

 0 85 85

 0 85 0

 21 24 24

 21 24 21

 5 5 5

 5 5 5

 4 3 3

 4 3 4

 33 21 21

 33 21 33

 58 5 5

 58 5 58

 40 33 33

 40 33 40

 86 0 0

 86 0 86

 47 40 40

 47 40 47

 87 86 86

 87 86 87

 52 47 47

 52 47 52

 47 87 87

 47 87 47

 57 52 52

 57 52 57

 15 47 47

 15 47 15

 62 57 57

 62 57 62

 66 15 15

 66 15 66

 65 62 62

 65 62 65

 47 66 66

 47 66 47

 51 65 65

 51 65 51

 88 47 47

 88 47 88

 18 51 51

 18 51 18

 31 88 88

 31 88 31

 0 18 18

 0 18 0

 79 31 31

 79 31 79

 85 0 0

 85 0 85

 4 79 79

 4 79 4

 6 4 4

 6 4 6

 3 4 4

 3 4 3

 8 6 6

 8 6 8

 3 3 3

 3 3 3

 10 8 8

 10 8 10

 12 10 10

 12 10 12

 14 12 12

 14 12 14

 1 1 1

 1 1 1

 16 14 14

 16 14 16

 1 1 1

 1 1 1

 1 16 16

 1 16 1

 1 1 1

 1 1 1

 11 1 1

 11 1 11

 3 1 1

 3 1 3

 19 11 11

 19 11 19

 3 3 3

 3 3 3

 11 19 19

 11 19 11

 3 3 3

 3 3 3

 1 11 11

 1 11 1

 3 3 3

 3 3 3

 2 1 1

 2 1 2

 3 3 3

 3 3 3

 1 2 2

 1 2 1

 5 3 3

 5 3 5

 24 58 58

 24 58 24

 5 5 5

 5 5 5

 5 5 5

 5 5 5

 24 58 58

 24 58 24

 5 3 3

 5 3 5

 1 2 2

 1 2 1

 3 3 3

 3 3 3

 2 1 1

 2 1 2

 3 3 3

 3 3 3

 1 11 11

 1 11 1

 3 3 3

 3 3 3

 11 19 19

 11 19 11

 3 3 3

 3 3 3

 19 11 11

 19 11 19

 3 1 1

 3 1 3

 11 1 1

 11 1 11

 1 1 1

 1 1 1

 1 16 16

 1 16 1

 1 1 1

 1 1 1

 16 14 14

 16 14 16

 1 1 1

 1 1 1

 14 12 12

 14 12 14

 12 10 10

 12 10 12

 10 8 8

 10 8 10

 3 3 3

 3 3 3

 8 6 6

 8 6 8

 3 4 4

 3 4 3

 6 4 4

 6 4 6

 4 79 79

 4 79 4

 85 0 0

 85 0 85

 79 31 31

 79 31 79

 0 18 18

 0 18 0

 31 88 88

 31 88 31

 18 51 51

 18 51 18

 88 47 47

 88 47 88

 51 65 65

 51 65 51

 47 66 66

 47 66 47

 65 62 62

 65 62 65

 66 15 15

 66 15 66

 62 57 57

 62 57 62

 15 47 47

 15 47 15

 57 52 52

 57 52 57

 47 87 87

 47 87 47

 52 47 47

 52 47 52

 87 86 86

 87 86 87

 47 40 40

 47 40 47

 86 0 0

 86 0 86

 40 33 33

 40 33 40

 58 5 5

 58 5 58

 33 21 21

 33 21 33

 4 3 3

 4 3 4

 5 5 5

 5 5 5

 21 24 24

 21 24 21

 0 85 85

 0 85 0

 0 85 85

 0 85 0

 21 24 24

 21 24 21

 5 5 5

 5 5 5

 4 3 3

 4 3 4

 33 21 21

 33 21 33

 58 5 5

 58 5 58

 40 33 33

 40 33 40

 86 0 0

 86 0 86

 47 40 40

 47 40 47

 87 86 86

 87 86 87

 52 47 47

 52 47 52

 47 87 87

 47 87 47

 57 52 52

 57 52 57

 15 47 47

 15 47 15

 62 57 57

 62 57 62

 66 15 15

 66 15 66

 65 62 62

 65 62 65

 47 66 66

 47 66 47

 51 65 65

 51 65 51

 88 47 47

 88 47 88

 18 51 51

 18 51 18

 31 88 88

 31 88 31

 0 18 18

 0 18 0

 79 31 31

 79 31 79

 85 0 0

 85 0 85

 4 79 79

 4 79 4

 6 4 4

 6 4 6

 3 4 4

 3 4 3

 8 6 6

 8 6 8

 3 3 3

 3 3 3

 10 8 8

 10 8 10

 12 10 10

 12 10 12

 14 12 12

 14 12 14

 1 1 1

 1 1 1

 16 14 14

 16 14 16

 1 1 1

 1 1 1

 1 16 16

 1 16 1

 1 1 1

 1 1 1

 11 1 1

 11 1 11

 3 1 1

 3 1 3

 19 11 11

 19 11 19

 3 3 3

 3 3 3

 11 19 19

 11 19 11

 3 3 3

 3 3 3

 1 11 11

 1 11 1

 3 3 3

 3 3 3

 2 1 1

 2 1 2

 3 3 3

 3 3 3

 1 2 2

 1 2 1

 5 3 3

 5 3 5

 24 58 58

 24 58 24

 5 5 5

 5 5 5

 5 5 5

 5 5 5

 24 58 58

 24 58 24

 5 3 3

 5 3 5

 1 2 2

 1 2 1

 3 3 3

 3 3 3

 2 1 1

 2 1 2

 3 3 3

 3 3 3

 1 11 11

 1 11 1

 3 3 3

 3 3 3

 11 19 19

 11 19 11

 3 3 3

 3 3 3

 19 11 11

 19 11 19

 3 1 1

 3 1 3

 11 1 1

 11 1 11

 1 1 1

 1 1 1

 1 16 16

 1 16 1

 1 1 1

 1 1 1

 16 14 14

 16 14 16

 1 1 1

 1 1 1

 14 12 12

 14 12 14

 12 10 10

 12 10 12

 10 8 8

 10 8 10

 3 3 3

 3 3 3

 8 6 6

 8 6 8

 3 4 4

 3 4 3

 6 4 4

 6 4 6

 4 79 79

 4 79 4

 85 0 0

 85 0 85

 79 31 31

 79 31 79

 0 18 18

 0 18 0

 31 88 88

 31 88 31

 18 51 51

 18 51 18

 88 47 47

 88 47 88

 51 65 65

 51 65 51

 47 66 66

 47 66 47

 65 62 62

 65 62 65

 66 15 15

 66 15 66

 62 57 57

 62 57 62

 15 47 47

 15 47 15

 57 52 52

 57 52 57

 47 87 87

 47 87 47

 52 47 47

 52 47 52

 87 86 86

 87 86 87

 47 40 40

 47 40 47

 86 0 0

 86 0 86

 40 33 33

 40 33 40

 58 5 5

 58 5 58

 33 21 21

 33 21 33

 4 3 3

 4 3 4

 5 5 5

 5 5 5

 21 24 24

 21 24 21

 0 85 85

 0 85 0

 43 72 77

 43 77 83

 43 83 77

 43 77 72

 43 83 83

 43 83 43

 83 77 77

 83 77 83

 77 72 72

 77 72 77

 72 43 43

 72 43 72

