vectors:

 -1.000000 -1.000000 -1.000000

 -1.000000 -1.000000 1.000000

 -1.000000 1.000000 -1.000000

 -1.000000 1.000000 1.000000

 1.000000 -1.000000 -1.000000

 1.000000 -1.000000 1.000000

 1.000000 1.000000 -1.000000

 1.000000 1.000000 1.000000

 -1.000000 -1.000000 0.000000

 -1.000000 1.000000 0.000000

 1.000000 1.000000 0.000000

 1.000000 -1.000000 0.000000

 -1.000000 -1.000000 0.500000

 -1.000000 1.000000 0.500000

 1.000000 1.000000 0.500000

 1.000000 -1.000000 0.500000

 -1.000000 1.000000 -0.500000

 1.000000 1.000000 -0.500000

 1.000000 -1.000000 -0.500000

 -1.000000 -1.000000 -0.500000

 -1.000000 0.000000 -1.000000

 -1.000000 0.000000 1.000000

 1.000000 0.000000 -1.000000

 1.000000 0.000000 1.000000

 1.000000 0.000000 0.000000

 -1.000000 0.000000 0.000000

 1.000000 0.000000 0.500000

 -1.000000 0.000000 0.500000

 -1.000000 0.000000 -0.500000

 1.000000 0.000000 -0.500000

 -1.000000 0.500000 1.000000

 1.000000 0.500000 -1.000000

 -1.000000 0.500000 0.000000

 -1.000000 0.500000 0.500000

 -1.000000 0.500000 -0.500000

 -1.000000 0.500000 -1.000000

 1.000000 0.500000 1.000000

 1.000000 0.500000 0.000000

 1.000000 0.500000 0.500000

 1.000000 0.500000 -0.500000

 -1.000000 -0.500000 -1.000000

 1.000000 -0.500000 1.000000

 1.000000 -0.500000 0.000000

 1.000000 -0.500000 0.500000

 1.000000 -0.500000 -0.500000

 -1.000000 -0.500000 1.000000

 1.000000 -0.500000 -1.000000

 -1.000000 -0.500000 0.000000

 -1.000000 -0.500000 0.500000

 -1.000000 -0.500000 -0.500000

tris:

 33 30 3

 33 3 13

 13 3 7

 13 7 14

 43 41 5

 43 5 15

 15 5 1

 15 1 12

 40 46 4

 40 4 0

 41 45 1

 41 1 5

 18 11 8

 18 8 19

 44 42 11

 44 11 18

 16 9 10

 16 10 17

 34 32 9

 34 9 16

 11 15 12

 11 12 8

 42 43 15

 42 15 11

 9 13 14

 9 14 10

 32 33 13

 32 13 9

 35 34 16

 35 16 2

 2 16 17

 2 17 6

 46 44 18

 46 18 4

 4 18 19

 4 19 0

 31 39 29

 31 29 22

 40 49 28

 40 28 20

 47 48 27

 47 27 25

 37 38 26

 37 26 24

 49 47 25

 49 25 28

 39 37 24

 39 24 29

 36 30 21

 36 21 23

 35 31 22

 35 22 20

 38 36 23

 38 23 26

 48 45 21

 48 21 27

 14 7 36

 14 36 38

 2 6 31

 2 31 35

 7 3 30

 7 30 36

 17 10 37

 17 37 39

 10 14 38

 10 38 37

 6 17 39

 6 39 31

 20 28 34

 20 34 35

 25 27 33

 25 33 32

 28 25 32

 28 32 34

 27 21 30

 27 30 33

 12 1 45

 12 45 48

 19 8 47

 19 47 49

 8 12 48

 8 48 47

 0 19 49

 0 49 40

 22 29 44

 22 44 46

 24 26 43

 24 43 42

 29 24 42

 29 42 44

 23 21 45

 23 45 41

 20 22 46

 20 46 40

 26 23 41

 26 41 43

vector2s:

 0.014844 0.977813

 0.014844 0.022187

 0.985156 0.022187

 0.985156 0.977813

 1.000000 0.750000

 1.000000 1.000000

 0.000000 1.000000

 0.000000 0.750000

 0.000000 0.000000

 1.000000 0.000000

 -0.143297 3.153693

 2.730185 -0.722873

 3.472184 -0.004502

 0.598702 3.872063

 1.000000 0.250000

 0.000000 0.250000

 1.000000 0.500000

 0.000000 0.500000

 -0.739733 -0.994244

 -0.739733 0.625000

 -1.979466 0.625000

 -1.979466 -0.994244

 -0.739733 2.244243

 -1.979466 2.244243

 1.739733 -2.613486

 1.739733 -0.994244

 0.500000 -0.994244

 0.500000 -2.613486

 0.954075 0.039690

 0.954075 0.960310

 0.045925 0.960310

 0.045925 0.039690

 -1.627294 1.716951

 1.246187 -2.159614

 1.988186 -1.441243

 -0.885296 2.435322

 1.739733 2.244243

 1.739733 3.863486

 0.500000 3.863486

 0.500000 2.244243

 -2.369293 0.998581

 0.504189 -2.877984

 2.979466 -0.994244

 2.979466 0.625000

 1.739733 0.625000

 2.979466 2.244243

 -0.739733 -2.613486

 -0.739732 3.863486

uv:

 0 1 2

 0 2 3

 4 5 6

 4 6 7

 8 9 5

 8 5 6

 4 5 6

 4 6 7

 10 11 12

 10 12 13

 14 15 8

 14 8 9

 14 16 17

 14 17 15

 18 19 20

 18 20 21

 14 16 17

 14 17 15

 0 1 2

 0 2 3

 16 4 7

 16 7 17

 19 22 23

 19 23 20

 16 4 7

 16 7 17

 0 1 2

 0 2 3

 0 1 2

 0 2 3

 9 14 15

 9 15 8

 8 9 5

 8 5 6

 9 14 15

 9 15 8

 24 25 26

 24 26 27

 0 1 2

 0 2 3

 0 1 2

 0 2 3

 8 9 5

 8 5 6

 0 1 2

 0 2 3

 28 29 30

 28 30 31

 4 7 17

 4 17 16

 32 33 34

 32 34 35

 36 37 38

 36 38 39

 0 1 2

 0 2 3

 8 9 5

 8 5 6

 40 41 33

 40 33 32

 5 6 7

 5 7 4

 42 43 44

 42 44 25

 43 45 36

 43 36 44

 8 9 5

 8 5 6

 0 1 2

 0 2 3

 0 1 2

 0 2 3

 0 1 2

 0 2 3

 0 1 2

 0 2 3

 0 1 2

 0 2 3

 0 1 2

 0 2 3

 0 1 2

 0 2 3

 0 1 2

 0 2 3

 27 26 18

 27 18 46

 28 29 30

 28 30 31

 8 9 5

 8 5 6

 16 17 15

 16 15 14

 35 34 11

 35 11 10

 39 38 47

 39 47 22

palette:

 255 255 255 255

color:

 0 0 0

 0 0 0

 0 0 0

 0 0 0

 0 0 0

 0 0 0

 0 0 0

 0 0 0

 0 0 0

 0 0 0

 0 0 0

 0 0 0

 0 0 0

 0 0 0

 0 0 0

 0 0 0

 0 0 0

 0 0 0

 0 0 0

 0 0 0

 0 0 0

 0 0 0

 0 0 0

 0 0 0

 0 0 0

 0 0 0

 0 0 0

 0 0 0

 0 0 0

 0 0 0

 0 0 0

 0 0 0

 0 0 0

 0 0 0

 0 0 0

 0 0 0

 0 0 0

 0 0 0

 0 0 0

 0 0 0

 0 0 0

 0 0 0

 0 0 0

 0 0 0

 0 0 0

 0 0 0

 0 0 0

 0 0 0

 0 0 0

 0 0 0

 0 0 0

 0 0 0

 0 0 0

 0 0 0

 0 0 0

 0 0 0

 0 0 0

 0 0 0

 0 0 0

 0 0 0

 0 0 0

 0 0 0

 0 0 0

 0 0 0

 0 0 0

 0 0 0

 0 0 0

 0 0 0

 0 0 0

 0 0 0

 0 0 0

 0 0 0

 0 0 0

 0 0 0

 0 0 0

 0 0 0

 0 0 0

 0 0 0

 0 0 0

 0 0 0

 0 0 0

 0 0 0

 0 0 0

 0 0 0

 0 0 0

 0 0 0

 0 0 0

 0 0 0

 0 0 0

 0 0 0

 0 0 0

 0 0 0

 0 0 0

 0 0 0

 0 0 0

 0 0 0

