vectors:

 0.000000 -0.400000 -0.212670

 0.000000 -0.400000 0.400000

 -0.282843 -0.282843 -0.212670

 -0.282843 -0.282843 0.400000

 -0.400000 -0.000000 -0.212670

 -0.400000 -0.000000 0.400000

 -0.282843 0.282843 -0.212670

 -0.282843 0.282843 0.400000

 -0.000000 0.400000 -0.212670

 -0.000000 0.400000 0.400000

 0.282843 0.282843 -0.212670

 0.282843 0.282843 0.400000

 0.400000 0.000000 -0.212670

 0.400000 0.000000 0.400000

 0.282843 -0.282843 -0.212670

 0.282843 -0.282843 0.400000

 0.000000 -0.247731 0.141952

 -0.175172 -0.175172 0.141952

 -0.247731 -0.000000 0.141952

 -0.175172 0.175172 0.141952

 -0.000000 0.247731 0.141952

 0.175172 0.175172 0.141952

 0.247731 0.000000 0.141952

 0.175172 -0.175172 0.141952

 -0.081180 -0.081180 0.448869

 0.000000 -0.114806 0.448869

 -0.114806 -0.000000 0.448869

 -0.081180 0.081180 0.448869

 -0.000000 0.114806 0.448869

 0.081180 0.081180 0.448869

 0.114806 0.000000 0.448869

 0.081180 -0.081180 0.448869

 0.000000 0.000000 0.845637

 0.161198 0.000000 -0.369748

 0.113984 0.113985 -0.369748

 -0.000000 0.161198 -0.369748

 -0.113985 0.113984 -0.369748

 -0.161198 -0.000000 -0.369748

 -0.113984 -0.113985 -0.369748

 0.000000 -0.161198 -0.369748

 0.113985 -0.113984 -0.369748

 0.336409 0.000000 -0.249748

 0.319887 0.039887 -0.249748

 0.280000 0.056409 -0.249748

 0.240113 0.039887 -0.249748

 0.223591 0.000000 -0.249748

 0.240113 -0.039887 -0.249748

 0.280000 -0.056409 -0.249748

 0.319887 -0.039887 -0.249748

 0.319887 -0.039887 -0.461852

 0.280000 -0.056409 -0.461852

 0.336409 0.000000 -0.461852

 0.319887 0.039887 -0.461852

 0.280000 0.056409 -0.461852

 0.240113 0.039887 -0.461852

 0.223591 0.000000 -0.461852

 0.240113 -0.039887 -0.461852

 -0.223591 -0.000000 -0.249748

 -0.240113 0.039887 -0.249748

 -0.280000 0.056409 -0.249748

 -0.319887 0.039887 -0.249748

 -0.336409 -0.000000 -0.249748

 -0.319887 -0.039887 -0.249748

 -0.280000 -0.056409 -0.249748

 -0.240113 -0.039887 -0.249748

 -0.240113 -0.039887 -0.461852

 -0.280000 -0.056409 -0.461852

 -0.223591 -0.000000 -0.461852

 -0.240113 0.039887 -0.461852

 -0.280000 0.056409 -0.461852

 -0.319887 0.039887 -0.461852

 -0.336409 -0.000000 -0.461852

 -0.319887 -0.039887 -0.461852

 0.107708 -0.270308 0.256200

 0.076161 -0.242661 0.180233

 0.000000 -0.251892 0.148766

 -0.076161 -0.242661 0.180233

 -0.107707 -0.270308 0.256200

 -0.076161 -0.328816 0.332167

 0.000000 -0.378503 0.363633

 0.076161 -0.328816 0.332167

 0.044602 -0.506496 0.300802

 0.000000 -0.506496 0.319277

 0.063077 -0.506496 0.256200

 0.044602 -0.506496 0.211597

 0.000000 -0.506496 0.193122

 -0.044602 -0.506496 0.211597

 -0.063077 -0.506496 0.256200

 -0.044602 -0.506496 0.300802

 0.076161 -0.506496 0.332360

 0.000000 -0.506496 0.363907

 0.107708 -0.506496 0.256200

 0.076161 -0.506496 0.180039

 0.000000 -0.506496 0.148492

 -0.076161 -0.506496 0.180039

 -0.107707 -0.506496 0.256200

 -0.076161 -0.506496 0.332360

 0.000000 -0.396472 0.256200

 0.000000 -0.161198 -0.448287

 -0.113984 -0.113985 -0.448287

 -0.161198 -0.000000 -0.448287

 -0.113985 0.113984 -0.448287

 -0.000000 0.161198 -0.448287

 0.113984 0.113985 -0.448287

 0.161198 0.000000 -0.448287

 0.113985 -0.113984 -0.448287

tris:

 16 1 3

 16 3 17

 17 3 5

 17 5 18

 18 5 7

 18 7 19

 19 7 9

 19 9 20

 20 9 11

 20 11 21

 21 11 13

 21 13 22

 9 7 27

 9 27 28

 22 13 15

 22 15 23

 23 15 1

 23 1 16

 8 10 34

 8 34 35

 14 23 16

 14 16 0

 12 22 23

 12 23 14

 10 21 22

 10 22 12

 8 20 21

 8 21 10

 6 19 20

 6 20 8

 4 18 19

 4 19 6

 2 17 18

 2 18 4

 0 16 17

 0 17 2

 31 30 32

 15 13 30

 15 30 31

 5 3 24

 5 24 26

 11 9 28

 11 28 29

 1 15 31

 1 31 25

 3 1 25

 3 25 24

 7 5 26

 7 26 27

 13 11 29

 13 29 30

 6 8 35

 6 35 36

 29 28 32

 27 26 32

 24 25 32

 25 31 32

 30 29 32

 28 27 32

 26 24 32

 10 12 33

 10 33 34

 4 6 36

 4 36 37

 0 2 38

 0 38 39

 14 0 39

 14 39 40

 12 14 40

 12 40 33

 2 4 37

 2 37 38

 46 47 48

 48 41 42

 42 43 44

 44 45 46

 46 48 42

 42 44 46

 49 50 56

 56 55 54

 54 53 52

 52 51 49

 49 56 54

 54 52 49

 46 45 55

 46 55 56

 44 43 53

 44 53 54

 42 41 51

 42 51 52

 48 47 50

 48 50 49

 47 46 56

 47 56 50

 45 44 54

 45 54 55

 43 42 52

 43 52 53

 41 48 49

 41 49 51

 62 63 64

 64 57 58

 58 59 60

 60 61 62

 62 64 58

 58 60 62

 65 66 72

 72 71 70

 70 69 68

 68 67 65

 65 72 70

 70 68 65

 62 61 71

 62 71 72

 60 59 69

 60 69 70

 58 57 67

 58 67 68

 64 63 66

 64 66 65

 63 62 72

 63 72 66

 61 60 70

 61 70 71

 59 58 68

 59 68 69

 57 64 65

 57 65 67

 78 79 80

 80 73 74

 74 75 76

 76 77 78

 78 80 74

 74 76 78

 81 82 97

 78 77 95

 78 95 96

 76 75 93

 76 93 94

 74 73 91

 74 91 92

 80 79 90

 80 90 89

 79 78 96

 79 96 90

 77 76 94

 77 94 95

 75 74 92

 75 92 93

 73 80 89

 73 89 91

 82 81 89

 82 89 90

 81 83 91

 81 91 89

 83 84 92

 83 92 91

 84 85 93

 84 93 92

 85 86 94

 85 94 93

 86 87 95

 86 95 94

 87 88 96

 87 96 95

 88 82 90

 88 90 96

 82 88 97

 87 86 97

 85 84 97

 83 81 97

 88 87 97

 86 85 97

 84 83 97

 105 98 99

 99 100 101

 101 102 103

 103 104 105

 105 99 101

 101 103 105

 38 99 98

 38 98 39

 37 100 99

 37 99 38

 36 101 100

 36 100 37

 35 102 101

 35 101 36

 34 103 102

 34 102 35

 33 104 103

 33 103 34

 40 105 104

 40 104 33

 39 98 105

 39 105 40

palette:

 130 134 255 255

 99 255 41 255

 255 255 255 255

 31 17 255 255

 255 14 33 255

 255 22 53 255

 40 27 48 255

color:

 0 1 1

 0 1 0

 0 1 1

 0 1 0

 0 1 1

 0 1 0

 0 1 1

 0 1 0

 0 1 1

 0 1 0

 0 1 1

 0 1 0

 1 1 2

 1 2 2

 0 1 1

 0 1 0

 0 1 1

 0 1 0

 3 3 3

 3 3 3

 3 0 0

 3 0 3

 3 0 0

 3 0 3

 3 0 0

 3 0 3

 3 0 0

 3 0 3

 3 0 0

 3 0 3

 3 0 0

 3 0 3

 3 0 0

 3 0 3

 3 0 0

 3 0 3

 2 2 4

 1 1 2

 1 2 2

 1 1 2

 1 2 2

 1 1 2

 1 2 2

 1 1 2

 1 2 2

 1 1 2

 1 2 2

 1 1 2

 1 2 2

 1 1 2

 1 2 2

 3 3 3

 3 3 3

 2 2 4

 2 2 4

 2 2 4

 2 2 4

 2 2 4

 2 2 4

 2 2 4

 3 3 3

 3 3 3

 3 3 3

 3 3 3

 3 3 3

 3 3 3

 3 3 3

 3 3 3

 3 3 3

 3 3 3

 3 3 3

 3 3 3

 3 3 3

 3 3 3

 3 3 3

 3 3 3

 3 3 3

 3 3 3

 5 5 5

 5 5 5

 5 5 5

 5 5 5

 5 5 5

 5 5 5

 3 3 5

 3 5 5

 3 3 5

 3 5 5

 3 3 5

 3 5 5

 3 3 5

 3 5 5

 3 3 5

 3 5 5

 3 3 5

 3 5 5

 3 3 5

 3 5 5

 3 3 5

 3 5 5

 3 3 3

 3 3 3

 3 3 3

 3 3 3

 3 3 3

 3 3 3

 5 5 5

 5 5 5

 5 5 5

 5 5 5

 5 5 5

 5 5 5

 3 3 5

 3 5 5

 3 3 5

 3 5 5

 3 3 5

 3 5 5

 3 3 5

 3 5 5

 3 3 5

 3 5 5

 3 3 5

 3 5 5

 3 3 5

 3 5 5

 3 3 5

 3 5 5

 2 2 2

 2 2 2

 2 2 2

 2 2 2

 2 2 2

 2 2 2

 6 6 6

 2 2 2

 2 2 2

 2 2 2

 2 2 2

 2 2 2

 2 2 2

 2 2 2

 2 2 2

 2 2 2

 2 2 2

 2 2 2

 2 2 2

 2 2 2

 2 2 2

 2 2 2

 2 2 2

 6 6 2

 6 2 2

 6 6 2

 6 2 2

 6 6 2

 6 2 2

 6 6 2

 6 2 2

 6 6 2

 6 2 2

 6 6 2

 6 2 2

 6 6 2

 6 2 2

 6 6 2

 6 2 2

 6 6 6

 6 6 6

 6 6 6

 6 6 6

 6 6 6

 6 6 6

 6 6 6

 5 5 5

 5 5 5

 5 5 5

 5 5 5

 5 5 5

 5 5 5

 3 5 5

 3 5 3

 3 5 5

 3 5 3

 3 5 5

 3 5 3

 3 5 5

 3 5 3

 3 5 5

 3 5 3

 3 5 5

 3 5 3

 3 5 5

 3 5 3

 3 5 5

 3 5 3

