vectors:

 -1.000000 -1.000000 -1.000000

 -1.000000 -1.000000 1.000000

 -1.000000 1.000000 -1.000000

 -1.000000 1.000000 1.000000

 1.000000 -1.000000 -1.000000

 1.000000 -1.000000 1.000000

 1.000000 1.000000 -1.000000

 1.000000 1.000000 1.000000

tris:

 0 1 3

 0 3 2

 2 3 7

 2 7 6

 6 7 5

 6 5 4

 4 5 1

 4 1 0

 2 6 4

 2 4 0

 7 3 1

 7 1 5

vector2s:

 0.000000 0.000000

 1.000000 0.000000

 1.000000 1.000000

 0.000000 1.000000

uv:

 0 1 2

 0 2 3

 0 1 2

 0 2 3

 0 1 2

 0 2 3

 0 1 2

 0 2 3

 0 1 2

 0 2 3

 0 1 2

 0 2 3

palette:

 255 255 255 255

color:

 0 0 0

 0 0 0

 0 0 0

 0 0 0

 0 0 0

 0 0 0

 0 0 0

 0 0 0

 0 0 0

 0 0 0

 0 0 0

 0 0 0

