vectors:

 0.028686 0.033901 -0.125174

 0.122566 -0.078234 -0.138213

 -0.122566 -0.075626 -0.138213

 -0.023470 0.036509 -0.125174

 -0.086057 0.096488 -0.065195

 0.093880 0.093880 -0.065195

 -0.172114 0.031293 0.054763

 -0.091272 0.083449 0.143428

 -0.073018 0.104311 0.054763

 -0.206015 0.018254 -0.065195

 -0.166898 -0.117350 -0.073018

 -0.135605 -0.099096 0.062587

 0.096488 -0.020862 0.151251

 0.093880 0.080841 0.143428

 -0.091272 -0.018254 0.151251

 0.075626 0.101704 0.054763

 0.140820 -0.101704 0.062587

 0.206015 0.018254 -0.065195

 0.172114 0.031293 0.054763

 0.166898 -0.119958 -0.073018

 -0.031293 -0.013039 -0.821452

 -0.091272 0.044332 -0.821452

 -0.088665 0.049548 -0.732787

 -0.007823 -0.015647 -0.732787

 -0.151251 -0.010431 -0.821452

 -0.172114 -0.015647 -0.732787

 -0.127781 -0.075626 -0.818844

 -0.140820 -0.101704 -0.701494

 -0.054763 -0.075626 -0.818844

 -0.039117 -0.101704 -0.701494

 -0.122566 0.013039 -0.534596

 -0.057371 -0.031293 -0.534596

 -0.041725 0.013039 -0.534596

 -0.083449 0.057371 -0.534596

 -0.106919 -0.031293 -0.534596

 -0.083449 0.049548 -1.027467

 -0.044332 0.013039 -1.027467

 -0.125174 0.013039 -1.027467

 -0.109527 -0.044332 -1.027467

 -0.057371 -0.044332 -1.027467

 -0.088665 -0.028686 -1.056153

 -0.114743 0.020862 -1.056153

 -0.059979 0.020862 -1.056153

 -0.020862 0.099096 -1.178719

 -0.049548 0.237308 -1.176111

 -0.054763 0.234700 -1.123955

 -0.031293 0.101704 -1.082230

 -0.140820 0.101704 -1.082230

 -0.117350 0.234700 -1.123955

 -0.122566 0.237308 -1.176111

 -0.148644 0.122566 -1.178718

 -0.039117 -0.062587 -1.087446

 -0.049548 -0.044332 -1.030075

 -0.122566 -0.044332 -1.030075

 -0.132997 -0.062587 -1.087446

 -0.125174 -0.075626 -1.178718

 -0.046940 -0.075626 -1.178718

 -0.049548 0.046940 -1.035290

 -0.122566 0.046940 -1.035290

 0.208623 0.036509 -0.002608

 0.187760 0.041725 -0.239916

 0.177329 -0.044332 -0.237308

 0.195584 -0.078234 0.000000

 0.276425 0.031293 -0.007823

 0.255563 0.036509 -0.245132

 0.263386 -0.083449 -0.007823

 0.245132 -0.049548 -0.245132

 0.169506 -0.080841 -0.046940

 0.211231 0.026078 -0.044332

 -0.002608 0.026078 -0.044332

 0.039117 -0.080841 -0.046940

 0.005216 0.028686 -0.299895

 0.096488 0.096488 -0.299895

 0.088665 0.057371 -0.537204

 0.039117 0.010431 -0.537204

 0.187760 0.028686 -0.299895

 0.135605 0.013039 -0.537204

 0.153859 -0.075626 -0.299895

 0.117350 -0.033901 -0.537204

 0.039117 -0.075626 -0.299895

 0.057371 -0.033901 -0.537204

 0.088665 -0.018255 -0.565889

 0.114743 0.031293 -0.565889

 0.059979 0.031293 -0.565889

 0.104311 0.093880 -0.044332

 -0.192976 -0.075626 -0.002608

 -0.174722 -0.041725 -0.239916

 -0.185153 0.044332 -0.242524

 -0.206015 0.036509 -0.005216

 -0.252955 0.039117 -0.247740

 -0.273817 0.031293 -0.010431

 -0.260778 -0.080841 -0.007823

 -0.242524 -0.049548 -0.245132

 -0.208623 0.028686 -0.046940

 -0.039117 -0.080841 -0.049548

 0.002608 0.026078 -0.046940

 -0.101704 0.093880 -0.046940

 -0.086057 0.057371 -0.537204

 -0.093880 0.099096 -0.302503

 -0.002608 0.028686 -0.302503

 -0.036509 0.013039 -0.537204

 -0.132997 0.013039 -0.537204

 -0.185153 0.028686 -0.302503

 -0.114743 -0.031293 -0.537204

 -0.151251 -0.075626 -0.302503

 -0.054763 -0.031293 -0.537204

 -0.039117 -0.075626 -0.302503

 -0.112135 0.033901 -0.568497

 -0.086057 -0.018255 -0.568497

 -0.059979 0.033901 -0.568497

 -0.169506 -0.080841 -0.049548

 0.093880 0.052156 -0.732787

 0.093880 0.046940 -0.821452

 0.033901 -0.010431 -0.821452

 0.010431 -0.015647 -0.732787

 0.153859 -0.010431 -0.821452

 0.174722 -0.013039 -0.732787

 0.132997 -0.073018 -0.818844

 0.143428 -0.099096 -0.701494

 0.041725 -0.099096 -0.701494

 0.057371 -0.073018 -0.818844

 0.112135 -0.028686 -0.534596

 0.127781 0.015647 -0.534596

 0.044332 0.015647 -0.534596

 0.059979 -0.031293 -0.534596

 0.046940 0.015647 -1.027467

 0.086057 0.049548 -1.027467

 0.127781 0.015647 -1.027467

 0.112135 -0.041725 -1.027467

 0.059979 -0.041725 -1.027467

 0.062587 0.020862 -1.056153

 0.117350 0.023470 -1.056153

 0.091272 -0.026078 -1.056153

 0.086057 0.059979 -0.534596

 0.049548 0.232093 -1.126563

 0.044332 0.237308 -1.178718

 0.018254 0.096488 -1.181326

 0.028686 0.099096 -1.084838

 0.119958 0.237308 -1.178718

 0.114743 0.232093 -1.126563

 0.135605 0.099096 -1.084838

 0.146036 0.122566 -1.181326

 0.119958 -0.046940 -1.032683

 0.044332 -0.046940 -1.032683

 0.036509 -0.065195 -1.090054

 0.127781 -0.065195 -1.090054

 0.041725 -0.075626 -1.181326

 0.122566 -0.075626 -1.181326

 0.119958 0.044332 -1.037898

 0.044332 0.044332 -1.037898

 -0.146036 -0.062587 0.529380

 -0.106919 -0.140820 0.521557

 0.101704 -0.140820 0.521557

 0.140820 -0.062587 0.529380

 0.125174 -0.070410 0.331189

 0.106919 -0.159075 0.352051

 -0.112135 -0.159075 0.352051

 -0.127781 -0.070410 0.331189

 -0.078234 0.083449 0.232093

 -0.096488 0.078234 0.140820

 -0.096488 -0.028686 0.140820

 -0.078234 -0.036509 0.237308

 0.091272 -0.028686 0.140820

 0.080841 -0.036509 0.237308

 0.091272 0.078234 0.140820

 0.080841 0.083449 0.232093

 -0.033901 -0.054763 0.633692

 -0.041725 -0.059979 0.529380

 0.033901 -0.059979 0.529380

 0.026078 -0.054763 0.633692

 0.033901 0.028686 0.529380

 0.026078 0.015647 0.633692

 -0.033901 0.015647 0.633692

 -0.041725 0.028686 0.529380

 -0.125174 0.088665 0.312934

 -0.125174 0.187761 0.388560

 0.119958 0.187761 0.388560

 0.119958 0.088665 0.312934

 -0.146036 0.041725 0.529380

 0.140820 0.041725 0.529380

 0.174722 0.039117 0.490263

 0.208623 -0.002608 0.477225

 0.213838 -0.002608 0.242524

 0.182545 0.036509 0.245132

 0.177329 -0.044332 0.490263

 0.185153 -0.041725 0.245132

 0.125174 -0.028686 0.505910

 0.138213 -0.028686 0.245132

 0.125174 0.023470 0.505910

 0.138213 0.020862 0.245132

 0.169506 -0.023470 0.526772

 0.169506 0.018255 0.526772

 0.143428 -0.002608 0.526772

 0.179937 0.018255 0.221662

 0.179937 -0.023470 0.221662

 0.156467 -0.002608 0.221662

 0.138213 0.015647 0.245132

 0.138213 -0.031293 0.245132

 0.185153 -0.046940 0.245132

 0.185153 0.031293 0.245132

 0.211231 -0.007823 0.242524

 0.203407 -0.007823 -0.018254

 0.182545 0.018254 -0.018254

 0.185153 -0.033901 -0.018254

 0.151251 -0.023470 -0.018254

 0.151251 0.007823 -0.018254

 0.179937 0.005216 -0.041725

 0.179937 -0.020862 -0.041725

 0.164290 -0.007823 -0.041725

 0.203407 -0.039117 -0.023470

 0.203407 0.020862 -0.023470

 0.151251 0.020862 -0.015647

 0.151251 -0.039117 -0.015647

 0.122566 -0.046940 -0.140820

 0.198192 -0.046940 -0.138213

 0.195584 0.044332 -0.146036

 0.119958 0.044332 -0.148644

 0.185153 -0.078234 -0.125174

 0.185153 -0.044332 -0.122566

 0.190368 -0.041725 -0.052156

 0.190368 -0.088665 -0.054763

 0.148644 -0.041725 -0.049548

 0.148644 -0.088665 -0.052156

 0.146036 -0.078234 -0.122566

 0.146036 -0.044332 -0.119958

 0.182545 0.059979 -0.242524

 0.182545 0.130389 -0.232093

 0.195584 0.099096 -0.010431

 0.195584 0.028686 -0.020862

 0.148644 0.099096 -0.007823

 0.148644 0.028686 -0.018254

 0.135605 0.130389 -0.229485

 0.132997 0.059979 -0.237308

 0.161683 0.130389 -0.331189

 0.161683 0.117350 -0.333796

 0.151251 0.117350 -0.331189

 0.151251 0.130389 -0.331189

 0.159075 -0.208623 -0.073018

 0.159075 -0.088665 -0.065195

 0.156467 -0.080841 -0.109527

 0.156467 -0.206015 -0.119958

 0.182545 -0.208623 -0.075626

 0.182545 -0.088665 -0.065195

 0.179937 -0.206015 -0.119958

 0.179937 -0.080841 -0.112135

 0.153859 0.112135 -0.286856

 0.153859 0.125174 -0.284248

 0.164290 0.125174 -0.286856

 0.164290 0.112135 -0.286856

 0.185153 -0.041725 -0.119958

 0.190368 -0.039117 -0.052156

 0.148644 -0.039117 -0.049548

 0.146036 -0.041725 -0.117350

 0.182545 0.062587 -0.292072

 0.182545 0.146036 -0.281641

 0.195584 0.106919 -0.002608

 0.195584 0.023470 -0.000000

 0.148644 0.106919 -0.000000

 0.148644 0.023470 0.002608

 0.135605 0.146036 -0.279033

 0.132997 0.062587 -0.289464

 -0.216446 -0.002608 0.245132

 -0.206015 -0.002608 0.477225

 -0.174722 0.039117 0.490263

 -0.185153 0.036509 0.245132

 -0.187760 -0.041725 0.245132

 -0.174722 -0.044332 0.490263

 -0.140820 -0.028686 0.245132

 -0.125174 -0.028686 0.505910

 -0.138213 0.020862 0.245132

 -0.122566 0.023470 0.505910

 -0.143428 -0.002608 0.526772

 -0.166898 0.018255 0.526772

 -0.166898 -0.023470 0.526772

 -0.159075 -0.002608 0.221662

 -0.182545 -0.023470 0.221662

 -0.182545 0.018255 0.221662

 -0.185153 -0.046940 0.242524

 -0.140820 -0.031293 0.245132

 -0.140820 0.015647 0.245132

 -0.185153 0.031293 0.242524

 -0.203407 -0.007823 -0.020862

 -0.213838 -0.007823 0.239916

 -0.185153 0.018254 -0.018254

 -0.185153 -0.033901 -0.018254

 -0.153859 -0.023470 -0.018254

 -0.153859 0.007823 -0.018254

 -0.164290 -0.007823 -0.041725

 -0.179937 -0.020862 -0.041725

 -0.179937 0.005216 -0.041725

 -0.151251 0.023470 -0.015647

 -0.200799 0.023470 -0.023470

 -0.200799 -0.036509 -0.023470

 -0.151251 -0.036509 -0.015647

 -0.195584 -0.044332 -0.138213

 -0.119958 -0.044332 -0.140820

 -0.195584 0.046940 -0.146036

 -0.119958 0.046940 -0.148644

 -0.187760 -0.086057 -0.054763

 -0.187760 -0.039117 -0.052156

 -0.182545 -0.041725 -0.122566

 -0.182545 -0.075626 -0.125174

 -0.146036 -0.086057 -0.052156

 -0.146036 -0.039117 -0.049548

 -0.143428 -0.041725 -0.119958

 -0.140820 -0.075626 -0.122566

 -0.192976 0.031293 -0.020862

 -0.192976 0.101704 -0.010431

 -0.179937 0.132997 -0.232093

 -0.179937 0.062587 -0.242524

 -0.143428 0.031293 -0.018254

 -0.146036 0.101704 -0.007823

 -0.130389 0.132997 -0.229485

 -0.130389 0.062587 -0.237308

 -0.052156 -0.143428 0.685847

 -0.033901 -0.169506 0.649338

 0.028686 -0.169506 0.649338

 0.044332 -0.143428 0.685847

 -0.026078 -0.161683 0.503302

 0.018254 -0.161683 0.503302

 0.044332 -0.109527 0.821452

 -0.052156 -0.109527 0.818844

 -0.031293 0.099096 0.612829

 -0.086057 0.088665 0.730180

 -0.036509 0.119958 0.688455

 -0.070410 -0.007823 0.638907

 -0.002608 -0.020862 0.610221

 -0.002608 0.117350 0.607614

 0.023470 0.099096 0.612829

 0.080841 0.088665 0.730180

 0.062587 -0.007823 0.638907

 0.028686 0.119958 0.691063

 -0.039117 -0.112135 0.594575

 0.031293 -0.112135 0.594575

 -0.005216 -0.091272 0.547635

 -0.002608 -0.114742 0.508518

 -0.078234 -0.067802 0.565889

 -0.138213 -0.028686 0.628476

 0.070410 -0.067802 0.565889

 0.132997 -0.028686 0.628476

 0.119958 0.005216 0.735395

 0.083449 -0.033901 0.842314

 0.078234 -0.005216 0.743219

 0.083449 0.062587 0.831883

 -0.083449 -0.005216 0.743219

 -0.122566 -0.018254 0.738003

 -0.088665 -0.033901 0.842314

 -0.086057 0.041725 0.837099

 -0.062587 0.054764 0.839707

 -0.044332 0.086057 0.876216

 0.062587 0.054764 0.839707

 0.039117 0.099096 0.873608

 -0.002608 -0.007823 0.873608

 -0.002608 0.093880 0.842314

 0.075626 0.093880 0.777120

 -0.080841 0.091273 0.777120

 -0.002608 0.127781 0.774512

 -0.002608 0.125174 0.732787

 -0.002608 0.135605 0.688455

 -0.002608 0.151252 0.696278

tris:

 0 1 2

 0 2 3

 0 3 4

 0 4 5

 6 7 8

 6 8 9

 10 11 6

 10 6 9

 12 13 7

 12 7 14

 8 7 13

 8 13 15

 16 12 14

 16 14 11

 4 8 15

 4 15 5

 17 15 13

 17 13 18

 17 18 16

 17 16 19

 19 16 11

 19 11 10

 1 19 10

 1 10 2

 3 2 9

 9 4 3

 10 9 2

 17 1 0

 0 5 17

 1 17 19

 6 14 7

 14 6 11

 9 8 4

 12 18 13

 18 12 16

 15 17 5

 20 21 22

 20 22 23

 24 25 22

 24 22 21

 26 27 25

 26 25 24

 26 28 29

 26 29 27

 28 20 23

 28 23 29

 30 31 32

 30 32 33

 27 34 30

 27 30 25

 29 31 34

 29 34 27

 32 31 29

 32 29 23

 35 21 20

 35 20 36

 37 24 21

 37 21 35

 38 26 24

 38 24 37

 39 28 26

 39 26 38

 40 41 42

 30 34 31

 33 32 22

 32 23 22

 30 33 22

 22 25 30

 35 36 42

 37 35 41

 35 42 41

 41 40 38

 38 37 41

 39 38 40

 36 39 42

 39 40 42

 28 36 20

 36 28 39

 43 44 45

 43 45 46

 47 48 49

 47 49 50

 50 49 44

 50 44 43

 51 52 53

 51 53 54

 54 55 56

 54 56 51

 52 57 58

 52 58 53

 55 50 43

 55 43 56

 48 45 44

 48 44 49

 48 47 46

 48 46 45

 57 46 47

 57 47 58

 46 57 52

 52 51 46

 54 53 58

 58 47 54

 46 56 43

 46 51 56

 47 50 55

 55 54 47

 59 60 61

 59 61 62

 63 64 60

 63 60 59

 65 63 59

 65 59 62

 66 65 62

 66 62 61

 64 66 61

 64 61 60

 64 63 65

 64 65 66

 67 68 69

 67 69 70

 71 72 73

 71 73 74

 72 75 76

 72 76 73

 75 77 78

 75 78 76

 77 79 80

 77 80 78

 79 71 74

 79 74 80

 78 81 82

 78 82 76

 80 74 83

 80 83 81

 71 69 84

 71 84 72

 72 84 68

 72 68 75

 75 68 67

 75 67 77

 77 67 70

 77 70 79

 79 70 69

 79 69 71

 83 82 81

 68 84 69

 83 74 73

 82 73 76

 82 83 73

 81 78 80

 85 86 87

 85 87 88

 87 89 90

 87 90 88

 88 90 91

 88 91 85

 85 91 92

 85 92 86

 86 92 89

 86 89 87

 91 90 89

 91 89 92

 93 94 95

 93 95 96

 97 98 99

 97 99 100

 101 102 98

 101 98 97

 103 104 102

 103 102 101

 105 106 104

 105 104 103

 100 99 106

 100 106 105

 107 108 103

 107 103 101

 109 100 105

 109 105 108

 98 96 95

 98 95 99

 102 93 96

 102 96 98

 104 110 93

 104 93 102

 106 94 110

 106 110 104

 99 95 94

 99 94 106

 108 107 109

 93 110 94

 97 100 109

 101 97 107

 97 109 107

 105 103 108

 111 112 113

 111 113 114

 115 112 111

 115 111 116

 117 115 116

 117 116 118

 119 120 117

 119 117 118

 114 113 120

 114 120 119

 121 122 123

 121 123 124

 122 121 118

 122 118 116

 121 124 119

 121 119 118

 123 114 119

 123 119 124

 125 113 112

 125 112 126

 126 112 115

 126 115 127

 127 115 117

 127 117 128

 128 117 120

 128 120 129

 130 131 132

 122 133 123

 111 123 133

 111 114 123

 122 116 111

 111 133 122

 130 125 126

 131 126 127

 131 130 126

 128 132 131

 131 127 128

 132 128 129

 130 129 125

 130 132 129

 120 125 129

 125 120 113

 134 135 136

 134 136 137

 138 139 140

 138 140 141

 135 138 141

 135 141 136

 142 143 144

 142 144 145

 146 147 145

 146 145 144

 148 149 143

 148 143 142

 136 141 147

 136 147 146

 135 134 139

 135 139 138

 134 137 140

 134 140 139

 137 149 148

 137 148 140

 143 149 137

 137 144 143

 148 142 145

 145 140 148

 136 146 137

 146 144 137

 147 141 140

 140 145 147

 150 151 152

 150 152 153

 154 155 156

 154 156 157

 158 159 160

 158 160 161

 161 160 162

 161 162 163

 163 162 164

 163 164 165

 166 167 168

 166 168 169

 168 170 171

 168 171 169

 169 171 172

 169 172 166

 166 172 173

 166 173 167

 172 171 170

 172 170 173

 157 161 163

 157 163 154

 160 159 164

 160 164 162

 159 158 165

 159 165 164

 174 175 176

 174 176 177

 175 178 179

 175 179 176

 155 152 151

 155 151 156

 153 179 178

 153 178 150

 158 174 177

 158 177 165

 177 163 165

 177 154 163

 158 157 174

 158 161 157

 155 153 152

 153 155 154

 151 157 156

 157 151 150

 178 175 174

 176 179 177

 153 177 179

 177 153 154

 178 157 150

 157 178 174

 180 181 182

 180 182 183

 181 184 185

 181 185 182

 184 186 187

 184 187 185

 186 188 189

 186 189 187

 188 180 183

 188 183 189

 190 191 192

 193 194 195

 181 191 190

 181 180 191

 190 184 181

 186 190 192

 186 184 190

 188 186 192

 191 180 188

 188 192 191

 193 183 182

 194 182 185

 194 193 182

 187 195 194

 194 185 187

 195 187 189

 193 189 183

 193 195 189

 196 197 198

 196 198 199

 199 200 201

 199 201 202

 200 198 203

 200 203 201

 198 197 204

 198 204 203

 197 196 205

 197 205 204

 196 199 202

 196 202 205

 206 207 208

 200 199 198

 206 202 201

 207 201 203

 207 206 201

 204 208 207

 207 203 204

 208 204 205

 206 205 202

 206 208 205

 209 210 211

 209 211 212

 212 213 214

 212 214 209

 215 210 209

 215 209 214

 211 216 213

 211 213 212

 213 216 215

 213 215 214

 210 215 216

 210 216 211

 217 218 219

 217 219 220

 219 221 222

 219 222 220

 217 223 224

 217 224 218

 220 222 223

 220 223 217

 222 221 224

 222 224 223

 225 226 227

 225 227 228

 228 227 229

 228 229 230

 226 231 229

 226 229 227

 232 231 226

 232 226 225

 228 230 232

 228 232 225

 230 229 231

 230 231 232

 233 234 235

 233 235 236

 237 238 239

 237 239 240

 241 242 238

 241 238 237

 243 241 237

 243 237 240

 240 239 244

 240 244 243

 243 244 242

 243 242 241

 236 235 245

 236 245 246

 247 233 236

 247 236 246

 234 248 245

 234 245 235

 248 234 233

 248 233 247

 217 249 250

 217 250 220

 251 222 220

 251 220 250

 223 252 249

 223 249 217

 222 223 217

 222 217 220

 222 251 252

 222 252 223

 253 254 255

 253 255 256

 256 255 257

 256 257 258

 259 257 255

 259 255 254

 260 259 254

 260 254 253

 256 258 260

 256 260 253

 258 257 259

 258 259 260

 261 262 263

 261 263 264

 265 266 262

 265 262 261

 267 268 266

 267 266 265

 269 270 268

 269 268 267

 264 263 270

 264 270 269

 271 272 273

 274 275 276

 273 272 262

 272 263 262

 262 266 273

 271 273 268

 273 266 268

 271 268 270

 270 263 272

 272 271 270

 261 264 276

 265 261 275

 261 276 275

 275 274 267

 267 265 275

 269 267 274

 264 269 276

 269 274 276

 277 278 279

 277 279 280

 281 282 280

 281 280 283

 284 277 282

 284 282 281

 285 278 277

 285 277 284

 286 279 278

 286 278 285

 283 280 279

 283 279 286

 287 288 289

 277 280 282

 281 283 289

 284 281 288

 281 289 288

 288 287 285

 285 284 288

 286 285 287

 283 286 289

 286 287 289

 290 291 292

 290 292 293

 292 294 295

 292 295 293

 291 296 294

 291 294 292

 293 295 297

 293 297 290

 294 296 297

 294 297 295

 290 297 296

 290 296 291

 298 299 300

 298 300 301

 298 302 303

 298 303 299

 300 304 305

 300 305 301

 302 298 301

 302 301 305

 305 304 303

 305 303 302

 306 307 308

 306 308 309

 310 311 307

 310 307 306

 312 308 307

 312 307 311

 309 308 312

 309 312 313

 309 313 310

 309 310 306

 313 312 311

 313 311 310

 314 315 316

 314 316 317

 315 318 319

 315 319 316

 317 320 321

 317 321 314

 322 323 324

 325 322 326

 327 328 326

 329 330 328

 331 329 328

 322 325 323

 328 330 326

 322 327 326

 332 318 315

 314 332 315

 319 333 316

 333 317 316

 334 319 335

 319 334 333

 318 334 335

 334 318 332

 336 326 334

 325 336 337

 332 337 336

 337 332 314

 326 338 334

 330 338 326

 339 333 338

 333 339 317

 340 341 339

 342 343 340

 344 337 345

 345 346 347

 348 347 349

 347 344 345

 343 342 350

 351 341 343

 352 353 349

 346 349 347

 341 351 352

 350 353 351

 354 342 329

 342 339 330

 346 345 337

 323 325 344

 334 332 336

 337 344 325

 355 344 348

 349 346 352

 338 330 339

 341 317 339

 341 352 320

 330 329 342

 355 353 356

 353 354 356

 354 357 356

 343 341 340

 344 355 323

 355 357 323

 328 358 331

 357 331 359

 358 324 359

 358 322 324

 323 357 324

 357 355 356

 357 354 329

 344 347 348

 357 329 331

 342 354 350

 331 358 359

 324 357 359

 353 352 351

 343 350 351

 320 352 321

 352 346 321

 353 348 349

 333 334 338

 319 318 335

 336 325 326

 358 328 327

 354 353 350

 339 342 340

 317 341 320

 314 346 337

 346 314 321

 322 358 327

 353 355 348

vector2s:

 0.945312 0.777174

 0.243277 0.677117

 0.243277 0.975057

 0.162973 0.975057

 0.162973 0.677117

 0.743277 0.139789

 0.743277 0.251516

 0.662973 0.251516

 0.662973 0.139789

 0.933018 0.742248

 0.933018 0.779491

 0.879482 0.779491

 0.879482 0.742248

 0.698705 0.049714

 0.698705 0.124199

 0.832545 0.124199

 0.832545 0.049714

 0.203063 0.139789

 0.203063 0.251516

 0.015687 0.251516

 0.015687 0.139789

 0.386205 0.139789

 0.386205 0.251516

 0.520045 0.251516

 0.520045 0.139789

 0.674054 0.490733

 0.674054 0.639702

 0.513446 0.639702

 0.513446 0.490733

 0.486554 0.049714

 0.486554 0.124199

 0.325946 0.124199

 0.325946 0.049714

 0.945312 0.760870

 0.540214 0.139789

 0.647286 0.251516

 0.540214 0.251516

 0.647286 0.139789

 0.912226 0.047635

 0.965762 0.122120

 0.965762 0.047635

 0.968750 0.760870

 0.004482 0.450372

 0.004482 0.636584

 0.058018 0.636584

 0.058018 0.450372

 0.995518 0.798198

 0.995518 0.984410

 0.941982 0.984410

 0.941982 0.798198

 0.957031 0.760870

 0.968750 0.777174

 0.754482 0.139789

 0.754482 0.251516

 0.808018 0.251516

 0.808018 0.139789

 0.120518 0.009354

 0.120518 0.121081

 0.066982 0.121081

 0.066982 0.009354

 0.595991 0.717478

 0.595991 0.978175

 0.622759 0.978175

 0.622759 0.717478

 0.473232 0.717478

 0.473232 0.978175

 0.526768 0.978175

 0.526768 0.717478

 0.584786 0.717478

 0.584786 0.978175

 0.531250 0.978175

 0.531250 0.717478

 0.477714 0.978175

 0.477714 0.717478

 0.957031 0.777174

 0.980469 0.777174

 0.363795 0.139789

 0.363795 0.251516

 0.229955 0.251516

 0.229955 0.139789

 0.863795 0.742248

 0.863795 0.779491

 0.729955 0.779491

 0.729955 0.742248

 0.265563 0.490733

 0.265563 0.639702

 0.078187 0.639702

 0.078187 0.490733

 0.453063 0.717478

 0.453063 0.978175

 0.265687 0.978175

 0.265687 0.717478

 0.513446 0.049714

 0.513446 0.124199

 0.674054 0.124199

 0.674054 0.049714

 0.988795 0.490733

 0.988795 0.639702

 0.854955 0.639702

 0.854955 0.490733

 0.631723 0.757838

 0.712027 0.981293

 0.631723 0.981293

 0.712027 0.757838

 0.252988 0.117963

 0.306524 0.006236

 0.252988 0.006236

 0.850473 0.984410

 0.930777 0.798198

 0.930777 0.984410

 0.850473 0.798198

 0.399527 0.273341

 0.399527 0.422311

 0.319223 0.422311

 0.319223 0.273341

 0.881723 0.273341

 0.881723 0.422311

 0.962027 0.422311

 0.962027 0.273341

 0.868277 0.273341

 0.868277 0.422311

 0.787973 0.422311

 0.787973 0.273341

 0.774527 0.273341

 0.774527 0.422311

 0.694223 0.422311

 0.694223 0.273341

 0.680777 0.273341

 0.680777 0.422311

 0.600473 0.422311

 0.600473 0.273341

 0.962307 0.241802

 0.962307 0.373583

 0.885349 0.373583

 0.885349 0.241802

 0.997759 0.241802

 0.997759 0.373583

 0.970991 0.373583

 0.970991 0.241802

 0.243277 0.011033

 0.243277 0.142814

 0.162973 0.142814

 0.162973 0.011033

 0.250124 0.478087

 0.250124 0.675759

 0.624876 0.675759

 0.624876 0.478087

 0.341509 0.170395

 0.341509 0.368067

 0.314741 0.368067

 0.314741 0.170395

 0.708930 0.241802

 0.708930 0.373583

 0.544976 0.373583

 0.544976 0.241802

 0.308018 0.170395

 0.308018 0.368067

 0.254482 0.368067

 0.254482 0.170395

 0.843750 0.763889

 0.970991 0.845285

 0.970991 0.988048

 0.997759 0.988048

 0.997759 0.845285

 0.658491 0.726206

 0.658491 0.773794

 0.685259 0.773794

 0.685259 0.726206

 0.970991 0.781762

 0.970991 0.829349

 0.997759 0.829349

 0.997759 0.781762

 0.941982 0.337317

 0.941982 0.384905

 0.995518 0.384905

 0.995518 0.337317

 0.703063 0.619079

 0.703063 0.714254

 0.515687 0.714254

 0.515687 0.619079

 0.408491 0.063524

 0.408491 0.158699

 0.435259 0.158699

 0.435259 0.063524

 0.029009 0.011952

 0.029009 0.154715

 0.002241 0.154715

 0.002241 0.011952

 0.314741 0.063524

 0.314741 0.158699

 0.341509 0.158699

 0.341509 0.063524

 0.421937 0.726206

 0.421937 0.773794

 0.609313 0.773794

 0.609313 0.726206

 0.296937 0.619079

 0.296937 0.714254

 0.484313 0.714254

 0.484313 0.619079

 0.834786 0.798198

 0.834786 0.984410

 0.727714 0.984410

 0.727714 0.798198

 0.995518 0.139789

 0.995518 0.251516

 0.941982 0.251516

 0.941982 0.139789

 0.992188 0.777174

 0.005976 0.124199

 0.059512 0.012472

 0.059512 0.124199

 0.934512 0.248398

 0.880976 0.136671

 0.934512 0.136671

 0.815488 0.142906

 0.869024 0.254634

 0.815488 0.254634

 0.129482 0.121081

 0.183018 0.009354

 0.129482 0.009354

 0.183018 0.121081

 0.245518 0.009354

 0.191982 0.121081

 0.191982 0.009354

 0.245518 0.121081

 0.724726 0.803395

 0.831798 0.989607

 0.724726 0.989607

 0.831798 0.793002

 0.724726 0.979214

 0.724726 0.793002

 0.730702 0.989607

 0.837774 0.803395

 0.837774 0.989607

 0.837774 0.979214

 0.730702 0.793002

 0.837774 0.793002

 0.493277 0.422311

 0.412973 0.273341

 0.493277 0.273341

 0.584786 0.426468

 0.504482 0.277498

 0.504482 0.426468

 0.412973 0.422311

 0.901768 0.124199

 0.848232 0.049714

 0.901768 0.049714

 0.296937 0.639702

 0.484313 0.490733

 0.484313 0.639702

 0.296937 0.490733

 0.011205 0.677117

 0.145045 0.975057

 0.011205 0.975057

 0.148780 0.418154

 0.014940 0.269184

 0.148780 0.269184

 0.163720 0.277498

 0.297560 0.426468

 0.163720 0.426468

 0.828810 0.643859

 0.694970 0.494890

 0.694970 0.643859

 0.145045 0.677117

 0.848232 0.124199

uv:

 0 0 0

 0 0 0

 0 0 0

 0 0 0

 1 2 3

 1 3 4

 5 6 7

 5 7 8

 9 10 11

 9 11 12

 13 14 15

 13 15 16

 17 18 19

 17 19 20

 21 22 23

 21 23 24

 4 3 2

 4 2 1

 8 7 6

 8 6 5

 25 26 27

 25 27 28

 29 30 31

 29 31 32

 33 33 33

 33 33 33

 33 33 33

 33 33 33

 33 33 33

 33 33 33

 34 35 36

 35 34 37

 38 39 40

 35 34 36

 34 35 37

 39 38 40

 41 41 41

 41 41 41

 41 41 41

 41 41 41

 41 41 41

 41 41 41

 41 41 41

 41 41 41

 41 41 41

 41 41 41

 41 41 41

 41 41 41

 41 41 41

 41 41 41

 41 41 41

 41 41 41

 41 41 41

 41 41 41

 42 43 44

 42 44 45

 45 44 43

 45 43 42

 46 47 48

 46 48 49

 46 47 48

 46 48 49

 50 50 50

 41 41 41

 41 41 41

 41 41 41

 41 41 41

 41 41 41

 50 50 50

 50 50 50

 50 50 50

 50 50 50

 50 50 50

 50 50 50

 50 50 50

 50 50 50

 48 46 47

 46 48 49

 50 50 50

 50 50 50

 50 50 50

 50 50 50

 51 51 51

 51 51 51

 50 50 50

 50 50 50

 50 50 50

 50 50 50

 50 50 50

 50 50 50

 51 51 51

 51 51 51

 50 50 50

 50 50 50

 52 53 54

 52 54 55

 56 57 58

 56 58 59

 50 50 50

 50 50 50

 50 50 50

 50 50 50

 50 50 50

 50 50 50

 50 50 50

 50 50 50

 51 51 51

 51 51 51

 51 51 51

 51 51 51

 51 51 51

 51 51 51

 51 51 51

 51 51 51

 51 51 51

 51 51 51

 51 51 51

 51 51 51

 33 33 33

 33 33 33

 41 41 41

 41 41 41

 41 41 41

 41 41 41

 41 41 41

 41 41 41

 41 41 41

 41 41 41

 41 41 41

 41 41 41

 41 41 41

 41 41 41

 41 41 41

 41 41 41

 60 61 62

 60 62 63

 63 62 61

 63 61 60

 64 65 66

 64 66 67

 68 69 70

 68 70 71

 71 70 72

 71 72 73

 41 41 41

 33 33 33

 41 41 41

 41 41 41

 41 41 41

 41 41 41

 51 51 51

 51 51 51

 51 51 51

 51 51 51

 51 51 51

 51 51 51

 51 51 51

 51 51 51

 51 51 51

 51 51 51

 51 51 51

 51 51 51

 33 33 33

 33 33 33

 41 41 41

 41 41 41

 41 41 41

 41 41 41

 41 41 41

 41 41 41

 41 41 41

 41 41 41

 41 41 41

 41 41 41

 41 41 41

 41 41 41

 41 41 41

 41 41 41

 63 62 61

 63 61 60

 60 61 62

 60 62 63

 71 70 72

 71 72 73

 68 69 70

 68 70 71

 64 65 66

 64 66 67

 41 41 41

 33 33 33

 41 41 41

 41 41 41

 41 41 41

 41 41 41

 41 41 41

 41 41 41

 41 41 41

 41 41 41

 41 41 41

 41 41 41

 41 41 41

 41 41 41

 41 41 41

 41 41 41

 41 41 41

 41 41 41

 41 41 41

 41 41 41

 41 41 41

 41 41 41

 41 41 41

 41 41 41

 45 44 43

 45 43 42

 42 43 44

 42 44 45

 46 47 48

 46 48 49

 46 47 48

 46 48 49

 50 50 50

 41 41 41

 41 41 41

 41 41 41

 41 41 41

 41 41 41

 50 50 50

 50 50 50

 50 50 50

 50 50 50

 50 50 50

 50 50 50

 50 50 50

 50 50 50

 47 49 46

 49 47 48

 50 50 50

 50 50 50

 50 50 50

 50 50 50

 51 51 51

 51 51 51

 50 50 50

 50 50 50

 50 50 50

 50 50 50

 50 50 50

 50 50 50

 51 51 51

 51 51 51

 50 50 50

 50 50 50

 55 54 53

 55 53 52

 56 57 58

 56 58 59

 50 50 50

 50 50 50

 50 50 50

 50 50 50

 50 50 50

 50 50 50

 50 50 50

 50 50 50

 74 74 74

 74 74 74

 0 0 0

 0 0 0

 75 75 75

 75 75 75

 75 75 75

 75 75 75

 75 75 75

 75 75 75

 41 41 41

 41 41 41

 41 41 41

 41 41 41

 41 41 41

 41 41 41

 41 41 41

 41 41 41

 41 41 41

 41 41 41

 75 75 75

 75 75 75

 75 75 75

 75 75 75

 76 77 78

 76 78 79

 80 81 82

 80 82 83

 84 85 86

 84 86 87

 88 89 90

 88 90 91

 92 93 94

 92 94 95

 96 97 98

 96 98 99

 75 75 75

 75 75 75

 75 75 75

 75 75 75

 100 101 102

 101 100 103

 102 103 100

 103 102 101

 104 105 106

 105 104 106

 107 108 109

 108 107 110

 109 110 107

 110 109 108

 41 41 41

 41 41 41

 41 41 41

 41 41 41

 41 41 41

 41 41 41

 41 41 41

 41 41 41

 41 41 41

 41 41 41

 41 41 41

 41 41 41

 41 41 41

 41 41 41

 41 41 41

 41 41 41

 41 41 41

 41 41 41

 41 41 41

 41 41 41

 41 41 41

 41 41 41

 41 41 41

 41 41 41

 41 41 41

 41 41 41

 41 41 41

 41 41 41

 41 41 41

 41 41 41

 41 41 41

 41 41 41

 41 41 41

 41 41 41

 41 41 41

 41 41 41

 41 41 41

 41 41 41

 41 41 41

 41 41 41

 41 41 41

 41 41 41

 41 41 41

 41 41 41

 41 41 41

 41 41 41

 41 41 41

 41 41 41

 41 41 41

 41 41 41

 51 51 51

 51 51 51

 111 112 113

 111 113 114

 115 116 117

 115 117 118

 119 120 121

 119 121 122

 123 124 125

 123 125 126

 127 128 129

 127 129 130

 131 132 133

 131 133 134

 135 136 137

 135 137 138

 135 136 137

 135 137 138

 139 140 141

 139 141 142

 134 133 132

 134 132 131

 143 144 145

 143 145 146

 147 148 149

 147 149 150

 151 152 153

 151 153 154

 155 156 157

 155 157 158

 151 152 153

 151 153 154

 146 145 144

 146 144 143

 159 159 159

 159 159 159

 160 161 162

 160 162 163

 160 161 162

 160 162 163

 164 165 166

 164 166 167

 160 161 162

 160 162 163

 160 161 162

 160 162 163

 168 169 170

 168 170 171

 168 169 170

 168 170 171

 168 169 170

 168 170 171

 168 169 170

 168 170 171

 172 173 174

 172 174 175

 164 165 166

 164 166 167

 164 165 166

 164 166 167

 164 165 166

 164 166 167

 172 173 174

 172 174 175

 176 177 178

 176 178 179

 180 181 182

 180 182 183

 184 185 186

 184 186 187

 188 189 190

 188 190 191

 192 193 194

 192 194 195

 196 197 198

 196 198 199

 41 41 41

 41 41 41

 41 41 41

 41 41 41

 41 41 41

 41 41 41

 41 41 41

 41 41 41

 41 41 41

 41 41 41

 41 41 41

 41 41 41

 41 41 41

 41 41 41

 41 41 41

 41 41 41

 41 41 41

 41 41 41

 41 41 41

 41 41 41

 41 41 41

 41 41 41

 41 41 41

 41 41 41

 41 41 41

 41 41 41

 41 41 41

 41 41 41

 41 41 41

 41 41 41

 41 41 41

 41 41 41

 41 41 41

 41 41 41

 41 41 41

 41 41 41

 41 41 41

 41 41 41

 41 41 41

 41 41 41

 41 41 41

 41 41 41

 41 41 41

 41 41 41

 41 41 41

 41 41 41

 41 41 41

 41 41 41

 41 41 41

 41 41 41

 51 51 51

 51 51 51

 114 113 112

 114 112 111

 115 116 117

 115 117 118

 122 121 120

 122 120 119

 126 125 124

 126 124 123

 130 129 128

 130 128 127

 134 133 132

 134 132 131

 135 136 137

 135 137 138

 135 136 137

 135 137 138

 139 140 141

 139 141 142

 131 132 133

 131 133 134

 146 145 144

 146 144 143

 147 148 149

 147 149 150

 151 152 153

 151 153 154

 155 156 157

 155 157 158

 151 152 153

 151 153 154

 143 144 145

 143 145 146

 200 201 202

 200 202 203

 204 205 206

 204 206 207

 200 201 202

 200 202 203

 41 41 41

 208 208 208

 208 208 208

 41 41 41

 41 41 41

 41 41 41

 208 208 208

 208 208 208

 209 210 211

 212 213 214

 215 216 217

 213 212 214

 218 219 220

 219 218 221

 222 223 224

 223 222 225

 226 227 228

 229 230 231

 202 200 201

 200 202 203

 232 233 234

 235 236 237

 203 201 202

 201 203 200

 232 233 234

 203 201 202

 202 200 201

 201 203 200

 232 233 234

 202 200 201

 201 203 200

 201 203 200

 232 233 234

 200 202 203

 203 201 202

 232 233 234

 238 239 240

 201 203 200

 203 201 202

 241 242 243

 226 227 228

 200 202 203

 238 239 244

 202 200 201

 235 236 237

 201 203 200

 232 233 234

 242 241 243

 245 246 247

 246 245 247

 248 249 250

 235 236 237

 239 238 240

 248 249 251

 252 253 254

 255 256 257

 258 259 260

 253 252 254

 261 262 263

 249 248 250

 249 248 251

 200 202 203

 262 261 263

 239 238 244

 259 258 260

 256 255 257

 226 227 228

 232 233 234

 232 233 234

 226 227 228

 226 227 228

 232 233 234

 230 229 231

 229 230 231

 253 252 264

 245 246 265

 203 201 202

 203 201 202

 200 202 203

 202 200 201

 252 253 264

 246 245 265

palette:

 255 255 255 255

color:

 0 0 0

 0 0 0

 0 0 0

 0 0 0

 0 0 0

 0 0 0

 0 0 0

 0 0 0

 0 0 0

 0 0 0

 0 0 0

 0 0 0

 0 0 0

 0 0 0

 0 0 0

 0 0 0

 0 0 0

 0 0 0

 0 0 0

 0 0 0

 0 0 0

 0 0 0

 0 0 0

 0 0 0

 0 0 0

 0 0 0

 0 0 0

 0 0 0

 0 0 0

 0 0 0

 0 0 0

 0 0 0

 0 0 0

 0 0 0

 0 0 0

 0 0 0

 0 0 0

 0 0 0

 0 0 0

 0 0 0

 0 0 0

 0 0 0

 0 0 0

 0 0 0

 0 0 0

 0 0 0

 0 0 0

 0 0 0

 0 0 0

 0 0 0

 0 0 0

 0 0 0

 0 0 0

 0 0 0

 0 0 0

 0 0 0

 0 0 0

 0 0 0

 0 0 0

 0 0 0

 0 0 0

 0 0 0

 0 0 0

 0 0 0

 0 0 0

 0 0 0

 0 0 0

 0 0 0

 0 0 0

 0 0 0

 0 0 0

 0 0 0

 0 0 0

 0 0 0

 0 0 0

 0 0 0

 0 0 0

 0 0 0

 0 0 0

 0 0 0

 0 0 0

 0 0 0

 0 0 0

 0 0 0

 0 0 0

 0 0 0

 0 0 0

 0 0 0

 0 0 0

 0 0 0

 0 0 0

 0 0 0

 0 0 0

 0 0 0

 0 0 0

 0 0 0

 0 0 0

 0 0 0

 0 0 0

 0 0 0

 0 0 0

 0 0 0

 0 0 0

 0 0 0

 0 0 0

 0 0 0

 0 0 0

 0 0 0

 0 0 0

 0 0 0

 0 0 0

 0 0 0

 0 0 0

 0 0 0

 0 0 0

 0 0 0

 0 0 0

 0 0 0

 0 0 0

 0 0 0

 0 0 0

 0 0 0

 0 0 0

 0 0 0

 0 0 0

 0 0 0

 0 0 0

 0 0 0

 0 0 0

 0 0 0

 0 0 0

 0 0 0

 0 0 0

 0 0 0

 0 0 0

 0 0 0

 0 0 0

 0 0 0

 0 0 0

 0 0 0

 0 0 0

 0 0 0

 0 0 0

 0 0 0

 0 0 0

 0 0 0

 0 0 0

 0 0 0

 0 0 0

 0 0 0

 0 0 0

 0 0 0

 0 0 0

 0 0 0

 0 0 0

 0 0 0

 0 0 0

 0 0 0

 0 0 0

 0 0 0

 0 0 0

 0 0 0

 0 0 0

 0 0 0

 0 0 0

 0 0 0

 0 0 0

 0 0 0

 0 0 0

 0 0 0

 0 0 0

 0 0 0

 0 0 0

 0 0 0

 0 0 0

 0 0 0

 0 0 0

 0 0 0

 0 0 0

 0 0 0

 0 0 0

 0 0 0

 0 0 0

 0 0 0

 0 0 0

 0 0 0

 0 0 0

 0 0 0

 0 0 0

 0 0 0

 0 0 0

 0 0 0

 0 0 0

 0 0 0

 0 0 0

 0 0 0

 0 0 0

 0 0 0

 0 0 0

 0 0 0

 0 0 0

 0 0 0

 0 0 0

 0 0 0

 0 0 0

 0 0 0

 0 0 0

 0 0 0

 0 0 0

 0 0 0

 0 0 0

 0 0 0

 0 0 0

 0 0 0

 0 0 0

 0 0 0

 0 0 0

 0 0 0

 0 0 0

 0 0 0

 0 0 0

 0 0 0

 0 0 0

 0 0 0

 0 0 0

 0 0 0

 0 0 0

 0 0 0

 0 0 0

 0 0 0

 0 0 0

 0 0 0

 0 0 0

 0 0 0

 0 0 0

 0 0 0

 0 0 0

 0 0 0

 0 0 0

 0 0 0

 0 0 0

 0 0 0

 0 0 0

 0 0 0

 0 0 0

 0 0 0

 0 0 0

 0 0 0

 0 0 0

 0 0 0

 0 0 0

 0 0 0

 0 0 0

 0 0 0

 0 0 0

 0 0 0

 0 0 0

 0 0 0

 0 0 0

 0 0 0

 0 0 0

 0 0 0

 0 0 0

 0 0 0

 0 0 0

 0 0 0

 0 0 0

 0 0 0

 0 0 0

 0 0 0

 0 0 0

 0 0 0

 0 0 0

 0 0 0

 0 0 0

 0 0 0

 0 0 0

 0 0 0

 0 0 0

 0 0 0

 0 0 0

 0 0 0

 0 0 0

 0 0 0

 0 0 0

 0 0 0

 0 0 0

 0 0 0

 0 0 0

 0 0 0

 0 0 0

 0 0 0

 0 0 0

 0 0 0

 0 0 0

 0 0 0

 0 0 0

 0 0 0

 0 0 0

 0 0 0

 0 0 0

 0 0 0

 0 0 0

 0 0 0

 0 0 0

 0 0 0

 0 0 0

 0 0 0

 0 0 0

 0 0 0

 0 0 0

 0 0 0

 0 0 0

 0 0 0

 0 0 0

 0 0 0

 0 0 0

 0 0 0

 0 0 0

 0 0 0

 0 0 0

 0 0 0

 0 0 0

 0 0 0

 0 0 0

 0 0 0

 0 0 0

 0 0 0

 0 0 0

 0 0 0

 0 0 0

 0 0 0

 0 0 0

 0 0 0

 0 0 0

 0 0 0

 0 0 0

 0 0 0

 0 0 0

 0 0 0

 0 0 0

 0 0 0

 0 0 0

 0 0 0

 0 0 0

 0 0 0

 0 0 0

 0 0 0

 0 0 0

 0 0 0

 0 0 0

 0 0 0

 0 0 0

 0 0 0

 0 0 0

 0 0 0

 0 0 0

 0 0 0

 0 0 0

 0 0 0

 0 0 0

 0 0 0

 0 0 0

 0 0 0

 0 0 0

 0 0 0

 0 0 0

 0 0 0

 0 0 0

 0 0 0

 0 0 0

 0 0 0

 0 0 0

 0 0 0

 0 0 0

 0 0 0

 0 0 0

 0 0 0

 0 0 0

 0 0 0

 0 0 0

 0 0 0

 0 0 0

 0 0 0

 0 0 0

 0 0 0

 0 0 0

 0 0 0

 0 0 0

 0 0 0

 0 0 0

 0 0 0

 0 0 0

 0 0 0

 0 0 0

 0 0 0

 0 0 0

 0 0 0

 0 0 0

 0 0 0

 0 0 0

 0 0 0

 0 0 0

 0 0 0

 0 0 0

 0 0 0

 0 0 0

 0 0 0

 0 0 0

 0 0 0

 0 0 0

 0 0 0

 0 0 0

 0 0 0

 0 0 0

 0 0 0

 0 0 0

 0 0 0

 0 0 0

 0 0 0

 0 0 0

 0 0 0

 0 0 0

 0 0 0

 0 0 0

 0 0 0

 0 0 0

 0 0 0

 0 0 0

 0 0 0

 0 0 0

 0 0 0

 0 0 0

 0 0 0

 0 0 0

 0 0 0

 0 0 0

 0 0 0

 0 0 0

 0 0 0

 0 0 0

 0 0 0

 0 0 0

 0 0 0

 0 0 0

 0 0 0

 0 0 0

 0 0 0

 0 0 0

 0 0 0

 0 0 0

 0 0 0

 0 0 0

 0 0 0

 0 0 0

 0 0 0

 0 0 0

 0 0 0

 0 0 0

 0 0 0

 0 0 0

 0 0 0

 0 0 0

 0 0 0

 0 0 0

 0 0 0

 0 0 0

 0 0 0

 0 0 0

 0 0 0

 0 0 0

 0 0 0

 0 0 0

 0 0 0

 0 0 0

 0 0 0

 0 0 0

 0 0 0

 0 0 0

 0 0 0

 0 0 0

 0 0 0

 0 0 0

 0 0 0

 0 0 0

 0 0 0

 0 0 0

 0 0 0

 0 0 0

 0 0 0

 0 0 0

 0 0 0

 0 0 0

 0 0 0

 0 0 0

 0 0 0

 0 0 0

 0 0 0

 0 0 0

 0 0 0

 0 0 0

 0 0 0

 0 0 0

 0 0 0

 0 0 0

 0 0 0

 0 0 0

 0 0 0

 0 0 0

 0 0 0

 0 0 0

 0 0 0

 0 0 0

 0 0 0

 0 0 0

 0 0 0

 0 0 0

 0 0 0

 0 0 0

 0 0 0

 0 0 0

 0 0 0

 0 0 0

 0 0 0

 0 0 0

 0 0 0

 0 0 0

 0 0 0

 0 0 0

 0 0 0

 0 0 0

 0 0 0

 0 0 0

 0 0 0

 0 0 0

 0 0 0

 0 0 0

 0 0 0

 0 0 0

 0 0 0

 0 0 0

 0 0 0

 0 0 0

 0 0 0

 0 0 0

 0 0 0

 0 0 0

 0 0 0

 0 0 0

 0 0 0

 0 0 0

 0 0 0

 0 0 0

 0 0 0

 0 0 0

 0 0 0

 0 0 0

 0 0 0

 0 0 0

 0 0 0

 0 0 0

 0 0 0

 0 0 0

 0 0 0

 0 0 0

 0 0 0

 0 0 0

 0 0 0

 0 0 0

 0 0 0

 0 0 0

 0 0 0

 0 0 0

 0 0 0

 0 0 0

 0 0 0

 0 0 0

 0 0 0

 0 0 0

 0 0 0

 0 0 0

 0 0 0

 0 0 0

 0 0 0

 0 0 0

 0 0 0

 0 0 0

 0 0 0

 0 0 0

 0 0 0

 0 0 0

 0 0 0

 0 0 0

 0 0 0

 0 0 0

 0 0 0

 0 0 0

 0 0 0

 0 0 0

 0 0 0

 0 0 0

 0 0 0

 0 0 0

 0 0 0

 0 0 0

 0 0 0

 0 0 0

 0 0 0

 0 0 0

 0 0 0

 0 0 0

 0 0 0

