vectors:

 -0.000003 0.710972 -0.000000

 -0.000003 1.264925 6.051502

 -0.000003 2.171797 9.056713

 -0.000003 3.356682 10.683122

 -0.000003 3.997936 10.892416

 0.414565 0.774130 2.084173

 0.813201 0.961178 4.088254

 1.180586 1.264925 5.935225

 1.502602 1.673702 7.554108

 1.766874 2.171797 8.882689

 1.963246 2.740069 9.869917

 2.084170 3.356682 10.477847

 2.125002 3.997936 10.683122

 0.813201 0.774130 1.963249

 1.595155 0.961178 3.851051

 2.315807 1.264925 5.590858

 2.947463 1.673702 7.115814

 3.465851 2.171797 8.367310

 3.851048 2.740069 9.297258

 4.088250 3.356682 9.869917

 4.168344 3.997936 10.063280

 1.180586 0.774130 1.766877

 2.315807 0.961178 3.465854

 3.362031 1.264925 5.031640

 4.279055 1.673702 6.404063

 5.031636 2.171797 7.530380

 5.590856 2.740069 8.367311

 5.935221 3.356682 8.882689

 6.051498 3.997936 9.056711

 1.502602 0.774130 1.502605

 2.947463 0.961178 2.947466

 4.279055 1.264925 4.279058

 5.446204 1.673702 5.446208

 6.404059 2.171797 6.404062

 7.115809 2.740069 7.115814

 7.554105 3.356682 7.554107

 7.702098 3.997936 7.702099

 1.766874 0.774130 1.180589

 3.465851 0.961178 2.315809

 5.031636 1.264925 3.362034

 6.404059 1.673702 4.279058

 7.530377 2.171797 5.031639

 8.367307 2.740069 5.590859

 8.882687 3.356682 5.935223

 9.056709 3.997936 6.051500

 1.963245 0.774130 0.813204

 3.851048 0.961178 1.595157

 5.590856 1.264925 2.315809

 7.115810 1.673702 2.947467

 8.367307 2.171797 3.465852

 9.297256 2.740069 3.851051

 9.869913 3.356682 4.088252

 10.063276 3.997936 4.168344

 2.084170 0.774130 0.414568

 4.088250 0.961178 0.813204

 5.935220 1.264925 1.180589

 7.554105 1.673702 1.502606

 8.882685 2.171797 1.766876

 9.869913 2.740069 1.963249

 10.477844 3.356682 2.084172

 10.683116 3.997936 2.125003

 2.125001 0.774130 -0.000000

 4.168344 0.961178 -0.000000

 6.051497 1.264925 -0.000001

 7.702098 1.673702 0.000000

 9.056707 2.171797 -0.000001

 10.063276 2.740069 0.000000

 10.683118 3.356682 -0.000001

 10.892409 3.997936 -0.000002

 2.084170 0.774130 -0.414568

 4.088250 0.961178 -0.813205

 5.935220 1.264925 -1.180590

 7.554103 1.673702 -1.502605

 8.882685 2.171797 -1.766878

 9.869913 2.740069 -1.963248

 10.477844 3.356682 -2.084174

 10.683114 3.997936 -2.125006

 1.963245 0.774130 -0.813204

 3.851048 0.961178 -1.595157

 5.590854 1.264925 -2.315810

 7.115809 1.673702 -2.947466

 8.367306 2.171797 -3.465854

 9.297256 2.740069 -3.851050

 9.869911 3.356682 -4.088254

 10.063272 3.997936 -4.168348

 1.766873 0.774130 -1.180589

 3.465850 0.961178 -2.315810

 5.031634 1.264925 -3.362034

 6.404059 1.673702 -4.279058

 7.530375 2.171797 -5.031640

 8.367307 2.740069 -5.590858

 8.882685 3.356682 -5.935225

 9.056704 3.997936 -6.051502

 1.502602 0.774130 -1.502605

 2.947462 0.961178 -2.947466

 4.279054 1.264925 -4.279058

 5.446204 1.673702 -5.446208

 6.404057 2.171797 -6.404062

 7.115809 2.740069 -7.115813

 7.554101 3.356682 -7.554107

 7.702092 3.997936 -7.702100

 1.180585 0.774130 -1.766876

 2.315805 0.961178 -3.465854

 3.362029 1.264925 -5.031639

 4.279054 1.673702 -6.404063

 5.031634 2.171797 -7.530380

 5.590856 2.740069 -8.367311

 5.935219 3.356682 -8.882689

 6.051494 3.997936 -9.056710

 0.813201 0.774130 -1.963248

 1.595153 0.961178 -3.851050

 2.315804 1.264925 -5.590858

 2.947462 1.673702 -7.115813

 3.465849 2.171797 -8.367310

 3.851048 2.740069 -9.297256

 4.088247 3.356682 -9.869915

 4.168339 3.997936 -10.063276

 0.414564 0.774130 -2.084172

 0.813200 0.961178 -4.088253

 1.180585 1.264925 -5.935222

 1.502602 1.673702 -7.554107

 1.766872 2.171797 -8.882689

 1.963246 2.740069 -9.869915

 2.084168 3.356682 -10.477845

 2.124997 3.997936 -10.683116

 -0.000003 0.774130 -2.125004

 -0.000004 0.961178 -4.168346

 -0.000004 1.264925 -6.051499

 -0.000003 1.673702 -7.702100

 -0.000004 2.171797 -9.056710

 -0.000003 2.740069 -10.063277

 -0.000005 3.356682 -10.683118

 -0.000007 3.997936 -10.892409

 -0.414571 0.774130 -2.084172

 -0.813208 0.961178 -4.088253

 -1.180593 1.264925 -5.935221

 -1.502608 1.673702 -7.554106

 -1.766881 2.171797 -8.882688

 -1.963251 2.740069 -9.869915

 -2.084177 3.356682 -10.477845

 -2.125010 3.997936 -10.683114

 -0.813207 0.774130 -1.963247

 -1.595161 0.961178 -3.851050

 -2.315813 1.264925 -5.590856

 -2.947469 1.673702 -7.115813

 -3.465857 2.171797 -8.367308

 -3.851052 2.740069 -9.297256

 -4.088257 3.356682 -9.869913

 -4.168351 3.997936 -10.063272

 -1.180592 0.774130 -1.766876

 -2.315813 0.961178 -3.465853

 -3.362036 1.264925 -5.031636

 -4.279060 1.673702 -6.404062

 -5.031642 2.171797 -7.530378

 -5.590860 2.740069 -8.367310

 -5.935227 3.356682 -8.882687

 -6.051504 3.997936 -9.056705

 -1.502607 0.774130 -1.502604

 -2.947469 0.961178 -2.947466

 -4.279059 1.264925 -4.279055

 -5.446211 1.673702 -5.446207

 -6.404064 2.171797 -6.404059

 -7.115814 2.740069 -7.115812

 -7.554110 3.356682 -7.554103

 -7.702102 3.997936 -7.702092

 -1.766879 0.774130 -1.180588

 -3.465856 0.961178 -2.315809

 -5.031641 1.264925 -3.362031

 -6.404065 1.673702 -4.279057

 -7.530382 2.171797 -5.031637

 -8.367311 2.740069 -5.590858

 -8.882691 3.356682 -5.935220

 -9.056711 3.997936 -6.051494

 -1.963250 0.774130 -0.813203

 -3.851052 0.961178 -1.595156

 -5.590858 1.264925 -2.315807

 -7.115816 1.673702 -2.947466

 -8.367311 2.171797 -3.465851

 -9.297258 2.740069 -3.851049

 -9.869918 3.356682 -4.088250

 -10.063276 3.997936 -4.168339

 -2.084175 0.774130 -0.414567

 -4.088255 0.961178 -0.813203

 -5.935223 1.264925 -1.180587

 -7.554110 1.673702 -1.502605

 -8.882689 2.171797 -1.766874

 -9.869917 2.740069 -1.963248

 -10.477848 3.356682 -2.084170

 -10.683115 3.997936 -2.124999

 -2.125006 0.774130 0.000000

 -4.168348 0.961178 0.000000

 -6.051500 1.264925 0.000002

 -7.702103 1.673702 0.000000

 -9.056712 2.171797 0.000002

 -10.063280 2.740069 0.000000

 -10.683120 3.356682 0.000003

 -10.892409 3.997936 0.000005

 -2.084175 0.774130 0.414568

 -4.088255 0.961178 0.813204

 -5.935223 1.264925 1.180590

 -7.554109 1.673702 1.502605

 -8.882689 2.171797 1.766878

 -9.869916 2.740069 1.963248

 -10.477845 3.356682 2.084175

 -10.683113 3.997936 2.125008

 -1.963250 0.774130 0.813204

 -3.851052 0.961178 1.595157

 -5.590857 1.264925 2.315809

 -7.115815 1.673702 2.947466

 -8.367310 2.171797 3.465854

 -9.297258 2.740069 3.851049

 -9.869914 3.356682 4.088254

 -10.063272 3.997936 4.168348

 -1.766878 0.774130 1.180589

 -3.465855 0.961178 2.315809

 -5.031637 1.264925 3.362033

 -6.404064 1.673702 4.279058

 -7.530378 2.171797 5.031639

 -8.367311 2.740069 5.590857

 -8.882689 3.356682 5.935224

 -9.056705 3.997936 6.051500

 -1.502607 0.774130 1.502604

 -2.947468 0.961178 2.947465

 -4.279056 1.264925 4.279056

 -5.446210 1.673702 5.446207

 -6.404060 2.171797 6.404060

 -7.115813 2.740069 7.115810

 -7.554105 3.356682 7.554105

 -7.702093 3.997936 7.702096

 -1.180591 0.774130 1.766876

 -2.315811 0.961178 3.465852

 -3.362032 1.264925 5.031636

 -4.279059 1.673702 6.404062

 -5.031638 2.171797 7.530378

 -5.590859 2.740069 8.367308

 -5.935223 3.356682 8.882688

 -6.051495 3.997936 9.056705

 -0.813206 0.774130 1.963247

 -1.595159 0.961178 3.851049

 -2.315808 1.264925 5.590854

 -2.947468 1.673702 7.115812

 -3.465852 2.171797 8.367307

 -3.851051 2.740069 9.297255

 -4.088251 3.356682 9.869912

 -4.168341 3.997936 10.063271

 -0.414570 0.774130 2.084171

 -0.813206 0.961178 4.088251

 -1.180589 1.264925 5.935218

 -1.502607 1.673702 7.554106

 -1.766876 2.171797 8.882685

 -1.963250 2.740069 9.869912

 -2.084172 3.356682 10.477842

 -2.125000 3.997936 10.683110

 -0.000003 0.774130 2.125002

 -0.000002 0.961178 4.168344

 -0.000002 1.673702 7.702099

 -0.000002 2.740069 10.063274

tris:

 255 1 7

 255 7 8

 2 255 8

 2 8 9

 256 2 9

 256 9 10

 3 256 10

 3 10 11

 4 3 11

 4 11 12

 253 0 5

 254 253 5

 254 5 6

 1 254 6

 1 6 7

 7 6 14

 7 14 15

 8 7 15

 8 15 16

 9 8 16

 9 16 17

 10 9 17

 10 17 18

 11 10 18

 11 18 19

 12 11 19

 12 19 20

 5 0 13

 6 5 13

 6 13 14

 19 18 26

 19 26 27

 20 19 27

 20 27 28

 13 0 21

 14 13 21

 14 21 22

 15 14 22

 15 22 23

 16 15 23

 16 23 24

 17 16 24

 17 24 25

 18 17 25

 18 25 26

 24 23 31

 24 31 32

 25 24 32

 25 32 33

 26 25 33

 26 33 34

 27 26 34

 27 34 35

 28 27 35

 28 35 36

 21 0 29

 22 21 29

 22 29 30

 23 22 30

 23 30 31

 36 35 43

 36 43 44

 29 0 37

 30 29 37

 30 37 38

 31 30 38

 31 38 39

 32 31 39

 32 39 40

 33 32 40

 33 40 41

 34 33 41

 34 41 42

 35 34 42

 35 42 43

 40 39 47

 40 47 48

 41 40 48

 41 48 49

 42 41 49

 42 49 50

 43 42 50

 43 50 51

 44 43 51

 44 51 52

 37 0 45

 38 37 45

 38 45 46

 39 38 46

 39 46 47

 52 51 59

 52 59 60

 45 0 53

 46 45 53

 46 53 54

 47 46 54

 47 54 55

 48 47 55

 48 55 56

 49 48 56

 49 56 57

 50 49 57

 50 57 58

 51 50 58

 51 58 59

 57 56 64

 57 64 65

 58 57 65

 58 65 66

 59 58 66

 59 66 67

 60 59 67

 60 67 68

 53 0 61

 54 53 61

 54 61 62

 55 54 62

 55 62 63

 56 55 63

 56 63 64

 62 61 69

 62 69 70

 63 62 70

 63 70 71

 64 63 71

 64 71 72

 65 64 72

 65 72 73

 66 65 73

 66 73 74

 67 66 74

 67 74 75

 68 67 75

 68 75 76

 61 0 69

 74 73 81

 74 81 82

 75 74 82

 75 82 83

 76 75 83

 76 83 84

 69 0 77

 70 69 77

 70 77 78

 71 70 78

 71 78 79

 72 71 79

 72 79 80

 73 72 80

 73 80 81

 78 77 85

 78 85 86

 79 78 86

 79 86 87

 80 79 87

 80 87 88

 81 80 88

 81 88 89

 82 81 89

 82 89 90

 83 82 90

 83 90 91

 84 83 91

 84 91 92

 77 0 85

 90 89 97

 90 97 98

 91 90 98

 91 98 99

 92 91 99

 92 99 100

 85 0 93

 86 85 93

 86 93 94

 87 86 94

 87 94 95

 88 87 95

 88 95 96

 89 88 96

 89 96 97

 95 94 102

 95 102 103

 96 95 103

 96 103 104

 97 96 104

 97 104 105

 98 97 105

 98 105 106

 99 98 106

 99 106 107

 100 99 107

 100 107 108

 93 0 101

 94 93 101

 94 101 102

 107 106 114

 107 114 115

 108 107 115

 108 115 116

 101 0 109

 102 101 109

 102 109 110

 103 102 110

 103 110 111

 104 103 111

 104 111 112

 105 104 112

 105 112 113

 106 105 113

 106 113 114

 111 110 118

 111 118 119

 112 111 119

 112 119 120

 113 112 120

 113 120 121

 114 113 121

 114 121 122

 115 114 122

 115 122 123

 116 115 123

 116 123 124

 109 0 117

 110 109 117

 110 117 118

 123 122 130

 123 130 131

 124 123 131

 124 131 132

 117 0 125

 118 117 125

 118 125 126

 119 118 126

 119 126 127

 120 119 127

 120 127 128

 121 120 128

 121 128 129

 122 121 129

 122 129 130

 128 127 135

 128 135 136

 129 128 136

 129 136 137

 130 129 137

 130 137 138

 131 130 138

 131 138 139

 132 131 139

 132 139 140

 125 0 133

 126 125 133

 126 133 134

 127 126 134

 127 134 135

 140 139 147

 140 147 148

 133 0 141

 134 133 141

 134 141 142

 135 134 142

 135 142 143

 136 135 143

 136 143 144

 137 136 144

 137 144 145

 138 137 145

 138 145 146

 139 138 146

 139 146 147

 145 144 152

 145 152 153

 146 145 153

 146 153 154

 147 146 154

 147 154 155

 148 147 155

 148 155 156

 141 0 149

 142 141 149

 142 149 150

 143 142 150

 143 150 151

 144 143 151

 144 151 152

 149 0 157

 150 149 157

 150 157 158

 151 150 158

 151 158 159

 152 151 159

 152 159 160

 153 152 160

 153 160 161

 154 153 161

 154 161 162

 155 154 162

 155 162 163

 156 155 163

 156 163 164

 161 160 168

 161 168 169

 162 161 169

 162 169 170

 163 162 170

 163 170 171

 164 163 171

 164 171 172

 157 0 165

 158 157 165

 158 165 166

 159 158 166

 159 166 167

 160 159 167

 160 167 168

 166 165 173

 166 173 174

 167 166 174

 167 174 175

 168 167 175

 168 175 176

 169 168 176

 169 176 177

 170 169 177

 170 177 178

 171 170 178

 171 178 179

 172 171 179

 172 179 180

 165 0 173

 178 177 185

 178 185 186

 179 178 186

 179 186 187

 180 179 187

 180 187 188

 173 0 181

 174 173 181

 174 181 182

 175 174 182

 175 182 183

 176 175 183

 176 183 184

 177 176 184

 177 184 185

 182 181 189

 182 189 190

 183 182 190

 183 190 191

 184 183 191

 184 191 192

 185 184 192

 185 192 193

 186 185 193

 186 193 194

 187 186 194

 187 194 195

 188 187 195

 188 195 196

 181 0 189

 194 193 201

 194 201 202

 195 194 202

 195 202 203

 196 195 203

 196 203 204

 189 0 197

 190 189 197

 190 197 198

 191 190 198

 191 198 199

 192 191 199

 192 199 200

 193 192 200

 193 200 201

 199 198 206

 199 206 207

 200 199 207

 200 207 208

 201 200 208

 201 208 209

 202 201 209

 202 209 210

 203 202 210

 203 210 211

 204 203 211

 204 211 212

 197 0 205

 198 197 205

 198 205 206

 211 210 218

 211 218 219

 212 211 219

 212 219 220

 205 0 213

 206 205 213

 206 213 214

 207 206 214

 207 214 215

 208 207 215

 208 215 216

 209 208 216

 209 216 217

 210 209 217

 210 217 218

 216 215 223

 216 223 224

 217 216 224

 217 224 225

 218 217 225

 218 225 226

 219 218 226

 219 226 227

 220 219 227

 220 227 228

 213 0 221

 214 213 221

 214 221 222

 215 214 222

 215 222 223

 228 227 235

 228 235 236

 221 0 229

 222 221 229

 222 229 230

 223 222 230

 223 230 231

 224 223 231

 224 231 232

 225 224 232

 225 232 233

 226 225 233

 226 233 234

 227 226 234

 227 234 235

 232 231 239

 232 239 240

 233 232 240

 233 240 241

 234 233 241

 234 241 242

 235 234 242

 235 242 243

 236 235 243

 236 243 244

 229 0 237

 230 229 237

 230 237 238

 231 230 238

 231 238 239

 244 243 251

 244 251 252

 237 0 245

 238 237 245

 238 245 246

 239 238 246

 239 246 247

 240 239 247

 240 247 248

 241 240 248

 241 248 249

 242 241 249

 242 249 250

 243 242 250

 243 250 251

 249 248 255

 249 255 2

 250 249 2

 250 2 256

 251 250 256

 251 256 3

 252 251 3

 252 3 4

 245 0 253

 246 245 253

 246 253 254

 247 246 254

 247 254 1

 248 247 1

 248 1 255

vector2s:

 0.000000 0.000000

 1.000000 0.000000

 1.000000 1.000000

 0.000000 1.000000

uv:

 0 1 2

 0 2 3

 0 1 2

 0 2 3

 0 1 2

 0 2 3

 0 1 2

 0 2 3

 0 1 2

 0 2 3

 0 1 2

 0 1 2

 0 2 3

 0 1 2

 0 2 3

 0 1 2

 0 2 3

 0 1 2

 0 2 3

 0 1 2

 0 2 3

 0 1 2

 0 2 3

 0 1 2

 0 2 3

 0 1 2

 0 2 3

 0 1 2

 0 1 2

 0 2 3

 0 1 2

 0 2 3

 0 1 2

 0 2 3

 0 1 2

 0 1 2

 0 2 3

 0 1 2

 0 2 3

 0 1 2

 0 2 3

 0 1 2

 0 2 3

 0 1 2

 0 2 3

 0 1 2

 0 2 3

 0 1 2

 0 2 3

 0 1 2

 0 2 3

 0 1 2

 0 2 3

 0 1 2

 0 2 3

 0 1 2

 0 1 2

 0 2 3

 0 1 2

 0 2 3

 0 1 2

 0 2 3

 0 1 2

 0 1 2

 0 2 3

 0 1 2

 0 2 3

 0 1 2

 0 2 3

 0 1 2

 0 2 3

 0 1 2

 0 2 3

 0 1 2

 0 2 3

 0 1 2

 0 2 3

 0 1 2

 0 2 3

 0 1 2

 0 2 3

 0 1 2

 0 2 3

 0 1 2

 0 2 3

 0 1 2

 0 1 2

 0 2 3

 0 1 2

 0 2 3

 0 1 2

 0 2 3

 0 1 2

 0 1 2

 0 2 3

 0 1 2

 0 2 3

 0 1 2

 0 2 3

 0 1 2

 0 2 3

 0 1 2

 0 2 3

 0 1 2

 0 2 3

 0 1 2

 0 2 3

 0 1 2

 0 2 3

 0 1 2

 0 2 3

 0 1 2

 0 2 3

 0 1 2

 0 1 2

 0 2 3

 0 1 2

 0 2 3

 0 1 2

 0 2 3

 0 1 2

 0 2 3

 0 1 2

 0 2 3

 0 1 2

 0 2 3

 0 1 2

 0 2 3

 0 1 2

 0 2 3

 0 1 2

 0 2 3

 0 1 2

 0 2 3

 0 1 2

 0 1 2

 0 2 3

 0 1 2

 0 2 3

 0 1 2

 0 2 3

 0 1 2

 0 1 2

 0 2 3

 0 1 2

 0 2 3

 0 1 2

 0 2 3

 0 1 2

 0 2 3

 0 1 2

 0 2 3

 0 1 2

 0 2 3

 0 1 2

 0 2 3

 0 1 2

 0 2 3

 0 1 2

 0 2 3

 0 1 2

 0 2 3

 0 1 2

 0 2 3

 0 1 2

 0 1 2

 0 2 3

 0 1 2

 0 2 3

 0 1 2

 0 2 3

 0 1 2

 0 1 2

 0 2 3

 0 1 2

 0 2 3

 0 1 2

 0 2 3

 0 1 2

 0 2 3

 0 1 2

 0 2 3

 0 1 2

 0 2 3

 0 1 2

 0 2 3

 0 1 2

 0 2 3

 0 1 2

 0 2 3

 0 1 2

 0 2 3

 0 1 2

 0 1 2

 0 2 3

 0 1 2

 0 2 3

 0 1 2

 0 2 3

 0 1 2

 0 1 2

 0 2 3

 0 1 2

 0 2 3

 0 1 2

 0 2 3

 0 1 2

 0 2 3

 0 1 2

 0 2 3

 0 1 2

 0 2 3

 0 1 2

 0 2 3

 0 1 2

 0 2 3

 0 1 2

 0 2 3

 0 1 2

 0 2 3

 0 1 2

 0 2 3

 0 1 2

 0 1 2

 0 2 3

 0 1 2

 0 2 3

 0 1 2

 0 2 3

 0 1 2

 0 1 2

 0 2 3

 0 1 2

 0 2 3

 0 1 2

 0 2 3

 0 1 2

 0 2 3

 0 1 2

 0 2 3

 0 1 2

 0 2 3

 0 1 2

 0 2 3

 0 1 2

 0 2 3

 0 1 2

 0 2 3

 0 1 2

 0 2 3

 0 1 2

 0 1 2

 0 2 3

 0 1 2

 0 2 3

 0 1 2

 0 2 3

 0 1 2

 0 1 2

 0 2 3

 0 1 2

 0 2 3

 0 1 2

 0 2 3

 0 1 2

 0 2 3

 0 1 2

 0 2 3

 0 1 2

 0 2 3

 0 1 2

 0 2 3

 0 1 2

 0 2 3

 0 1 2

 0 2 3

 0 1 2

 0 2 3

 0 1 2

 0 1 2

 0 2 3

 0 1 2

 0 2 3

 0 1 2

 0 2 3

 0 1 2

 0 1 2

 0 2 3

 0 1 2

 0 2 3

 0 1 2

 0 2 3

 0 1 2

 0 2 3

 0 1 2

 0 2 3

 0 1 2

 0 2 3

 0 1 2

 0 2 3

 0 1 2

 0 2 3

 0 1 2

 0 2 3

 0 1 2

 0 2 3

 0 1 2

 0 2 3

 0 1 2

 0 1 2

 0 2 3

 0 1 2

 0 2 3

 0 1 2

 0 2 3

 0 1 2

 0 2 3

 0 1 2

 0 2 3

 0 1 2

 0 2 3

 0 1 2

 0 2 3

 0 1 2

 0 2 3

 0 1 2

 0 2 3

 0 1 2

 0 2 3

 0 1 2

 0 1 2

 0 2 3

 0 1 2

 0 2 3

 0 1 2

 0 2 3

 0 1 2

 0 1 2

 0 2 3

 0 1 2

 0 2 3

 0 1 2

 0 2 3

 0 1 2

 0 2 3

 0 1 2

 0 2 3

 0 1 2

 0 2 3

 0 1 2

 0 2 3

 0 1 2

 0 2 3

 0 1 2

 0 2 3

 0 1 2

 0 2 3

 0 1 2

 0 2 3

 0 1 2

 0 1 2

 0 2 3

 0 1 2

 0 2 3

 0 1 2

 0 2 3

 0 1 2

 0 1 2

 0 2 3

 0 1 2

 0 2 3

 0 1 2

 0 2 3

 0 1 2

 0 2 3

 0 1 2

 0 2 3

 0 1 2

 0 2 3

 0 1 2

 0 2 3

 0 1 2

 0 2 3

 0 1 2

 0 2 3

 0 1 2

 0 2 3

 0 1 2

 0 1 2

 0 2 3

 0 1 2

 0 2 3

 0 1 2

 0 2 3

 0 1 2

 0 1 2

 0 2 3

 0 1 2

 0 2 3

 0 1 2

 0 2 3

 0 1 2

 0 2 3

 0 1 2

 0 2 3

 0 1 2

 0 2 3

 0 1 2

 0 2 3

 0 1 2

 0 2 3

 0 1 2

 0 2 3

 0 1 2

 0 2 3

 0 1 2

 0 1 2

 0 2 3

 0 1 2

 0 2 3

 0 1 2

 0 2 3

 0 1 2

 0 1 2

 0 2 3

 0 1 2

 0 2 3

 0 1 2

 0 2 3

 0 1 2

 0 2 3

 0 1 2

 0 2 3

 0 1 2

 0 2 3

 0 1 2

 0 2 3

 0 1 2

 0 2 3

 0 1 2

 0 2 3

 0 1 2

 0 2 3

 0 1 2

 0 2 3

 0 1 2

 0 1 2

 0 2 3

 0 1 2

 0 2 3

 0 1 2

 0 2 3

 0 1 2

 0 1 2

 0 2 3

 0 1 2

 0 2 3

 0 1 2

 0 2 3

 0 1 2

 0 2 3

 0 1 2

 0 2 3

 0 1 2

 0 2 3

 0 1 2

 0 2 3

 0 1 2

 0 2 3

 0 1 2

 0 2 3

 0 1 2

 0 2 3

 0 1 2

 0 1 2

 0 2 3

 0 1 2

 0 2 3

 0 1 2

 0 2 3

palette:

 255 255 255 255

color:

 0 0 0

 0 0 0

 0 0 0

 0 0 0

 0 0 0

 0 0 0

 0 0 0

 0 0 0

 0 0 0

 0 0 0

 0 0 0

 0 0 0

 0 0 0

 0 0 0

 0 0 0

 0 0 0

 0 0 0

 0 0 0

 0 0 0

 0 0 0

 0 0 0

 0 0 0

 0 0 0

 0 0 0

 0 0 0

 0 0 0

 0 0 0

 0 0 0

 0 0 0

 0 0 0

 0 0 0

 0 0 0

 0 0 0

 0 0 0

 0 0 0

 0 0 0

 0 0 0

 0 0 0

 0 0 0

 0 0 0

 0 0 0

 0 0 0

 0 0 0

 0 0 0

 0 0 0

 0 0 0

 0 0 0

 0 0 0

 0 0 0

 0 0 0

 0 0 0

 0 0 0

 0 0 0

 0 0 0

 0 0 0

 0 0 0

 0 0 0

 0 0 0

 0 0 0

 0 0 0

 0 0 0

 0 0 0

 0 0 0

 0 0 0

 0 0 0

 0 0 0

 0 0 0

 0 0 0

 0 0 0

 0 0 0

 0 0 0

 0 0 0

 0 0 0

 0 0 0

 0 0 0

 0 0 0

 0 0 0

 0 0 0

 0 0 0

 0 0 0

 0 0 0

 0 0 0

 0 0 0

 0 0 0

 0 0 0

 0 0 0

 0 0 0

 0 0 0

 0 0 0

 0 0 0

 0 0 0

 0 0 0

 0 0 0

 0 0 0

 0 0 0

 0 0 0

 0 0 0

 0 0 0

 0 0 0

 0 0 0

 0 0 0

 0 0 0

 0 0 0

 0 0 0

 0 0 0

 0 0 0

 0 0 0

 0 0 0

 0 0 0

 0 0 0

 0 0 0

 0 0 0

 0 0 0

 0 0 0

 0 0 0

 0 0 0

 0 0 0

 0 0 0

 0 0 0

 0 0 0

 0 0 0

 0 0 0

 0 0 0

 0 0 0

 0 0 0

 0 0 0

 0 0 0

 0 0 0

 0 0 0

 0 0 0

 0 0 0

 0 0 0

 0 0 0

 0 0 0

 0 0 0

 0 0 0

 0 0 0

 0 0 0

 0 0 0

 0 0 0

 0 0 0

 0 0 0

 0 0 0

 0 0 0

 0 0 0

 0 0 0

 0 0 0

 0 0 0

 0 0 0

 0 0 0

 0 0 0

 0 0 0

 0 0 0

 0 0 0

 0 0 0

 0 0 0

 0 0 0

 0 0 0

 0 0 0

 0 0 0

 0 0 0

 0 0 0

 0 0 0

 0 0 0

 0 0 0

 0 0 0

 0 0 0

 0 0 0

 0 0 0

 0 0 0

 0 0 0

 0 0 0

 0 0 0

 0 0 0

 0 0 0

 0 0 0

 0 0 0

 0 0 0

 0 0 0

 0 0 0

 0 0 0

 0 0 0

 0 0 0

 0 0 0

 0 0 0

 0 0 0

 0 0 0

 0 0 0

 0 0 0

 0 0 0

 0 0 0

 0 0 0

 0 0 0

 0 0 0

 0 0 0

 0 0 0

 0 0 0

 0 0 0

 0 0 0

 0 0 0

 0 0 0

 0 0 0

 0 0 0

 0 0 0

 0 0 0

 0 0 0

 0 0 0

 0 0 0

 0 0 0

 0 0 0

 0 0 0

 0 0 0

 0 0 0

 0 0 0

 0 0 0

 0 0 0

 0 0 0

 0 0 0

 0 0 0

 0 0 0

 0 0 0

 0 0 0

 0 0 0

 0 0 0

 0 0 0

 0 0 0

 0 0 0

 0 0 0

 0 0 0

 0 0 0

 0 0 0

 0 0 0

 0 0 0

 0 0 0

 0 0 0

 0 0 0

 0 0 0

 0 0 0

 0 0 0

 0 0 0

 0 0 0

 0 0 0

 0 0 0

 0 0 0

 0 0 0

 0 0 0

 0 0 0

 0 0 0

 0 0 0

 0 0 0

 0 0 0

 0 0 0

 0 0 0

 0 0 0

 0 0 0

 0 0 0

 0 0 0

 0 0 0

 0 0 0

 0 0 0

 0 0 0

 0 0 0

 0 0 0

 0 0 0

 0 0 0

 0 0 0

 0 0 0

 0 0 0

 0 0 0

 0 0 0

 0 0 0

 0 0 0

 0 0 0

 0 0 0

 0 0 0

 0 0 0

 0 0 0

 0 0 0

 0 0 0

 0 0 0

 0 0 0

 0 0 0

 0 0 0

 0 0 0

 0 0 0

 0 0 0

 0 0 0

 0 0 0

 0 0 0

 0 0 0

 0 0 0

 0 0 0

 0 0 0

 0 0 0

 0 0 0

 0 0 0

 0 0 0

 0 0 0

 0 0 0

 0 0 0

 0 0 0

 0 0 0

 0 0 0

 0 0 0

 0 0 0

 0 0 0

 0 0 0

 0 0 0

 0 0 0

 0 0 0

 0 0 0

 0 0 0

 0 0 0

 0 0 0

 0 0 0

 0 0 0

 0 0 0

 0 0 0

 0 0 0

 0 0 0

 0 0 0

 0 0 0

 0 0 0

 0 0 0

 0 0 0

 0 0 0

 0 0 0

 0 0 0

 0 0 0

 0 0 0

 0 0 0

 0 0 0

 0 0 0

 0 0 0

 0 0 0

 0 0 0

 0 0 0

 0 0 0

 0 0 0

 0 0 0

 0 0 0

 0 0 0

 0 0 0

 0 0 0

 0 0 0

 0 0 0

 0 0 0

 0 0 0

 0 0 0

 0 0 0

 0 0 0

 0 0 0

 0 0 0

 0 0 0

 0 0 0

 0 0 0

 0 0 0

 0 0 0

 0 0 0

 0 0 0

 0 0 0

 0 0 0

 0 0 0

 0 0 0

 0 0 0

 0 0 0

 0 0 0

 0 0 0

 0 0 0

 0 0 0

 0 0 0

 0 0 0

 0 0 0

 0 0 0

 0 0 0

 0 0 0

 0 0 0

 0 0 0

 0 0 0

 0 0 0

 0 0 0

 0 0 0

 0 0 0

 0 0 0

 0 0 0

 0 0 0

 0 0 0

 0 0 0

 0 0 0

 0 0 0

 0 0 0

 0 0 0

 0 0 0

 0 0 0

 0 0 0

 0 0 0

 0 0 0

 0 0 0

 0 0 0

 0 0 0

 0 0 0

 0 0 0

 0 0 0

 0 0 0

 0 0 0

 0 0 0

 0 0 0

 0 0 0

 0 0 0

 0 0 0

 0 0 0

 0 0 0

 0 0 0

 0 0 0

 0 0 0

 0 0 0

 0 0 0

 0 0 0

 0 0 0

 0 0 0

 0 0 0

 0 0 0

 0 0 0

 0 0 0

 0 0 0

 0 0 0

 0 0 0

 0 0 0

 0 0 0

 0 0 0

 0 0 0

 0 0 0

 0 0 0

 0 0 0

 0 0 0

 0 0 0

 0 0 0

 0 0 0

 0 0 0

 0 0 0

 0 0 0

 0 0 0

 0 0 0

 0 0 0

 0 0 0

 0 0 0

 0 0 0

 0 0 0

 0 0 0

 0 0 0

 0 0 0

 0 0 0

 0 0 0

 0 0 0

 0 0 0

 0 0 0

 0 0 0

 0 0 0

 0 0 0

 0 0 0

 0 0 0

 0 0 0

 0 0 0

 0 0 0

 0 0 0

 0 0 0

 0 0 0

 0 0 0

 0 0 0

 0 0 0

 0 0 0

 0 0 0

 0 0 0

 0 0 0

 0 0 0

 0 0 0

 0 0 0

 0 0 0

 0 0 0

 0 0 0

