vectors:

 -0.484034 -0.576947 0.020155

 0.520224 -0.523714 0.137246

 0.103827 -0.640278 0.159850

 -0.100956 -0.641930 0.158959

 -0.433812 -0.481585 0.308553

 0.400844 -0.515477 0.371054

 -0.359063 -0.810105 0.256543

 0.359281 -0.809216 0.256552

 0.000000 -0.796875 -0.187500

 0.073286 0.680184 -0.282871

 -0.377194 -0.472659 -0.978813

 0.173756 -0.729334 -0.177044

 0.245070 -0.771107 0.672987

 0.000000 -0.750000 -0.195312

 0.000000 -0.742188 -0.140625

 -0.788297 -0.504209 0.034569

 -0.094290 -0.750224 0.548854

 -0.101798 -0.770108 -0.288732

 -0.001748 -0.696197 -0.841543

 -0.295385 -0.799584 0.387254

 -0.553093 -0.693617 0.260929

 0.308409 -0.810780 0.386538

 0.321936 -0.818466 0.128569

 0.560609 -0.677448 0.249865

 -0.317171 -0.807664 0.116397

 -0.780656 -0.538438 0.392886

 0.002929 -0.270484 1.032462

 -0.912986 0.325729 0.485489

 -0.241378 -0.584185 -0.221791

 0.369324 -0.510006 -0.984917

 0.169166 -0.294486 -0.447829

 0.296324 0.777983 0.679624

 0.870660 -0.449203 0.302736

 -0.635407 0.350270 -0.090076

 -0.906283 0.305775 -0.000454

 0.914063 0.246952 0.423212

 0.761512 0.247264 0.005499

 -1.186875 0.426237 0.433477

 1.203884 0.444631 0.410055

 0.995793 0.332691 -0.045671

tris:

 6 3 4

 1 5 7

 12 16 21

 24 22 21

 24 21 16

 25 19 16

 32 12 23

 15 20 25

 22 24 11

 29 18 10

 11 18 29

 18 17 10

 8 14 13

 8 14 28

 14 11 24

 28 14 24

 11 23 22

 20 15 24

 30 29 10

 30 10 28

 27 26 31

 26 32 35

 25 26 27

 32 26 16

 16 12 32

 9 36 30

 39 31 35

 27 9 33

 32 36 35

 27 37 34

 15 27 34

 36 38 35

 39 38 36

 39 35 38

 34 37 33

 0 6 4

 1 7 2

 3 6 0

 7 5 2

 10 17 28

 11 32 23

 25 20 19

 28 24 15

 9 30 28

 9 28 33

 24 16 19

 11 17 18

 8 11 14

 28 11 8

 17 11 28

 12 21 23

 11 29 30

 34 33 28

 34 28 15

 31 39 9

 27 31 9

 31 26 35

 25 16 26

 25 27 15

 30 36 32

 30 32 11

 9 39 36

 33 37 27

