vectors:

 0.064555 -0.211068 0.243949

 0.060764 -0.199783 0.257949

 0.058902 -0.194240 0.253282

 -0.006344 -0.207418 0.243949

 0.116842 -0.167860 0.243949

 0.173500 -0.131991 0.243949

 0.163884 -0.124934 0.257949

 0.159160 -0.121467 0.253282

 0.190647 -0.066179 0.243949

 0.215883 -0.000006 0.243949

 0.204001 -0.000006 0.257949

 0.198164 -0.000006 0.253282

 -0.228571 -0.000006 0.243949

 -0.216689 -0.000006 0.257949

 -0.210852 -0.000006 0.253282

 -0.203335 -0.066179 0.243949

 -0.186188 -0.131991 0.243949

 -0.176572 -0.124934 0.257949

 -0.171848 -0.121467 0.253282

 -0.129530 -0.167860 0.243949

 -0.077243 -0.211068 0.243949

 -0.073453 -0.199783 0.257949

 -0.071590 -0.194240 0.253282

 -0.077243 0.211056 0.243949

 -0.073453 0.199771 0.257949

 -0.071590 0.194227 0.253282

 -0.006344 0.207406 0.243949

 -0.129530 0.167848 0.243949

 -0.186188 0.131979 0.243949

 -0.176572 0.124922 0.257949

 -0.171848 0.121455 0.253282

 -0.203335 0.066167 0.243949

 0.190647 0.066167 0.243949

 0.173500 0.131979 0.243949

 0.163884 0.124922 0.257949

 0.159160 0.121455 0.253282

 0.116842 0.167848 0.243949

 0.064555 0.211056 0.243949

 0.060764 0.199771 0.257949

 0.058902 0.194227 0.253282

 0.086865 -0.277482 0.062967

 0.077979 -0.251029 0.151325

 0.230090 -0.173522 0.062967

 0.207550 -0.156980 0.151325

 0.285810 -0.000006 0.062967

 0.257958 -0.000006 0.151325

 -0.287760 -0.094538 0.021722

 -0.298498 -0.000006 0.062967

 -0.302647 -0.000006 0.021722

 -0.270646 -0.000006 0.151325

 -0.242779 -0.173522 0.062967

 -0.220238 -0.156980 0.151325

 -0.099553 -0.277482 0.062967

 -0.090667 -0.251029 0.151325

 -0.099553 0.277470 0.062967

 -0.090667 0.251017 0.151325

 -0.242779 0.173510 0.062967

 -0.220238 0.156968 0.151325

 -0.287760 0.094526 0.021722

 0.230090 0.173510 0.062967

 0.207550 0.156968 0.151325

 0.086865 0.277470 0.062967

 0.077979 0.251017 0.151325

 0.072874 -0.235833 -0.064680

 0.085730 -0.274105 -0.014368

 0.173500 -0.131991 -0.089392

 0.194601 -0.147477 -0.064680

 0.227213 -0.171410 -0.014368

 0.215883 -0.000006 -0.089392

 0.241957 -0.000006 -0.064680

 0.282254 -0.000006 -0.014368

 -0.228571 -0.000006 -0.089392

 -0.254646 -0.000006 -0.064680

 -0.294943 -0.000006 -0.014368

 -0.186188 -0.131991 -0.089392

 -0.207289 -0.147477 -0.064680

 -0.239901 -0.171410 -0.014368

 -0.077243 -0.211068 -0.089392

 -0.085562 -0.235833 -0.064680

 -0.098419 -0.274105 -0.014368

 -0.077243 0.211056 -0.089392

 -0.085562 0.235821 -0.064680

 -0.098419 0.274093 -0.014368

 -0.186188 0.131979 -0.089392

 -0.207289 0.147465 -0.064680

 -0.239901 0.171398 -0.014368

 0.173500 0.131979 -0.089392

 0.194601 0.147465 -0.064680

 0.227213 0.171398 -0.014368

 0.064555 0.211056 -0.089392

 0.072874 0.235821 -0.064680

 0.085730 0.274093 -0.014368

 -0.446175 -0.021340 0.155058

 -0.411457 -0.021340 0.204608

 -0.307697 -0.021340 0.217754

 -0.228571 -0.000006 0.221726

 -0.233786 -0.032007 0.209992

 -0.421997 -0.032007 0.155058

 -0.391663 -0.032007 0.190391

 -0.303120 -0.032007 0.199765

 -0.241845 -0.021340 0.191859

 -0.406352 -0.000006 0.155058

 -0.378856 -0.000006 0.181192

 -0.300158 -0.000006 0.188125

 -0.241845 0.021328 0.191859

 -0.421997 0.031995 0.155058

 -0.391663 0.031995 0.190391

 -0.303120 0.031995 0.199765

 -0.233786 0.031995 0.209992

 -0.446175 0.021328 0.155058

 -0.411457 0.021328 0.204608

 -0.307697 0.021328 0.217754

 -0.346868 -0.021340 0.012375

 -0.287831 -0.000006 -0.022723

 -0.421872 -0.021340 0.080704

 -0.293046 -0.032007 -0.007079

 -0.343838 -0.032007 0.032298

 -0.403239 -0.032007 0.094437

 -0.301106 -0.021340 0.017100

 -0.341877 -0.000006 0.045189

 -0.391182 -0.000006 0.103324

 -0.301106 0.021328 0.017100

 -0.343838 0.031995 0.032298

 -0.403239 0.031995 0.094437

 -0.293046 0.031995 -0.007079

 -0.346868 0.021328 0.012375

 -0.421872 0.021328 0.080704

 0.473310 -0.017784 0.243949

 0.399022 -0.028047 0.143679

 0.333831 -0.043908 0.022646

 0.245513 -0.000006 -0.022723

 0.245513 -0.070408 0.020300

 0.424954 -0.026673 0.243949

 0.369852 -0.042068 0.158956

 0.317196 -0.065859 0.075839

 0.245513 -0.046940 0.086790

 0.393664 -0.000006 0.243949

 0.350977 -0.000006 0.168840

 0.306433 -0.000006 0.110257

 0.245513 0.046928 0.086790

 0.424954 0.026661 0.243949

 0.369852 0.042056 0.158956

 0.317196 0.065847 0.075838

 0.245513 0.070395 0.020300

 0.473310 0.017772 0.243949

 0.399022 0.028035 0.143679

 0.333831 0.043896 0.022646

 0.479147 -0.011413 0.251433

 0.467740 -0.000006 0.243949

 0.492750 -0.015281 0.254458

 0.446880 -0.016006 0.243949

 0.439624 -0.017116 0.250127

 0.442233 -0.022919 0.252934

 0.414642 -0.010673 0.243949

 0.414050 -0.000006 0.249282

 0.409546 -0.000006 0.251949

 0.414642 0.010661 0.243949

 0.439624 0.017104 0.250127

 0.442233 0.022906 0.252934

 0.446880 0.015994 0.243949

 0.479147 0.011400 0.251433

 0.492750 0.015269 0.254458

 -0.007134 -0.031610 0.288342

 -0.007395 -0.043261 0.323556

 -0.007524 -0.048830 0.354226

 -0.006344 -0.000006 0.359338

 0.011242 -0.026350 0.288342

 0.017725 -0.036091 0.323556

 0.020824 -0.040742 0.354226

 0.023307 -0.010798 0.288342

 0.034218 -0.014770 0.323556

 0.039437 -0.016669 0.354226

 -0.035995 0.010786 0.288342

 -0.046907 0.014757 0.323556

 -0.052125 0.016657 0.354226

 -0.036750 -0.008883 0.288342

 -0.047977 -0.012177 0.323556

 -0.053341 -0.013749 0.354226

 -0.026054 -0.024724 0.288342

 -0.033343 -0.033817 0.323556

 -0.036824 -0.038166 0.354226

 -0.005554 0.031598 0.288342

 -0.005293 0.043249 0.323556

 -0.005164 0.048818 0.354226

 -0.023930 0.026338 0.288342

 -0.030413 0.036078 0.323556

 -0.033512 0.040730 0.354226

 0.024061 0.008870 0.288342

 0.035289 0.012165 0.323556

 0.040653 0.013736 0.354226

 0.013366 0.024712 0.288342

 0.020654 0.033805 0.323556

 0.024135 0.038154 0.354226

 -0.011103 -0.190391 0.252749

 -0.076492 -0.192737 0.241011

 -0.009005 -0.106449 0.268274

 0.051353 -0.197642 0.241011

 0.099596 -0.158703 0.252749

 0.052886 -0.088733 0.268274

 0.154324 -0.128119 0.241011

 0.172273 -0.065017 0.252749

 0.093520 -0.036354 0.268274

 -0.211772 0.005129 0.241011

 -0.184961 0.065005 0.252749

 -0.106208 0.036342 0.268274

 -0.189507 -0.053478 0.252749

 -0.108750 -0.029902 0.268274

 -0.177580 -0.114317 0.241011

 -0.125075 -0.148908 0.252749

 -0.072726 -0.083257 0.268274

 -0.001585 0.190378 0.252749

 0.063804 0.192725 0.241011

 -0.003683 0.106437 0.268274

 -0.064041 0.197630 0.241011

 -0.112284 0.158690 0.252749

 -0.065575 0.088721 0.268274

 -0.167012 0.128107 0.241011

 0.199084 -0.005141 0.241011

 0.176819 0.053466 0.252749

 0.096062 0.029890 0.268274

 0.164892 0.114305 0.241011

 0.112387 0.148896 0.252749

 0.060038 0.083245 0.268274

 0.058997 0.194509 -0.102014

 0.026893 0.098940 -0.110370

 -0.006344 -0.000006 -0.111614

 0.159400 0.121631 -0.102014

 0.077967 0.061868 -0.110370

 0.198460 -0.000006 -0.102014

 0.097836 -0.000006 -0.110370

 -0.211148 -0.000006 -0.102014

 -0.110524 -0.000006 -0.110370

 -0.172088 0.121631 -0.102014

 -0.090655 0.061868 -0.110370

 -0.071685 0.194509 -0.102014

 -0.039582 0.098940 -0.110370

 -0.071685 -0.194521 -0.102014

 -0.039582 -0.098952 -0.110370

 -0.172088 -0.121643 -0.102014

 -0.090655 -0.061881 -0.110370

 0.159400 -0.121643 -0.102014

 0.077967 -0.061881 -0.110370

 0.064555 -0.211068 -0.089392

 0.058997 -0.194521 -0.102014

 0.026893 -0.098952 -0.110370

 0.379118 0.035966 0.075612

 0.350457 -0.053963 0.107101

 0.331912 -0.000006 0.127477

 0.350457 0.053951 0.107101

 0.379118 -0.035978 0.075612

 0.425210 0.019680 0.198707

 0.425210 -0.019692 0.198707

 0.393463 0.029523 0.207641

 0.393463 -0.029535 0.207641

 0.372922 -0.000006 0.213421

tris:

 21 20 0

 21 0 1

 3 19 22

 4 3 2

 91 61 59

 91 59 88

 47 46 50

 10 9 33

 10 33 34

 16 12 49

 16 49 51

 15 14 18

 11 10 34

 11 34 35

 17 16 20

 17 20 21

 8 4 7

 18 14 13

 18 13 17

 35 34 38

 35 38 39

 17 13 12

 17 12 16

 19 18 22

 4 2 7

 53 20 16

 53 16 51

 47 49 57

 47 57 56

 38 24 25

 38 25 39

 19 15 18

 24 23 28

 24 28 29

 43 42 44

 43 44 45

 45 9 5

 45 5 43

 25 24 29

 25 29 30

 8 7 11

 12 13 29

 12 29 28

 38 37 23

 38 23 24

 26 36 39

 27 26 25

 49 12 28

 49 28 57

 62 37 33

 62 33 60

 31 27 30

 67 42 40

 67 40 64

 81 80 83

 81 83 84

 15 31 14

 75 74 77

 75 77 78

 32 8 11

 62 55 23

 62 23 37

 13 14 30

 13 30 29

 27 25 30

 36 35 39

 36 32 35

 68 65 240

 68 240 228

 52 40 41

 52 41 53

 32 11 35

 34 33 37

 34 37 38

 79 64 40

 79 40 52

 43 5 0

 43 0 41

 70 44 42

 70 42 67

 76 73 72

 76 72 75

 88 59 44

 88 44 70

 45 44 59

 45 59 60

 51 50 52

 51 52 53

 85 56 54

 85 54 82

 66 65 68

 66 68 69

 60 59 61

 60 61 62

 51 49 47

 51 47 50

 90 81 82

 90 82 91

 18 17 21

 18 21 22

 50 46 76

 41 40 42

 41 42 43

 60 33 9

 60 9 45

 225 241 244

 91 82 54

 91 54 61

 57 28 23

 57 23 55

 58 56 85

 56 58 47

 89 86 226

 89 226 223

 95 111 94

 48 47 58

 61 54 55

 61 55 62

 78 63 64

 78 64 79

 110 93 94

 110 94 111

 79 52 50

 79 50 76

 242 77 236

 242 236 243

 55 54 56

 55 56 57

 64 63 66

 64 66 67

 82 81 84

 82 84 85

 77 242 63

 77 63 78

 65 66 63

 65 63 242

 26 39 25

 86 68 228

 86 228 226

 74 71 230

 74 230 238

 70 69 87

 70 87 88

 46 73 76

 126 114 92

 126 92 109

 88 87 90

 88 90 91

 75 72 71

 75 71 74

 46 48 73

 69 68 86

 69 86 87

 77 74 238

 77 238 236

 93 92 97

 93 97 98

 243 240 65

 243 65 242

 94 93 98

 94 98 99

 67 66 69

 67 69 70

 71 72 84

 71 84 83

 90 89 80

 90 80 81

 99 98 102

 99 102 103

 98 97 101

 98 101 102

 233 232 234

 233 234 235

 233 231 230

 233 230 232

 72 73 85

 72 85 84

 234 80 89

 234 89 223

 48 46 47

 232 230 71

 232 71 83

 245 249 129

 245 129 146

 58 85 73

 225 239 231

 113 115 112

 87 86 89

 87 89 90

 110 109 92

 110 92 93

 95 108 111

 96 95 94

 253 132 136

 253 136 254

 123 122 125

 123 125 126

 102 101 105

 102 105 106

 126 109 105

 126 105 123

 103 102 106

 103 106 107

 104 103 107

 100 96 99

 106 105 109

 106 109 110

 125 113 112

 107 106 110

 107 110 111

 104 100 103

 114 112 116

 114 116 117

 96 94 99

 108 107 111

 108 104 107

 112 115 116

 117 116 119

 117 119 120

 120 101 97

 120 97 117

 119 121 122

 100 99 103

 123 105 101

 123 101 120

 116 118 119

 117 97 92

 117 92 114

 249 128 133

 249 133 246

 130 146 129

 115 118 116

 122 124 125

 251 127 132

 251 132 253

 48 119 118

 48 121 119

 161 149 127

 161 127 144

 121 124 122

 179 163 164

 179 164 180

 120 119 122

 120 122 123

 148 150 147

 124 113 125

 125 112 114

 125 114 126

 246 133 137

 246 137 247

 250 144 127

 250 127 251

 130 143 146

 131 130 129

 167 166 169

 167 169 170

 158 157 160

 158 160 161

 254 136 140

 254 140 252

 161 144 140

 161 140 158

 247 137 141

 247 141 248

 139 138 142

 135 131 134

 252 140 144

 252 144 250

 160 148 147

 248 141 145

 248 145 245

 139 135 138

 149 147 151

 149 151 152

 131 129 134

 143 142 146

 143 139 142

 147 150 151

 152 151 154

 152 154 155

 155 136 132

 155 132 152

 154 156 157

 135 134 138

 158 140 136

 158 136 155

 151 153 154

 152 132 127

 152 127 149

 164 163 167

 164 167 168

 165 180 164

 150 153 151

 157 159 160

 163 162 166

 163 166 167

 153 156 154

 209 195 162

 209 162 178

 156 159 157

 165 192 183

 155 154 157

 155 157 158

 183 182 185

 183 185 186

 159 148 160

 160 147 149

 160 149 161

 168 167 170

 168 170 171

 179 178 162

 179 162 163

 219 187 169

 219 169 201

 205 207 208

 211 213 210

 165 186 174

 175 172 204

 175 204 206

 171 170 188

 171 188 189

 176 175 178

 176 178 179

 177 174 173

 177 173 176

 206 205 208

 206 208 209

 189 188 191

 189 191 192

 176 173 172

 176 172 175

 165 164 168

 209 178 175

 209 175 206

 165 177 180

 191 182 183

 191 183 192

 182 181 184

 182 184 185

 201 200 218

 201 218 219

 203 204 215

 203 215 214

 201 169 166

 201 166 198

 170 169 187

 170 187 188

 165 168 171

 172 173 185

 172 185 184

 191 190 181

 191 181 182

 208 193 195

 208 195 209

 194 196 193

 222 190 187

 222 187 219

 208 194 193

 234 223 224

 234 224 235

 173 174 186

 173 186 185

 221 211 210

 222 212 181

 222 181 190

 165 183 186

 165 189 192

 193 196 197

 214 216 203

 198 197 200

 198 200 201

 165 171 189

 204 172 184

 204 184 215

 188 187 190

 188 190 191

 197 199 200

 198 166 162

 198 162 195

 200 217 218

 203 202 205

 196 199 197

 218 220 221

 212 210 214

 212 214 215

 165 174 177

 195 193 197

 195 197 198

 199 217 200

 210 213 214

 206 204 203

 206 203 205

 225 235 224

 177 176 179

 177 179 180

 219 218 221

 219 221 222

 207 194 208

 221 210 212

 221 212 222

 215 184 181

 215 181 212

 227 226 228

 227 228 229

 213 216 214

 202 207 205

 203 216 202

 217 220 218

 220 211 221

 224 223 226

 224 226 227

 83 80 234

 83 234 232

 225 224 227

 53 41 0

 53 0 20

 229 228 240

 229 240 241

 241 240 243

 241 243 244

 225 244 237

 225 233 235

 225 227 229

 225 231 233

 237 236 238

 237 238 239

 225 237 239

 1 0 5

 1 5 6

 76 75 78

 76 78 79

 73 48 58

 243 236 237

 243 237 244

 230 231 239

 230 239 238

 21 1 2

 21 2 22

 3 22 2

 225 229 241

 7 6 10

 7 10 11

 2 1 6

 2 6 7

 6 5 9

 6 9 10

 31 30 14

 142 248 245

 142 245 146

 138 247 248

 138 248 142

 134 246 247

 134 247 138

 129 249 246

 129 246 134

 145 128 249

 145 249 245

 141 252 250

 141 250 145

 137 254 252

 137 252 141

 145 250 251

 145 251 128

 128 251 253

 128 253 133

 133 253 254

 133 254 137

palette:

 151 151 151 255

 111 111 111 255

 41 41 41 255

 97 97 97 255

 131 131 131 255

 118 118 118 255

 103 103 103 255

 115 115 115 255

 149 149 149 255

 104 104 104 255

 96 96 96 255

 87 87 87 255

 112 112 112 255

 116 116 116 255

 71 71 71 255

 73 73 73 255

 122 122 122 255

 133 133 133 255

 114 114 114 255

 161 161 161 255

 170 170 170 255

 127 127 127 255

 130 130 130 255

 152 152 152 255

 105 105 105 255

 66 66 66 255

 144 144 144 255

 121 121 121 255

 154 154 154 255

 138 138 138 255

 166 166 166 255

 125 125 125 255

 134 134 134 255

 81 81 81 255

 93 93 93 255

 108 108 108 255

 233 233 233 255

 177 177 177 255

 16 16 16 255

 25 25 25 255

 53 53 53 255

 5 5 5 255

 141 141 141 255

 69 69 69 255

 90 90 90 255

 60 60 60 255

 10 10 10 255

 179 179 179 255

 68 68 68 255

color:

 0 1 1

 0 1 0

 2 2 3

 2 2 3

 4 5 5

 4 5 4

 6 7 5

 0 1 1

 0 1 8

 1 1 9

 1 9 9

 2 3 3

 3 0 8

 3 8 3

 8 1 1

 8 1 0

 2 2 3

 3 3 0

 3 0 8

 3 8 0

 3 0 3

 8 0 1

 8 1 1

 2 3 3

 2 3 3

 9 1 1

 9 1 9

 6 9 9

 6 9 5

 0 0 3

 0 3 3

 2 2 3

 0 1 1

 0 1 8

 9 5 5

 9 5 9

 9 1 1

 9 1 9

 3 0 8

 3 8 3

 2 3 3

 1 0 8

 1 8 1

 0 1 1

 0 1 0

 2 2 3

 2 2 3

 9 1 1

 9 1 9

 9 1 1

 9 1 9

 2 2 3

 4 5 5

 4 5 4

 10 11 11

 10 11 10

 2 2 3

 10 11 11

 10 11 10

 2 2 3

 9 9 1

 9 1 1

 0 3 3

 0 3 8

 2 3 3

 2 3 3

 2 2 3

 11 11 12

 11 12 12

 5 5 9

 5 9 9

 2 3 3

 8 1 1

 8 1 0

 4 4 5

 4 5 5

 9 1 1

 9 1 9

 4 5 5

 4 5 4

 4 13 10

 4 10 10

 4 5 5

 4 5 4

 9 5 5

 9 5 9

 9 5 5

 9 5 9

 4 5 5

 4 5 4

 10 11 11

 10 11 10

 9 5 5

 9 5 9

 9 9 6

 9 6 5

 10 10 4

 10 4 4

 3 8 0

 3 0 3

 5 7 4

 9 5 5

 9 5 9

 9 1 1

 9 1 9

 14 15 15

 4 4 5

 4 5 5

 9 1 1

 9 1 9

 7 5 4

 5 7 6

 11 11 12

 11 12 12

 16 17 17

 18 6 7

 5 5 9

 5 9 9

 10 10 4

 10 4 4

 19 19 17

 19 17 17

 4 5 5

 4 5 4

 11 11 12

 11 12 12

 9 5 5

 9 5 9

 4 10 10

 4 10 4

 4 10 10

 4 10 4

 11 11 10

 11 10 10

 11 10 10

 11 10 11

 2 3 3

 11 11 12

 11 12 12

 11 11 12

 11 12 12

 4 10 10

 4 10 4

 7 13 4

 0 0 20

 0 20 20

 4 10 10

 4 10 4

 10 10 11

 10 11 11

 7 18 13

 10 11 11

 10 11 10

 11 11 12

 11 12 12

 19 20 21

 19 21 22

 12 12 11

 12 11 11

 17 19 22

 17 22 23

 4 10 10

 4 10 4

 11 10 10

 11 10 11

 10 11 11

 10 11 10

 23 22 15

 23 15 24

 22 21 25

 22 25 15

 15 12 12

 15 12 15

 15 15 12

 15 12 12

 10 13 4

 10 4 10

 12 11 11

 12 11 12

 18 7 6

 12 12 11

 12 11 11

 26 26 20

 26 20 20

 7 4 13

 14 15 15

 27 28 29

 10 11 11

 10 11 10

 19 20 20

 19 20 19

 16 30 17

 30 16 17

 22 31 28

 22 28 32

 29 26 29

 29 29 0

 15 25 21

 15 21 22

 0 20 21

 0 21 29

 24 15 22

 24 22 23

 29 24 23

 29 30 23

 22 21 20

 22 20 19

 29 27 29

 23 22 19

 23 19 17

 29 29 24

 0 29 26

 0 26 29

 30 17 23

 30 23 17

 30 29 23

 29 28 26

 29 26 33

 29 33 34

 34 25 21

 34 21 29

 33 12 26

 29 23 24

 29 21 25

 29 25 34

 26 12 33

 29 21 20

 29 20 0

 26 27 32

 26 32 29

 28 20 20

 28 12 26

 26 28 29

 7 35 31

 7 31 22

 18 33 12

 18 12 33

 36 36 35

 36 35 35

 12 28 26

 9 9 37

 9 37 37

 34 33 26

 34 26 29

 38 39 40

 28 27 29

 29 29 0

 29 0 0

 29 32 7

 29 7 6

 7 35 35

 7 35 7

 28 19 20

 19 28 20

 9 41 41

 9 41 6

 42 43 40

 42 40 36

 32 28 31

 32 31 22

 36 35 31

 36 31 42

 6 7 32

 6 32 29

 29 44 42

 29 19 42

 22 31 35

 22 35 7

 40 38 40

 29 32 27

 29 27 26

 29 29 44

 36 40 43

 36 43 42

 19 20 42

 19 42 20

 19 29 42

 40 39 43

 42 43 45

 42 45 17

 17 28 31

 17 31 42

 45 46 43

 29 42 44

 42 31 28

 42 28 17

 43 46 45

 42 31 35

 42 35 36

 37 9 9

 37 9 37

 47 37 37

 39 46 43

 43 39 40

 9 41 41

 9 41 9

 46 46 45

 48 48 41

 48 41 41

 46 39 43

 47 37 37

 17 45 43

 17 43 42

 37 9 9

 37 9 37

 39 38 40

 40 40 36

 40 36 36

 37 9 6

 37 6 37

 9 41 41

 9 41 9

 48 41 41

 48 41 48

 12 6 12

 6 6 12

 47 37 37

 41 41 48

 41 48 48

 37 6 9

 37 9 37

 9 41 41

 9 41 9

 37 37 6

 37 6 9

 48 12 12

 48 12 48

 37 9 9

 37 9 37

 9 6 41

 9 41 41

 47 37 37

 48 41 41

 48 41 48

 47 37 37

 9 9 37

 9 37 37

 9 41 41

 9 41 9

 48 12 12

 48 12 48

 12 48 48

 12 48 12

 48 41 41

 48 41 48

 6 41 41

 6 41 9

 47 37 37

 41 6 9

 41 9 41

 9 41 41

 9 41 9

 12 12 48

 12 48 48

 6 6 12

 48 41 41

 48 41 48

 12 6 12

 12 12 15

 12 15 15

 6 37 37

 6 37 9

 12 6 12

 48 48 41

 48 41 41

 47 37 37

 47 37 37

 12 6 12

 12 6 12

 48 12 12

 48 12 48

 47 37 37

 48 41 41

 48 41 48

 9 41 41

 9 41 9

 12 6 12

 48 41 41

 48 41 48

 12 6 12

 12 6 12

 6 6 12

 12 6 12

 48 12 12

 48 12 48

 47 37 37

 48 12 12

 48 12 48

 6 6 12

 12 6 12

 48 48 12

 48 12 12

 14 15 15

 37 9 9

 37 9 37

 48 12 12

 48 12 48

 6 6 12

 12 12 48

 12 48 48

 48 41 41

 48 41 48

 15 12 12

 15 12 15

 6 6 12

 6 6 12

 12 6 6

 6 6 12

 6 6 12

 15 12 12

 15 12 15

 11 11 12

 11 12 12

 14 15 15

 9 9 1

 9 1 1

 15 12 12

 15 12 15

 15 12 12

 15 12 15

 14 15 15

 14 15 15

 14 15 15

 14 15 15

 15 12 12

 15 12 15

 14 15 15

 0 1 1

 0 1 8

 4 10 10

 4 10 4

 13 18 7

 12 12 15

 12 15 15

 12 15 15

 12 15 12

 0 0 3

 0 3 3

 2 3 3

 14 15 15

 3 8 0

 3 0 3

 3 0 8

 3 8 3

 8 1 1

 8 1 0

 2 3 3

 42 29 26

 42 26 20

 44 6 29

 44 29 42

 42 29 6

 42 6 44

 20 26 29

 20 29 42

 27 27 26

 27 26 26

 32 22 7

 32 7 27

 7 32 22

 7 22 32

 27 7 7

 27 7 27

 27 7 22

 27 22 32

 32 22 32

 32 32 7

