vectors:

 0.000391 0.683678 14.843191

 7.313970 1.249661 12.869457

 12.571524 1.228556 7.463810

 14.480368 1.121605 0.000000

 12.571524 0.299511 -7.463810

 7.313970 0.427566 -12.869457

 0.000391 1.505772 -14.843191

 -7.313333 0.555622 -12.869457

 -12.570299 1.377716 -7.463810

 -14.478792 0.299511 0.000000

 -12.570299 0.406471 7.463810

 -7.313333 0.555622 12.869457

 0.002463 0.246842 0.000000

 0.001261 0.244000 7.427907

 -0.000848 -0.840464 12.399273

 0.001261 0.246842 -7.427908

 -0.000848 -0.038023 -12.399273

 6.491963 -0.182501 0.000000

 4.740088 -0.975264 11.549655

 4.740088 -1.000848 -11.549655

 6.019908 0.264013 7.268242

 6.019908 0.044255 -7.268241

 -6.016103 0.264021 7.268242

 -6.016103 0.164612 -7.268241

 -6.483659 -0.158201 0.000000

 -4.742826 -0.719153 11.549655

 -4.742826 -0.306809 -11.549655

 3.797135 1.377716 14.337729

 10.296929 0.662583 10.528472

 13.994123 0.662583 3.869165

 13.994123 0.427566 -3.869165

 10.296929 0.299511 -10.528471

 3.797135 1.249661 -14.337729

 -3.796452 1.377716 -14.337729

 -10.296073 1.249661 -10.528472

 -13.992640 0.427566 -3.869165

 -13.992640 0.406471 3.869165

 -10.296073 0.299511 10.528471

 -3.796452 1.249661 14.337729

 10.546746 -0.214879 0.000000

 -9.403689 0.415755 7.339411

 5.941957 -0.194060 12.197767

 -9.403688 0.567003 -7.339410

 5.941957 -0.466364 -12.197769

 -3.018086 0.246842 0.000000

 2.912513 0.241015 7.374786

 -2.718683 -0.114876 12.105196

 2.912513 0.241015 -7.374787

 -2.718683 -0.764076 -12.105196

 -0.000020 -0.000000 -10.332546

 0.002156 0.246842 3.885865

 0.002156 0.246842 -3.885865

 -0.000020 0.246842 10.332546

 -0.000552 0.643856 -13.876862

 -0.000552 0.547814 13.876862

 3.024975 0.246842 0.000000

 2.716213 -0.936972 12.105196

 2.716213 -0.134065 -12.105196

 9.406611 0.591955 7.339410

 9.406611 -0.351135 -7.339411

 5.404469 0.148774 9.929023

 6.380822 -0.041923 -3.840055

 6.380822 0.224013 3.840055

 5.404469 -0.936972 -9.929022

 -2.909230 0.241015 7.374787

 -2.909230 0.241015 -7.374787

 -10.540718 -0.310921 0.000000

 -5.943970 0.451772 12.197769

 -5.943970 -0.274280 -12.197767

 -5.405008 -0.840928 -9.929022

 -6.373684 0.224013 3.840055

 -6.373684 0.166085 -3.840055

 -5.405007 0.068555 9.929023

 -7.971555 -0.174872 10.160746

 2.747521 -0.000000 -10.164438

 -10.257504 -0.255091 -3.851924

 -10.257504 0.415755 3.851924

 -3.185152 0.739897 13.431574

 -7.971555 -0.274280 -10.160744

 3.183372 -0.178238 -13.431574

 3.004405 0.241015 3.879225

 3.004405 0.520995 -3.879224

 2.747521 0.240992 10.164438

 7.971377 0.415746 10.160744

 -3.185152 0.547814 -13.431573

 3.183373 0.547814 13.431573

 10.262730 -0.375433 -3.851924

 10.262730 0.415748 3.851924

 7.971377 -0.466364 -10.160747

 -2.748012 -0.000000 -10.164438

 -2.998438 0.241015 3.879225

 -2.998438 0.520995 -3.879224

 -2.748012 0.241015 10.164438

tris:

 25 67 73

 25 73 72

 67 11 37

 67 37 73

 73 37 10

 73 10 40

 72 73 40

 72 40 22

 21 47 74

 21 74 63

 47 15 49

 47 49 74

 74 49 16

 74 16 57

 63 74 57

 63 57 19

 24 66 75

 24 75 71

 66 9 35

 66 35 75

 75 35 8

 75 8 42

 71 75 42

 71 42 23

 22 40 76

 22 76 70

 40 10 36

 40 36 76

 76 36 9

 76 9 66

 70 76 66

 70 66 24

 11 67 77

 11 77 38

 67 25 46

 67 46 77

 77 46 14

 77 14 54

 38 77 54

 38 54 0

 23 42 78

 23 78 69

 42 8 34

 42 34 78

 78 34 7

 78 7 68

 69 78 68

 69 68 26

 5 43 79

 5 79 32

 43 19 57

 43 57 79

 79 57 16

 79 16 53

 32 79 53

 32 53 6

 20 45 80

 20 80 62

 45 13 50

 45 50 80

 80 50 12

 80 12 55

 62 80 55

 62 55 17

 17 55 81

 17 81 61

 55 12 51

 55 51 81

 81 51 15

 81 15 47

 61 81 47

 61 47 21

 18 56 82

 18 82 60

 56 14 52

 56 52 82

 82 52 13

 82 13 45

 60 82 45

 60 45 20

 1 41 83

 1 83 28

 41 18 60

 41 60 83

 83 60 20

 83 20 58

 28 83 58

 28 58 2

 6 53 84

 6 84 33

 53 16 48

 53 48 84

 84 48 26

 84 26 68

 33 84 68

 33 68 7

 0 54 85

 0 85 27

 54 14 56

 54 56 85

 85 56 18

 85 18 41

 27 85 41

 27 41 1

 3 39 86

 3 86 30

 39 17 61

 39 61 86

 86 61 21

 86 21 59

 30 86 59

 30 59 4

 2 58 87

 2 87 29

 58 20 62

 58 62 87

 87 62 17

 87 17 39

 29 87 39

 29 39 3

 4 59 88

 4 88 31

 59 21 63

 59 63 88

 88 63 19

 88 19 43

 31 88 43

 31 43 5

 15 65 89

 15 89 49

 65 23 69

 65 69 89

 89 69 26

 89 26 48

 49 89 48

 49 48 16

 13 64 90

 13 90 50

 64 22 70

 64 70 90

 90 70 24

 90 24 44

 50 90 44

 50 44 12

 12 44 91

 12 91 51

 44 24 71

 44 71 91

 91 71 23

 91 23 65

 51 91 65

 51 65 15

 14 46 92

 14 92 52

 46 25 72

 46 72 92

 92 72 22

 92 22 64

 52 92 64

 52 64 13

vector2s:

 0.017617 0.766362

 0.230538 0.766362

 0.230538 0.979283

 0.017617 0.979283

uv:

 0 1 2

 0 2 3

 0 1 2

 0 2 3

 0 1 2

 0 2 3

 0 1 2

 0 2 3

 0 1 2

 0 2 3

 0 1 2

 0 2 3

 0 1 2

 0 2 3

 0 1 2

 0 2 3

 0 1 2

 0 2 3

 0 1 2

 0 2 3

 0 1 2

 0 2 3

 0 1 2

 0 2 3

 0 1 2

 0 2 3

 0 1 2

 0 2 3

 0 1 2

 0 2 3

 0 1 2

 0 2 3

 0 1 2

 0 2 3

 0 1 2

 0 2 3

 0 1 2

 0 2 3

 0 1 2

 0 2 3

 0 1 2

 0 2 3

 0 1 2

 0 2 3

 0 1 2

 0 2 3

 0 1 2

 0 2 3

 0 1 2

 0 2 3

 0 1 2

 0 2 3

 0 1 2

 0 2 3

 0 1 2

 0 2 3

 0 1 2

 0 2 3

 0 1 2

 0 2 3

 0 1 2

 0 2 3

 0 1 2

 0 2 3

 0 1 2

 0 2 3

 0 1 2

 0 2 3

 0 1 2

 0 2 3

 0 1 2

 0 2 3

 0 1 2

 0 2 3

 0 1 2

 0 2 3

 0 1 2

 0 2 3

 0 1 2

 0 2 3

 0 1 2

 0 2 3

 0 1 2

 0 2 3

 0 1 2

 0 2 3

 0 1 2

 0 2 3

 0 1 2

 0 2 3

 0 1 2

 0 2 3

 0 1 2

 0 2 3

 0 1 2

 0 2 3

 0 1 2

 0 2 3

 0 1 2

 0 2 3

 0 1 2

 0 2 3

 0 1 2

 0 2 3

 0 1 2

 0 2 3

 0 1 2

 0 2 3

 0 1 2

 0 2 3

 0 1 2

 0 2 3

 0 1 2

 0 2 3

 0 1 2

 0 2 3

 0 1 2

 0 2 3

 0 1 2

 0 2 3

 0 1 2

 0 2 3

 0 1 2

 0 2 3

 0 1 2

 0 2 3

 0 1 2

 0 2 3

 0 1 2

 0 2 3

 0 1 2

 0 2 3

 0 1 2

 0 2 3

 0 1 2

 0 2 3

 0 1 2

 0 2 3

 0 1 2

 0 2 3

 0 1 2

 0 2 3

 0 1 2

 0 2 3

 0 1 2

 0 2 3

 0 1 2

 0 2 3

 0 1 2

 0 2 3

 0 1 2

 0 2 3

 0 1 2

 0 2 3

 0 1 2

 0 2 3

 0 1 2

 0 2 3

 0 1 2

 0 2 3

palette:

 255 255 255 255

 0 0 0 255

color:

 0 1 1

 0 1 0

 1 1 1

 1 1 1

 1 1 1

 1 1 1

 0 1 1

 0 1 0

 0 0 0

 0 0 0

 0 0 0

 0 0 0

 0 0 0

 0 0 0

 0 0 0

 0 0 0

 0 1 1

 0 1 0

 1 1 1

 1 1 1

 1 1 1

 1 1 1

 0 1 1

 0 1 0

 0 1 1

 0 1 0

 1 1 1

 1 1 1

 1 1 1

 1 1 1

 0 1 1

 0 1 0

 1 1 1

 1 1 1

 1 0 0

 1 0 1

 1 0 0

 1 0 1

 1 1 1

 1 1 1

 0 1 1

 0 1 0

 1 1 1

 1 1 1

 1 1 1

 1 1 1

 0 1 1

 0 1 0

 1 1 1

 1 1 1

 1 0 0

 1 0 1

 1 0 0

 1 0 1

 1 1 1

 1 1 1

 0 0 0

 0 0 0

 0 0 0

 0 0 0

 0 0 0

 0 0 0

 0 0 0

 0 0 0

 0 0 0

 0 0 0

 0 0 0

 0 0 0

 0 0 0

 0 0 0

 0 0 0

 0 0 0

 0 0 0

 0 0 0

 0 0 0

 0 0 0

 0 0 0

 0 0 0

 0 0 0

 0 0 0

 1 1 1

 1 1 1

 1 0 0

 1 0 1

 1 0 0

 1 0 1

 1 1 1

 1 1 1

 1 1 1

 1 1 1

 1 0 0

 1 0 1

 1 0 0

 1 0 1

 1 1 1

 1 1 1

 1 1 1

 1 1 1

 1 0 0

 1 0 1

 1 0 0

 1 0 1

 1 1 1

 1 1 1

 1 1 1

 1 1 1

 1 0 0

 1 0 1

 1 0 0

 1 0 1

 1 1 1

 1 1 1

 1 1 1

 1 1 1

 1 0 0

 1 0 1

 1 0 0

 1 0 1

 1 1 1

 1 1 1

 1 1 1

 1 1 1

 1 0 0

 1 0 1

 1 0 0

 1 0 1

 1 1 1

 1 1 1

 0 0 0

 0 0 0

 0 0 0

 0 0 0

 0 0 0

 0 0 0

 0 0 0

 0 0 0

 0 0 0

 0 0 0

 0 0 0

 0 0 0

 0 0 0

 0 0 0

 0 0 0

 0 0 0

 0 0 0

 0 0 0

 0 0 0

 0 0 0

 0 0 0

 0 0 0

 0 0 0

 0 0 0

 0 0 0

 0 0 0

 0 0 0

 0 0 0

 0 0 0

 0 0 0

 0 0 0

 0 0 0

