vectors:

 1.819695 2.931788 17.204865

 5.569405 2.894969 17.204865

 -1.446205 1.301383 -18.236038

 -5.679756 1.301383 -17.147392

 -4.367569 1.637679 -13.204941

 -3.748840 1.786706 -9.897850

 -3.130112 1.935733 -6.590759

 -2.511383 2.084760 -3.283669

 -1.892654 2.233787 0.023422

 -1.273933 2.382813 3.330513

 -0.655205 2.531840 6.637604

 -0.036476 2.680867 9.944687

 0.582245 2.829895 13.251778

 -0.617859 1.598849 -13.204941

 0.000870 1.728461 -9.897850

 0.619598 1.858073 -6.590759

 1.238327 1.987685 -3.283669

 1.857056 2.117297 0.023422

 2.475777 2.246909 3.330513

 3.094505 2.376521 6.637604

 3.713234 2.506133 9.944687

 4.331955 2.635745 13.251778

 -5.023659 1.469531 -15.176163

 -1.032036 1.450116 -15.720490

 5.555801 2.453190 16.882698

 1.806091 2.490010 16.882698

 -5.021400 1.027937 -15.145515

 -4.370628 1.195820 -13.178459

 -3.755577 1.344542 -9.877960

 -3.139137 1.493629 -6.570450

 -2.522690 1.642728 -3.262932

 -1.906250 1.791840 0.044586

 -1.289818 1.940963 3.352097

 -0.673370 2.090098 6.659615

 -0.056923 2.239246 9.967117

 0.563934 2.388231 13.275185

 -1.030182 1.008527 -15.689743

 -0.621529 1.156905 -13.180008

 -0.006134 1.286304 -9.877914

 0.610306 1.415977 -6.570396

 1.226753 1.545663 -3.262878

 1.843193 1.675361 0.044632

 2.459633 1.805071 3.352150

 3.076073 1.934793 6.659660

 3.692520 2.064527 9.967163

 4.314888 2.194046 13.275459

 -1.441292 0.859767 -17.645889

 -5.674843 0.859767 -16.557243

 1.819695 4.048258 17.204865

 5.569405 4.011438 17.204865

 -1.446205 2.417852 -18.236038

 -5.679756 2.417852 -17.147392

 -4.367569 2.754148 -13.204941

 -3.748840 2.903175 -9.897850

 -3.130112 3.052202 -6.590759

 -2.511383 3.201229 -3.283669

 -1.892654 3.350256 0.023422

 -1.273933 3.499283 3.330513

 -0.655205 3.648310 6.637604

 -0.036476 3.797337 9.944687

 0.582245 3.946364 13.251778

 -0.617859 2.715319 -13.204941

 0.000870 2.844931 -9.897850

 0.619598 2.974543 -6.590759

 1.238327 3.104155 -3.283669

 1.857056 3.233767 0.023422

 2.475777 3.363379 3.330513

 3.094505 3.492990 6.637604

 3.713234 3.622602 9.944687

 4.331955 3.752214 13.251778

 -5.023659 2.586000 -15.176163

 -1.032036 2.566586 -15.720490

 5.555801 3.569660 16.882698

 1.806091 3.606480 16.882698

 -5.021400 2.144406 -15.145515

 -4.370628 2.312289 -13.178459

 -3.755577 2.461011 -9.877960

 -3.139137 2.610098 -6.570450

 -2.522690 2.759197 -3.262932

 -1.906250 2.908309 0.044586

 -1.289818 3.057432 3.352097

 -0.673370 3.206568 6.659615

 -0.056923 3.355716 9.967117

 0.563934 3.504700 13.275185

 -1.030182 2.124996 -15.689743

 -0.621529 2.273375 -13.180008

 -0.006134 2.402773 -9.877914

 0.610306 2.532446 -6.570396

 1.226753 2.662132 -3.262878

 1.843193 2.791830 0.044632

 2.459633 2.921540 3.352150

 3.076073 3.051262 6.659660

 3.692520 3.180996 9.967163

 4.314888 3.310515 13.275459

 -1.441292 1.976236 -17.645889

 -5.674843 1.976236 -16.557243

 -5.298172 2.622100 -15.081230

 -4.651039 2.760249 -13.132286

 -4.036537 2.909950 -9.844437

 -3.417786 3.060526 -6.537415

 -2.799019 3.211088 -3.230400

 -2.180252 3.361652 0.076614

 -1.561478 3.512215 3.383621

 -0.942696 3.662776 6.690636

 -0.323914 3.812637 9.997765

 0.298698 3.943655 13.324326

 -0.744057 2.547978 -15.769424

 -0.329552 2.710449 -13.255219

 0.288559 2.837970 -9.951302

 0.907257 2.966040 -6.644142

 1.525948 3.094116 -3.336983

 2.144630 3.222193 -0.029823

 2.763306 3.350269 3.277336

 3.381973 3.478346 6.584496

 4.000648 3.607356 9.891487

 4.615326 3.755559 13.178566

 3.363541 3.036614 6.606552

 -4.654060 2.318390 -13.105644

 -5.295776 2.181295 -15.050514

 -0.344360 3.371016 10.020195

 -0.960861 3.221031 6.712646

 4.598328 3.313634 13.202492

 5.846344 4.032995 17.112602

 5.832741 3.591217 16.790436

 2.130768 2.780253 -0.008614

 1.542450 4.027334 17.296356

 2.747162 2.908428 3.298973

 -4.043274 2.467783 -9.824547

 -3.426811 2.618419 -6.517105

 -2.810326 2.769053 -3.209663

 -2.193848 2.919702 0.097778

 -1.577362 3.070362 3.405205

 0.280426 3.501853 13.347878

 -0.742195 2.106520 -15.738663

 -0.333229 2.268495 -13.230309

 0.281555 2.395810 -9.931358

 0.897964 2.523941 -6.623779

 1.514374 2.652091 -3.316193

 3.979935 3.165751 9.913963

 1.528847 3.585556 16.974190

 -5.942894 2.042372 -16.460052

 -1.154945 1.942842 -17.696510

 -5.947807 2.483987 -17.050201

 -1.159859 2.384457 -18.286659

 0.160278 4.332963 -9.752319

 0.179153 1.197505 -9.773094

 0.101112 4.339128 -10.190964

 0.117683 1.203374 -10.211426

 0.448105 4.369966 -9.790627

 0.466759 1.234530 -9.812927

 0.388916 4.376122 -10.229271

 0.405281 1.240397 -10.251259

 -1.353912 4.332963 -17.878807

 -1.335037 0.081777 -17.899582

 -1.413078 4.339128 -18.317451

 -1.396507 0.087646 -18.337914

 -1.066086 4.369966 -17.917114

 -1.047432 0.118803 -17.939415

 -1.125275 4.376122 -18.355759

 -1.108910 0.124670 -18.377747

 1.553917 4.332963 -2.368790

 1.572792 1.197505 -2.389565

 1.494751 4.339128 -2.807434

 1.511322 1.203374 -2.827896

 1.841743 4.369966 -2.407097

 1.860397 1.234530 -2.429398

 1.782555 4.376122 -2.845741

 1.798920 1.240397 -2.867729

 3.212776 4.332963 6.311295

 3.231651 1.197505 6.290520

 3.153610 4.339128 5.872650

 3.170181 1.203374 5.852188

 3.500603 4.369966 6.272987

 3.519257 1.234530 6.250687

 3.441414 4.376122 5.834343

 3.457779 1.240397 5.812355

 4.273674 4.332963 12.098015

 4.292549 1.197505 12.077240

 4.214508 4.339128 11.659370

 4.231079 1.203374 11.638908

 4.561501 4.369966 12.059708

 4.580154 1.234530 12.037407

 4.502312 4.376122 11.621063

 4.518677 1.240397 11.599075

 5.643196 4.332963 17.228912

 5.662071 -0.291323 17.208138

 5.584030 4.339128 16.790268

 5.600601 -0.285454 16.769806

 5.931023 4.369966 17.190605

 5.949677 -0.254298 17.168304

 5.871834 4.376122 16.751961

 5.888199 -0.248431 16.729973

 -4.168190 4.332963 -9.562515

 -4.149315 1.197505 -9.583290

 -4.227356 4.339128 -10.001160

 -4.210785 1.203374 -10.021622

 -3.880363 4.369966 -9.600822

 -3.861710 1.234530 -9.623123

 -3.939552 4.376122 -10.039467

 -3.923187 1.240397 -10.061455

 -6.145317 4.332963 -16.786278

 -6.126442 0.081777 -16.807053

 -6.204483 4.339128 -17.224922

 -6.187912 0.087646 -17.245384

 -5.857491 4.369966 -16.824585

 -5.838837 0.118803 -16.846886

 -5.916679 4.376122 -17.263229

 -5.900314 0.124670 -17.285217

 -2.774551 4.332963 -2.178986

 -2.755676 1.197505 -2.199760

 -2.833717 4.339128 -2.617630

 -2.817146 1.203374 -2.638092

 -2.486725 4.369966 -2.217293

 -2.468071 1.234530 -2.239594

 -2.545914 4.376122 -2.655937

 -2.529549 1.240397 -2.677925

 -1.115692 4.332963 6.501099

 -1.096817 1.197505 6.480324

 -1.174858 4.339128 6.062454

 -1.158287 1.203374 6.041992

 -0.827866 4.369966 6.462791

 -0.809212 1.234530 6.440491

 -0.887054 4.376122 6.024147

 -0.870689 1.240397 6.002159

 -0.054794 4.332963 12.287819

 -0.035919 1.197505 12.267044

 -0.113960 4.339128 11.849174

 -0.097389 1.203374 11.828712

 0.233032 4.369966 12.249512

 0.251686 1.234530 12.227211

 0.173843 4.376122 11.810867

 0.190208 1.240397 11.788879

 1.314728 4.332963 17.418716

 1.333603 -0.291323 17.397942

 1.255562 4.339128 16.980072

 1.272133 -0.285454 16.959610

 1.602554 4.369966 17.380409

 1.621208 -0.254298 17.358109

 1.543365 4.376122 16.941765

 1.559731 -0.248431 16.919777

 0.179153 -2.372616 -9.773094

 0.117683 -2.372134 -10.211426

 0.466759 -2.369568 -9.812927

 0.405281 -2.369086 -10.251259

 1.572792 -2.372616 -2.389565

 1.511322 -2.372134 -2.827896

 1.860397 -2.369568 -2.429398

 1.798920 -2.369086 -2.867729

 3.231651 -2.372616 6.290520

 3.170181 -2.372134 5.852188

 3.519257 -2.369568 6.250687

 3.457779 -2.369086 5.812355

 4.292549 -2.372616 12.077240

 4.231079 -2.372134 11.638908

 4.580154 -2.369568 12.037407

 4.518677 -2.369086 11.599075

 -4.149315 -2.372616 -9.583290

 -4.210785 -2.372134 -10.021622

 -3.861710 -2.369568 -9.623123

 -3.923187 -2.369086 -10.061455

 -2.755676 -2.372616 -2.199760

 -2.817146 -2.372134 -2.638092

 -2.468071 -2.369568 -2.239594

 -2.529549 -2.369086 -2.677925

 -1.096817 -2.372616 6.480324

 -1.158287 -2.372134 6.041992

 -0.809212 -2.369568 6.440491

 -0.870689 -2.369086 6.002159

 -0.035919 -2.372616 12.267044

 -0.097389 -2.372134 11.828712

 0.251686 -2.369568 12.227211

 0.190208 -2.369086 11.788879

tris:

 23 36 37

 23 37 13

 2 46 36

 2 36 23

 19 43 44

 19 44 20

 5 28 27

 5 27 4

 12 35 34

 12 34 11

 22 26 47

 22 47 3

 18 42 43

 18 43 19

 4 27 26

 4 26 22

 11 34 33

 11 33 10

 21 45 24

 21 24 1

 17 41 42

 17 42 18

 26 27 37

 26 37 36

 27 28 38

 27 38 37

 28 29 39

 28 39 38

 29 30 40

 29 40 39

 30 31 41

 30 41 40

 31 32 42

 31 42 41

 32 33 43

 32 43 42

 33 34 44

 33 44 43

 34 35 45

 34 45 44

 35 25 24

 35 24 45

 47 26 36

 47 36 46

 6 29 28

 6 28 5

 20 44 45

 20 45 21

 13 37 38

 13 38 14

 7 30 29

 7 29 6

 14 38 39

 14 39 15

 8 31 30

 8 30 7

 15 39 40

 15 40 16

 9 32 31

 9 31 8

 16 40 41

 16 41 17

 0 25 35

 0 35 12

 10 33 32

 10 32 9

 2 22 3

 23 4 22

 13 5 4

 14 6 5

 15 7 6

 16 8 7

 17 9 8

 18 10 9

 19 11 10

 20 12 11

 21 0 12

 2 23 22

 23 13 4

 13 14 5

 14 15 6

 15 16 7

 16 17 8

 17 18 9

 18 19 10

 19 20 11

 20 21 12

 21 1 0

 71 61 85

 71 85 84

 50 71 84

 50 84 94

 67 68 92

 67 92 91

 53 52 75

 53 75 76

 60 59 82

 60 82 83

 70 51 95

 70 95 74

 66 67 91

 66 91 90

 52 70 74

 52 74 75

 59 58 81

 59 81 82

 69 49 72

 69 72 93

 65 66 90

 65 90 89

 54 53 76

 54 76 77

 68 69 93

 68 93 92

 61 62 86

 61 86 85

 55 54 77

 55 77 78

 62 63 87

 62 87 86

 56 55 78

 56 78 79

 63 64 88

 63 88 87

 57 56 79

 57 79 80

 64 65 89

 64 89 88

 48 60 83

 48 83 73

 58 57 80

 58 80 81

 106 133 134

 106 134 107

 143 141 133

 143 133 106

 113 116 138

 113 138 114

 98 127 117

 98 117 97

 105 132 119

 105 119 104

 96 118 140

 96 140 142

 112 126 116

 112 116 113

 97 117 118

 97 118 96

 104 119 120

 104 120 103

 115 121 123

 115 123 122

 111 124 126

 111 126 112

 99 128 127

 99 127 98

 114 138 121

 114 121 115

 107 134 135

 107 135 108

 100 129 128

 100 128 99

 108 135 136

 108 136 109

 101 130 129

 101 129 100

 109 136 137

 109 137 110

 102 131 130

 102 130 101

 110 137 124

 110 124 111

 125 139 132

 125 132 105

 103 120 131

 103 131 102

 53 54 99

 53 99 98

 75 74 118

 75 118 117

 68 67 113

 68 113 114

 89 90 126

 89 126 124

 54 55 100

 54 100 99

 76 75 117

 76 117 127

 69 68 114

 69 114 115

 90 91 116

 90 116 126

 55 56 101

 55 101 100

 77 76 127

 77 127 128

 48 73 139

 48 139 125

 91 92 138

 91 138 116

 56 57 102

 56 102 101

 78 77 128

 78 128 129

 92 93 121

 92 121 138

 57 58 103

 57 103 102

 79 78 129

 79 129 130

 73 83 132

 73 132 139

 58 59 104

 58 104 103

 80 79 130

 80 130 131

 93 72 123

 93 123 121

 59 60 105

 59 105 104

 81 80 131

 81 131 120

 74 95 140

 74 140 118

 61 71 106

 61 106 107

 82 81 120

 82 120 119

 94 84 133

 94 133 141

 62 61 107

 62 107 108

 83 82 119

 83 119 132

 95 51 142

 95 142 140

 72 49 122

 72 122 123

 63 62 108

 63 108 109

 84 85 134

 84 134 133

 51 70 96

 51 96 142

 64 63 109

 64 109 110

 85 86 135

 85 135 134

 71 50 143

 71 143 106

 60 48 125

 60 125 105

 65 64 110

 65 110 111

 86 87 136

 86 136 135

 50 94 141

 50 141 143

 70 52 97

 70 97 96

 49 69 115

 49 115 122

 66 65 111

 66 111 112

 87 88 137

 87 137 136

 52 53 98

 52 98 97

 67 66 112

 67 112 113

 88 89 124

 88 124 137

 144 145 147

 144 147 146

 148 150 151

 148 151 149

 145 144 148

 145 148 149

 146 147 151

 146 151 150

 146 150 148

 146 148 144

 152 153 155

 152 155 154

 156 158 159

 156 159 157

 153 152 156

 153 156 157

 154 155 159

 154 159 158

 154 158 156

 154 156 152

 160 161 163

 160 163 162

 164 166 167

 164 167 165

 161 160 164

 161 164 165

 162 163 167

 162 167 166

 162 166 164

 162 164 160

 168 169 171

 168 171 170

 172 174 175

 172 175 173

 169 168 172

 169 172 173

 170 171 175

 170 175 174

 170 174 172

 170 172 168

 176 177 179

 176 179 178

 180 182 183

 180 183 181

 177 176 180

 177 180 181

 178 179 183

 178 183 182

 178 182 180

 178 180 176

 184 185 187

 184 187 186

 188 190 191

 188 191 189

 185 184 188

 185 188 189

 186 187 191

 186 191 190

 186 190 188

 186 188 184

 192 193 195

 192 195 194

 196 198 199

 196 199 197

 193 192 196

 193 196 197

 194 195 199

 194 199 198

 194 198 196

 194 196 192

 200 201 203

 200 203 202

 204 206 207

 204 207 205

 201 200 204

 201 204 205

 202 203 207

 202 207 206

 202 206 204

 202 204 200

 208 209 211

 208 211 210

 212 214 215

 212 215 213

 209 208 212

 209 212 213

 210 211 215

 210 215 214

 210 214 212

 210 212 208

 216 217 219

 216 219 218

 220 222 223

 220 223 221

 217 216 220

 217 220 221

 218 219 223

 218 223 222

 218 222 220

 218 220 216

 224 225 227

 224 227 226

 228 230 231

 228 231 229

 225 224 228

 225 228 229

 226 227 231

 226 231 230

 226 230 228

 226 228 224

 232 233 235

 232 235 234

 236 238 239

 236 239 237

 233 232 236

 233 236 237

 234 235 239

 234 239 238

 234 238 236

 234 236 232

 219 217 264

 219 264 265

 165 167 247

 165 247 246

 169 173 250

 169 250 248

 211 209 260

 211 260 261

 183 179 253

 183 253 255

 161 165 246

 161 246 244

 229 231 271

 229 271 270

 175 171 249

 175 249 251

 149 151 243

 149 243 242

 221 223 267

 221 267 266

 195 193 256

 195 256 257

 167 163 245

 167 245 247

 225 229 270

 225 270 268

 145 149 242

 145 242 240

 213 215 263

 213 263 262

 217 221 266

 217 266 264

 231 227 269

 231 269 271

 179 177 252

 179 252 253

 151 147 241

 151 241 243

 209 213 262

 209 262 260

 223 219 265

 223 265 267

 197 199 259

 197 259 258

 171 169 248

 171 248 249

 215 211 261

 215 261 263

 163 161 244

 163 244 245

 193 197 258

 193 258 256

 181 183 255

 181 255 254

 227 225 268

 227 268 269

 199 195 257

 199 257 259

 173 175 251

 173 251 250

 147 145 240

 147 240 241

 177 181 254

 177 254 252

 3 47 46

 3 46 2

vector2s:

 0.499805 0.082932

 0.499805 0.163091

 0.253768 0.163091

 0.253768 0.082932

 0.258938 0.008522

 0.492201 0.008522

 0.492201 0.241785

 0.258938 0.241785

 0.253860 0.003174

 0.497242 0.246557

 0.253860 0.246557

 0.497242 0.003174

 0.267298 0.105137

 0.320194 0.105137

 0.320194 0.158033

 0.267298 0.158033

 0.490644 0.007194

 0.490644 0.243238

 0.254600 0.243238

 0.254600 0.007194

uv:

 0 1 2

 0 2 3

 0 1 2

 0 2 3

 0 1 2

 0 2 3

 0 1 2

 0 2 3

 0 1 2

 0 2 3

 0 1 2

 0 2 3

 0 1 2

 0 2 3

 0 1 2

 0 2 3

 0 1 2

 0 2 3

 0 1 2

 0 2 3

 0 1 2

 0 2 3

 4 5 6

 4 6 7

 4 5 6

 4 6 7

 4 5 6

 4 6 7

 4 5 6

 4 6 7

 4 5 6

 4 6 7

 4 5 6

 4 6 7

 4 5 6

 4 6 7

 4 5 6

 4 6 7

 4 5 6

 4 6 7

 4 5 6

 4 6 7

 4 5 6

 4 6 7

 0 1 2

 0 2 3

 0 1 2

 0 2 3

 0 1 2

 0 2 3

 0 1 2

 0 2 3

 0 1 2

 0 2 3

 0 1 2

 0 2 3

 0 1 2

 0 2 3

 0 1 2

 0 2 3

 0 1 2

 0 2 3

 0 1 2

 0 2 3

 0 1 2

 0 2 3

 8 9 10

 8 9 10

 8 9 10

 8 9 10

 8 9 10

 8 9 10

 8 9 10

 8 9 10

 8 9 10

 8 9 10

 8 9 10

 8 11 9

 8 11 9

 8 11 9

 8 11 9

 8 11 9

 8 11 9

 8 11 9

 8 11 9

 8 11 9

 8 11 9

 8 11 9

 0 3 2

 0 2 1

 0 3 2

 0 2 1

 0 3 2

 0 2 1

 0 3 2

 0 2 1

 0 3 2

 0 2 1

 0 3 2

 0 2 1

 0 3 2

 0 2 1

 0 3 2

 0 2 1

 0 3 2

 0 2 1

 0 3 2

 0 2 1

 0 3 2

 0 2 1

 0 3 2

 0 2 1

 0 3 2

 0 2 1

 0 3 2

 0 2 1

 0 3 2

 0 2 1

 0 3 2

 0 2 1

 0 3 2

 0 2 1

 0 3 2

 0 2 1

 0 3 2

 0 2 1

 0 3 2

 0 2 1

 0 3 2

 0 2 1

 0 3 2

 0 2 1

 0 1 2

 0 2 3

 0 1 2

 0 2 3

 0 1 2

 0 2 3

 0 1 2

 0 2 3

 0 1 2

 0 2 3

 0 1 2

 0 2 3

 0 1 2

 0 2 3

 0 1 2

 0 2 3

 0 1 2

 0 2 3

 0 1 2

 0 2 3

 0 1 2

 0 2 3

 0 1 2

 0 2 3

 0 1 2

 0 2 3

 0 1 2

 0 2 3

 0 1 2

 0 2 3

 0 1 2

 0 2 3

 0 1 2

 0 2 3

 0 1 2

 0 2 3

 0 1 2

 0 2 3

 0 1 2

 0 2 3

 0 1 2

 0 2 3

 0 1 2

 0 2 3

 3 0 0

 3 0 3

 1 2 2

 1 2 1

 3 0 0

 3 0 3

 1 2 2

 1 2 1

 3 0 0

 3 0 3

 1 2 2

 1 2 1

 3 0 0

 3 0 3

 1 2 2

 1 2 1

 3 0 0

 3 0 3

 1 2 2

 1 2 1

 0 1 1

 0 1 0

 1 2 2

 1 2 1

 3 0 0

 3 0 3

 1 2 2

 1 2 1

 1 2 2

 1 2 1

 3 0 0

 3 0 3

 1 2 2

 1 2 1

 1 2 2

 1 2 1

 3 0 0

 3 0 3

 1 2 2

 1 2 1

 1 2 2

 1 2 1

 3 0 0

 3 0 3

 1 2 2

 1 2 1

 1 2 2

 1 2 1

 3 0 0

 3 0 3

 1 2 2

 1 2 1

 1 2 2

 1 2 1

 3 0 0

 3 0 3

 1 2 2

 1 2 1

 2 3 3

 2 3 2

 2 3 3

 2 3 2

 3 0 0

 3 0 3

 1 2 2

 1 2 1

 3 0 0

 3 0 3

 3 0 0

 3 0 3

 1 2 2

 1 2 1

 3 0 0

 3 0 3

 3 0 0

 3 0 3

 3 0 0

 3 0 3

 1 2 2

 1 2 1

 0 1 1

 0 1 0

 3 0 0

 3 0 3

 3 0 0

 3 0 3

 3 0 0

 3 0 3

 1 2 2

 1 2 1

 3 0 0

 3 0 3

 3 0 0

 3 0 3

 1 2 2

 1 2 1

 0 3 2

 0 2 1

 0 1 2

 0 2 3

 3 0 0

 3 0 3

 1 2 2

 1 2 1

 12 13 14

 12 14 15

 0 3 2

 0 2 1

 0 1 2

 0 2 3

 3 0 0

 3 0 3

 1 2 2

 1 2 1

 12 13 14

 12 14 15

 0 3 2

 0 2 1

 0 1 2

 0 2 3

 3 0 0

 3 0 3

 1 2 2

 1 2 1

 12 13 14

 12 14 15

 0 3 2

 0 2 1

 0 1 2

 0 2 3

 3 0 0

 3 0 3

 1 2 2

 1 2 1

 12 13 14

 12 14 15

 0 3 2

 0 2 1

 0 1 2

 0 2 3

 3 0 0

 3 0 3

 1 2 2

 1 2 1

 12 13 14

 12 14 15

 0 3 2

 0 2 1

 0 1 2

 0 2 3

 3 0 0

 3 0 3

 1 2 2

 1 2 1

 12 13 14

 12 14 15

 0 3 2

 0 2 1

 0 1 2

 0 2 3

 3 0 0

 3 0 3

 1 2 2

 1 2 1

 12 13 14

 12 14 15

 0 3 2

 0 2 1

 0 1 2

 0 2 3

 3 0 0

 3 0 3

 1 2 2

 1 2 1

 12 13 14

 12 14 15

 0 3 2

 0 2 1

 0 1 2

 0 2 3

 3 0 0

 3 0 3

 1 2 2

 1 2 1

 12 13 14

 12 14 15

 0 3 2

 0 2 1

 0 1 2

 0 2 3

 3 0 0

 3 0 3

 1 2 2

 1 2 1

 12 13 14

 12 14 15

 0 3 2

 0 2 1

 0 1 2

 0 2 3

 3 0 0

 3 0 3

 1 2 2

 1 2 1

 12 13 14

 12 14 15

 0 3 2

 0 2 1

 0 1 2

 0 2 3

 3 0 0

 3 0 3

 1 2 2

 1 2 1

 12 13 14

 12 14 15

 16 17 18

 16 18 19

 16 17 18

 16 18 19

 16 17 18

 16 18 19

 16 17 18

 16 18 19

 16 17 18

 16 18 19

 16 17 18

 16 18 19

 16 17 18

 16 18 19

 16 17 18

 16 18 19

 16 17 18

 16 18 19

 16 17 18

 16 18 19

 16 17 18

 16 18 19

 16 17 18

 16 18 19

 16 17 18

 16 18 19

 16 17 18

 16 18 19

 16 17 18

 16 18 19

 16 17 18

 16 18 19

 16 17 18

 16 18 19

 16 17 18

 16 18 19

 16 17 18

 16 18 19

 16 17 18

 16 18 19

 16 17 18

 16 18 19

 16 17 18

 16 18 19

 16 17 18

 16 18 19

 16 17 18

 16 18 19

 16 17 18

 16 18 19

 16 17 18

 16 18 19

 16 17 18

 16 18 19

 16 17 18

 16 18 19

 16 17 18

 16 18 19

 16 17 18

 16 18 19

 16 17 18

 16 18 19

 16 17 18

 16 18 19

 3 2 7

 3 7 0

palette:

 131 196 196 255

 130 156 156 255

 130 149 149 255

 131 194 194 255

 131 168 168 255

 131 206 206 255

 131 192 192 255

 130 157 157 255

 130 152 152 255

 130 139 139 255

 131 170 170 255

 131 163 163 255

 131 200 200 255

 131 166 166 255

 131 186 186 255

 131 202 202 255

 131 177 177 255

 131 173 173 255

 131 181 181 255

 131 242 242 255

 130 154 154 255

 130 144 144 255

 131 255 255 255

 130 151 151 255

 131 161 161 255

 131 226 226 255

 130 147 147 255

 130 142 142 255

 130 146 146 255

 130 130 130 255

 130 159 159 255

 131 222 222 255

 131 233 233 255

 131 235 235 255

 131 250 250 255

 131 248 248 255

color:

 0 1 2

 0 2 3

 4 5 1

 4 1 0

 6 7 8

 6 8 6

 6 2 9

 6 9 6

 3 10 11

 3 11 12

 13 14 4

 13 4 15

 6 7 7

 6 7 6

 6 9 14

 6 14 13

 12 11 7

 12 7 6

 16 17 16

 16 16 6

 6 7 7

 6 7 6

 14 9 2

 14 2 1

 9 2 1

 9 1 2

 2 7 7

 2 7 1

 7 7 7

 7 7 7

 7 7 7

 7 7 7

 7 7 7

 7 7 7

 7 7 7

 7 7 7

 7 11 8

 7 8 7

 11 10 17

 11 17 8

 10 15 16

 10 16 17

 4 14 1

 4 1 5

 6 7 2

 6 2 6

 6 8 17

 6 17 16

 3 2 1

 3 1 6

 6 7 7

 6 7 6

 6 1 7

 6 7 6

 6 7 7

 6 7 6

 6 7 7

 6 7 6

 6 7 7

 6 7 6

 6 7 7

 6 7 6

 18 15 10

 18 10 3

 6 7 7

 6 7 6

 4 13 15

 0 6 13

 3 6 6

 6 6 6

 6 6 6

 6 6 6

 6 6 6

 6 6 6

 6 12 6

 6 3 12

 16 18 3

 4 0 13

 0 3 6

 3 6 6

 6 6 6

 6 6 6

 6 6 6

 6 6 6

 6 6 6

 6 6 12

 6 16 3

 16 6 18

 19 20 21

 19 21 13

 22 19 13

 22 13 22

 2 23 24

 2 24 2

 7 8 11

 7 11 20

 25 26 9

 25 9 16

 22 22 22

 22 22 8

 2 2 2

 2 2 2

 8 22 8

 8 8 11

 26 2 2

 26 2 9

 22 22 22

 22 22 4

 2 2 2

 2 2 2

 2 7 20

 2 20 2

 23 22 4

 23 4 24

 20 23 2

 20 2 21

 2 2 2

 2 2 2

 23 2 2

 23 2 2

 2 2 2

 2 2 2

 2 2 2

 2 2 2

 2 2 2

 2 2 2

 2 2 2

 2 2 2

 22 25 16

 22 16 22

 2 2 2

 2 2 2

 22 2 23

 22 23 26

 22 22 2

 22 2 22

 2 2 27

 2 27 28

 21 27 29

 21 29 23

 22 10 30

 22 30 20

 31 10 22

 31 22 22

 2 2 2

 2 2 2

 23 29 10

 23 10 31

 20 30 2

 20 2 2

 25 16 22

 25 22 22

 2 2 2

 2 2 2

 2 2 27

 2 27 21

 28 27 16

 28 16 25

 26 23 26

 26 26 2

 2 2 2

 2 2 2

 2 26 2

 2 2 2

 2 2 2

 2 2 2

 2 2 2

 2 2 2

 2 2 2

 2 2 2

 2 2 2

 2 2 2

 22 22 10

 22 10 22

 2 2 2

 2 2 2

 7 2 2

 7 2 21

 11 8 10

 11 10 29

 23 2 2

 23 2 28

 2 2 2

 2 2 2

 2 2 2

 2 2 2

 20 11 29

 20 29 27

 22 23 28

 22 28 25

 2 2 2

 2 2 2

 2 2 2

 2 2 2

 2 20 27

 2 27 2

 22 22 22

 22 22 22

 2 24 27

 2 27 2

 2 2 2

 2 2 2

 2 2 2

 2 2 2

 24 4 16

 24 16 27

 2 2 2

 2 2 2

 2 2 2

 2 2 2

 22 16 10

 22 10 22

 2 26 20

 2 20 2

 2 2 2

 2 2 2

 4 22 22

 4 22 16

 26 25 22

 26 22 20

 2 2 2

 2 2 2

 8 22 22

 8 22 10

 20 19 22

 20 22 26

 9 2 2

 9 2 30

 22 13 2

 22 2 22

 23 20 26

 23 26 2

 16 9 30

 16 30 10

 22 22 22

 22 22 22

 22 22 22

 22 22 22

 2 23 2

 2 2 2

 13 21 23

 13 23 2

 22 22 31

 22 31 22

 2 2 2

 2 2 2

 21 2 26

 21 26 23

 19 22 22

 19 22 22

 25 22 22

 25 22 22

 2 2 2

 2 2 2

 2 2 2

 2 2 26

 22 22 22

 22 22 22

 22 8 23

 22 23 31

 22 22 25

 22 25 22

 2 2 2

 2 2 2

 2 2 2

 2 2 2

 8 7 21

 8 21 23

 2 2 2

 2 2 2

 2 2 2

 2 2 2

 22 32 33

 22 33 22

 22 22 34

 22 34 35

 32 22 22

 32 22 35

 22 33 34

 22 34 22

 22 22 22

 22 22 22

 22 22 22

 22 22 22

 22 22 22

 22 22 22

 22 22 22

 22 22 22

 22 22 22

 22 22 22

 22 22 22

 22 22 22

 22 32 33

 22 33 22

 22 22 34

 22 34 35

 32 22 22

 32 22 35

 22 33 34

 22 34 22

 22 22 22

 22 22 22

 22 32 33

 22 33 22

 22 22 34

 22 34 35

 32 22 22

 32 22 35

 22 33 34

 22 34 22

 22 22 22

 22 22 22

 22 32 33

 22 33 22

 22 22 34

 22 34 35

 32 22 22

 32 22 35

 22 33 34

 22 34 22

 22 22 22

 22 22 22

 22 22 22

 22 22 22

 22 22 22

 22 22 22

 22 22 22

 22 22 22

 22 22 22

 22 22 22

 22 22 22

 22 22 22

 22 32 33

 22 33 22

 22 22 34

 22 34 35

 32 22 22

 32 22 35

 22 33 34

 22 34 22

 22 22 22

 22 22 22

 22 22 22

 22 22 22

 22 22 22

 22 22 22

 22 22 22

 22 22 22

 22 22 22

 22 22 22

 22 22 22

 22 22 22

 22 32 33

 22 33 22

 22 22 34

 22 34 35

 32 22 22

 32 22 35

 22 33 34

 22 34 22

 22 22 22

 22 22 22

 22 32 33

 22 33 22

 22 22 34

 22 34 35

 32 22 22

 32 22 35

 22 33 34

 22 34 22

 22 22 22

 22 22 22

 22 32 33

 22 33 22

 22 22 34

 22 34 35

 32 22 22

 32 22 35

 22 33 34

 22 34 22

 22 22 22

 22 22 22

 22 22 22

 22 22 22

 22 22 22

 22 22 22

 22 22 22

 22 22 22

 22 22 22

 22 22 22

 22 22 22

 22 22 22

 33 32 22

 33 22 22

 35 34 22

 35 22 22

 32 35 22

 32 22 22

 33 32 22

 33 22 22

 34 33 22

 34 22 22

 32 35 22

 32 22 22

 35 34 22

 35 22 22

 34 33 22

 34 22 22

 35 34 22

 35 22 22

 35 34 22

 35 22 22

 33 32 22

 33 22 22

 34 33 22

 34 22 22

 32 35 22

 32 22 22

 32 35 22

 32 22 22

 35 34 22

 35 22 22

 32 35 22

 32 22 22

 34 33 22

 34 22 22

 33 32 22

 33 22 22

 34 33 22

 34 22 22

 32 35 22

 32 22 22

 34 33 22

 34 22 22

 35 34 22

 35 22 22

 33 32 22

 33 22 22

 34 33 22

 34 22 22

 33 32 22

 33 22 22

 32 35 22

 32 22 22

 35 34 22

 35 22 22

 33 32 22

 33 22 22

 34 33 22

 34 22 22

 35 34 22

 35 22 22

 33 32 22

 33 22 22

 32 35 22

 32 22 22

 15 4 5

 15 5 4

