vectors:

 -0.447455 -0.375814 -0.314162

 -0.447455 0.000002 0.056981

 -0.447455 0.375818 -0.314162

 -0.469247 -0.199291 -0.273392

 -0.497608 -0.149067 -0.176906

 -0.467209 -0.058171 -0.117063

 -0.457237 0.030706 -0.107662

 -0.379543 -0.002168 -0.119702

 -0.425352 0.164264 -0.192077

 -0.437451 0.199561 -0.273343

 -0.362952 -0.105844 -0.156971

 -0.362552 0.098148 -0.153688

 -0.388992 -0.179725 -0.237496

 -0.281708 0.091852 -0.238307

 -0.304847 -0.117481 -0.224104

 -0.276329 0.004313 -0.198775

 -0.247192 -0.002964 -0.266649

 -0.346897 0.170259 -0.257227

 -0.252739 -0.058951 -0.308656

 -0.153897 0.000002 -0.314162

 -0.247317 0.043287 -0.316445

 -0.254744 -0.003727 -0.385902

 -0.287226 0.130143 -0.340168

 -0.402951 0.198437 -0.318696

 -0.404648 -0.198068 -0.310094

 -0.284710 -0.125209 -0.342107

 -0.355496 -0.183917 -0.336480

 -0.307964 -0.074169 -0.446283

 -0.356704 0.175225 -0.375419

 -0.322330 0.069296 -0.466466

 -0.391110 -0.014304 -0.513584

 -0.391877 -0.144788 -0.450234

 -0.447455 0.000002 -0.685304

 -0.417059 0.152968 -0.447154

 -0.437377 -0.199736 -0.355734

 -0.454087 -0.073523 -0.504911

 -0.449422 0.059538 -0.512076

 -0.512357 -0.164713 -0.423227

 -0.525501 -0.017910 -0.505523

 -0.605013 -0.005087 -0.444930

 -0.529250 0.140874 -0.444696

 -0.489231 -0.200181 -0.328761

 -0.607205 -0.098144 -0.400420

 -0.646781 -0.003320 -0.362570

 -0.610623 0.080883 -0.411179

 -0.466220 0.199604 -0.355859

 -0.566495 -0.159862 -0.365482

 -0.741014 0.000002 -0.314161

 -0.636064 -0.077700 -0.307096

 -0.646892 0.046449 -0.311169

 -0.605425 0.130670 -0.328720

 -0.537392 0.182971 -0.324026

 -0.590445 -0.134510 -0.246796

 -0.644908 0.014494 -0.249680

 -0.590668 -0.040359 -0.172204

 -0.561326 0.152485 -0.234814

 -0.558942 0.040595 -0.145332

 -0.503154 0.112454 -0.149326

 -0.479845 0.199697 -0.285400

 -0.490636 -0.182512 -0.233491

tris:

 5 7 1

 59 3 12

 6 11 57

 12 14 10

 11 17 8

 8 17 9

 9 17 23

 3 0 24

 2 9 23

 12 24 26

 15 13 11

 15 14 16

 26 25 14

 16 18 19

 18 21 19

 18 25 21

 21 29 22

 21 27 29

 24 0 34

 26 31 25

 31 30 27

 28 33 45

 2 23 45

 34 31 26

 29 33 28

 30 36 29

 29 36 33

 31 35 30

 30 35 32

 31 34 37

 33 36 40

 35 38 32

 34 0 41

 34 41 37

 38 42 39

 37 46 42

 37 42 38

 40 51 45

 44 50 40

 40 50 51

 39 42 43

 41 0 3

 2 45 58

 43 49 44

 42 46 48

 51 58 45

 43 48 47

 51 50 55

 48 53 47

 46 41 52

 22 13 16

 22 16 20

 51 55 58

 53 52 54

 3 59 41

 54 56 53

 55 57 8

 4 5 54

 56 5 6

 2 58 9

 8 9 58

 6 5 1

 4 59 12

 57 11 8

 5 4 10

 6 1 7

 6 7 11

 4 12 10

 7 5 10

 7 15 11

 7 10 15

 3 24 12

 15 10 14

 11 13 17

 12 26 14

 16 14 18

 15 16 13

 13 22 17

 14 25 18

 17 22 28

 23 17 28

 16 19 20

 44 40 38

 44 38 39

 20 19 21

 20 21 22

 22 29 28

 21 25 27

 27 25 31

 24 34 26

 23 28 45

 29 27 30

 30 32 36

 31 37 35

 33 40 45

 36 32 38

 36 38 40

 35 37 38

 53 55 50

 53 50 49

 39 43 44

 46 37 41

 43 47 49

 50 44 49

 43 42 48

 48 46 52

 49 47 53

 56 57 55

 56 55 53

 53 48 52

 41 59 52

 52 59 4

 52 4 54

 55 8 58

 56 54 5

 56 6 57

vector2s:

 0.763460 0.590311

 0.701758 0.503149

 0.750000 0.500000

 0.827456 0.850001

 0.831392 0.937500

 0.653631 0.841150

 0.757659 0.454768

 0.673118 0.342942

 0.799951 0.326292

 0.585334 0.693246

 0.670858 0.670094

 0.579585 0.190897

 0.721534 0.213401

 0.718826 0.063972

 0.481938 0.062500

 0.640625 1.000000

 0.515065 0.937500

 0.640625 0.000000

 0.465472 0.842403

 0.595982 0.484333

 0.569408 0.352373

 0.533156 0.505456

 0.473505 0.702419

 0.508034 0.589746

 0.500000 0.500000

 0.448909 0.503140

 0.359470 0.392014

 0.473656 0.288376

 0.379484 0.611297

 0.390625 1.000000

 0.295702 0.935701

 0.311158 0.739626

 0.287325 0.523366

 0.402749 0.174861

 0.286054 0.232247

 0.176583 0.066259

 0.328125 0.000000

 0.247709 0.414614

 0.241185 0.615281

 0.250000 0.500000

 0.176422 0.788233

 0.159550 0.265114

 0.187971 0.527279

 0.203125 1.000000

 0.087668 0.922016

 0.078326 0.655822

 0.111513 0.509493

 0.062999 0.780934

 0.029976 0.144943

 0.086815 0.377501

 0.023306 0.281661

 0.040023 0.499637

 0.015625 1.000000

 0.000000 0.937500

 0.015625 0.000000

 0.000000 0.062500

 0.000000 0.432316

 0.000000 0.622171

 0.000000 0.500000

 0.978239 0.144943

 0.984338 0.281661

 0.904024 0.232244

 0.990034 0.622171

 0.947142 0.478406

 1.000000 0.500000

 1.000000 0.780174

 0.965669 0.875000

 0.930515 0.723919

 0.498352 0.437500

 0.901338 0.068502

 0.874808 0.562536

 0.844422 0.438664

 0.799312 0.736275

 0.796875 0.000000

 0.997425 0.432316

uv:

 0 1 2

 3 4 5

 6 7 8

 5 9 10

 7 11 12

 12 11 13

 13 11 14

 4 15 16

 17 13 14

 5 16 18

 19 20 7

 19 9 21

 18 22 9

 21 23 24

 23 25 24

 23 22 25

 25 26 27

 25 28 26

 16 29 30

 18 31 22

 31 32 28

 33 34 35

 36 14 35

 30 31 18

 26 34 33

 32 37 26

 26 37 34

 31 38 32

 32 38 39

 31 30 40

 34 37 41

 38 42 39

 30 43 44

 30 44 40

 42 45 46

 40 47 45

 40 45 42

 41 48 35

 49 50 41

 41 50 48

 46 45 51

 44 52 53

 54 35 55

 51 56 49

 45 47 57

 48 55 35

 51 57 58

 59 60 61

 62 63 64

 65 66 67

 27 20 21

 27 21 68

 59 61 69

 63 67 70

 4 3 66

 70 71 63

 61 8 12

 72 0 70

 71 0 6

 73 69 13

 12 13 69

 6 0 2

 72 3 5

 8 7 12

 0 72 10

 6 2 1

 6 1 7

 72 5 10

 1 0 10

 1 19 7

 1 10 19

 4 16 5

 19 10 9

 7 20 11

 5 18 9

 21 9 23

 19 21 20

 20 27 11

 9 22 23

 11 27 33

 14 11 33

 21 24 68

 49 41 42

 49 42 46

 68 24 25

 68 25 27

 27 26 33

 25 22 28

 28 22 31

 16 30 18

 14 33 35

 26 28 32

 32 39 37

 31 40 38

 34 41 35

 37 39 42

 37 42 41

 38 40 42

 63 61 60

 63 60 74

 46 51 49

 47 40 44

 51 58 56

 50 49 56

 51 45 57

 62 65 67

 74 64 63

 71 8 61

 71 61 63

 63 62 67

 66 3 67

 67 3 72

 67 72 70

 61 12 69

 71 70 0

 71 6 8

palette:

 255 255 255 255

color:

 0 0 0

 0 0 0

 0 0 0

 0 0 0

 0 0 0

 0 0 0

 0 0 0

 0 0 0

 0 0 0

 0 0 0

 0 0 0

 0 0 0

 0 0 0

 0 0 0

 0 0 0

 0 0 0

 0 0 0

 0 0 0

 0 0 0

 0 0 0

 0 0 0

 0 0 0

 0 0 0

 0 0 0

 0 0 0

 0 0 0

 0 0 0

 0 0 0

 0 0 0

 0 0 0

 0 0 0

 0 0 0

 0 0 0

 0 0 0

 0 0 0

 0 0 0

 0 0 0

 0 0 0

 0 0 0

 0 0 0

 0 0 0

 0 0 0

 0 0 0

 0 0 0

 0 0 0

 0 0 0

 0 0 0

 0 0 0

 0 0 0

 0 0 0

 0 0 0

 0 0 0

 0 0 0

 0 0 0

 0 0 0

 0 0 0

 0 0 0

 0 0 0

 0 0 0

 0 0 0

 0 0 0

 0 0 0

 0 0 0

 0 0 0

 0 0 0

 0 0 0

 0 0 0

 0 0 0

 0 0 0

 0 0 0

 0 0 0

 0 0 0

 0 0 0

 0 0 0

 0 0 0

 0 0 0

 0 0 0

 0 0 0

 0 0 0

 0 0 0

 0 0 0

 0 0 0

 0 0 0

 0 0 0

 0 0 0

 0 0 0

 0 0 0

 0 0 0

 0 0 0

 0 0 0

 0 0 0

 0 0 0

 0 0 0

 0 0 0

 0 0 0

 0 0 0

 0 0 0

 0 0 0

 0 0 0

 0 0 0

 0 0 0

 0 0 0

 0 0 0

 0 0 0

 0 0 0

 0 0 0

 0 0 0

 0 0 0

 0 0 0

 0 0 0

 0 0 0

 0 0 0

 0 0 0

 0 0 0

 0 0 0

 0 0 0

