vectors:

 8.181749 -3.455536 -5.261847

 9.411393 -3.455536 -6.428736

 8.181749 1.504937 -5.261847

 8.181749 -1.963652 -5.261847

 9.411393 1.504937 -6.428736

 9.411393 -1.963652 -6.428736

 9.455768 1.504937 -8.123338

 9.455768 -1.963652 -8.123338

 8.288882 1.504937 -9.352982

 8.288882 -1.963652 -9.352982

 6.594276 1.504937 -9.397356

 6.594276 -1.963652 -9.397356

 5.364633 1.504937 -8.230468

 5.364633 -1.963652 -8.230468

 5.320259 1.504937 -6.535865

 5.320259 -1.963652 -6.535865

 6.487146 1.504937 -5.306222

 6.487146 -1.963652 -5.306222

 9.455768 -3.455536 -8.123338

 8.288882 -3.455536 -9.352982

 6.594276 -3.455536 -9.397356

 5.364633 -3.455536 -8.230468

 5.320259 -3.455536 -6.535865

 6.487146 -3.455536 -5.306222

 7.952245 -3.455536 -5.859727

 6.747628 -3.455536 -5.891272

 5.918142 -3.455536 -6.765368

 5.949686 -3.455536 -7.969984

 6.823783 -3.455536 -8.799472

 8.028399 -3.455536 -8.767926

 8.857885 -3.455536 -7.893829

 8.826343 -3.455536 -6.689215

 7.952245 -2.729033 -5.859727

 6.747628 -2.729033 -5.891272

 5.918142 -2.729033 -6.765368

 5.949686 -2.729033 -7.969984

 6.823783 -2.729033 -8.799472

 8.028399 -2.729033 -8.767926

 8.857885 -2.729033 -7.893829

 8.826343 -2.729033 -6.689215

 8.181749 -5.294193 -5.261847

 6.487146 -5.294193 -5.306222

 5.320259 -5.294193 -6.535865

 5.364633 -5.294193 -8.230468

 6.594276 -5.294193 -9.397356

 8.288882 -5.294193 -9.352982

 9.455768 -5.294193 -8.123338

 9.411393 -5.294193 -6.428736

 7.952245 -5.294193 -5.859727

 6.747628 -5.294193 -5.891272

 5.918142 -5.294193 -6.765368

 5.949686 -5.294193 -7.969984

 6.823783 -5.294193 -8.799472

 8.028399 -5.294193 -8.767926

 8.857885 -5.294193 -7.893829

 8.826343 -5.294193 -6.689215

 2.062278 1.502869 -8.128765

 2.058922 1.502869 -6.590432

 2.062278 1.502869 -9.530089

 2.058922 1.502869 -5.189070

 -1.268543 -1.956072 5.185012

 1.268636 -1.956072 5.185012

 1.270704 -1.956072 0.843993

 -1.270610 -1.956072 0.843993

 3.805815 -1.956072 5.185012

 -3.805721 -1.956072 5.185012

 3.812018 -1.956072 0.843993

 -3.811924 -1.956072 0.843993

 6.590273 1.502869 -4.967405

 8.128606 1.502869 -4.967410

 2.062278 -1.917518 -9.530089

 2.058922 -1.917518 -5.189070

 0.000000 -1.917518 -5.189070

 0.000000 -1.917518 -9.530089

 2.062278 -1.917518 -8.128765

 2.058922 -1.917518 -6.590432

 0.000000 -1.917518 -6.590432

 0.000000 1.502869 -9.530089

 0.000000 1.502869 -5.189070

 0.000000 -1.917518 -8.128765

 6.590273 1.502869 0.180767

 8.128606 1.502869 0.180768

 8.128606 -1.972933 -4.967410

 6.590273 -1.972933 -4.967405

 6.590273 -1.972933 0.180767

 8.128606 -1.972933 0.180768

 4.706532 1.502869 -6.590432

 4.709674 1.502869 -8.128765

 4.709674 -1.917518 -8.128765

 4.706532 -1.917518 -6.590432

 -8.181749 -3.455536 -5.261847

 -9.411393 -3.455536 -6.428736

 -8.181749 1.504937 -5.261847

 -8.181749 -1.963652 -5.261847

 -9.411393 1.504937 -6.428736

 -9.411393 -1.963652 -6.428736

 -9.455768 1.504937 -8.123338

 -9.455768 -1.963652 -8.123338

 -8.288882 1.504937 -9.352982

 -8.288882 -1.963652 -9.352982

 -6.594276 1.504937 -9.397356

 -6.594276 -1.963652 -9.397356

 -5.364633 1.504937 -8.230468

 -5.364633 -1.963652 -8.230468

 -5.320259 1.504937 -6.535865

 -5.320259 -1.963652 -6.535865

 -6.487146 1.504937 -5.306222

 -6.487146 -1.963652 -5.306222

 -9.455768 -3.455536 -8.123338

 -8.288882 -3.455536 -9.352982

 -6.594276 -3.455536 -9.397356

 -5.364633 -3.455536 -8.230468

 -5.320259 -3.455536 -6.535865

 -6.487146 -3.455536 -5.306222

 -7.952245 -3.455536 -5.859727

 -6.747628 -3.455536 -5.891272

 -5.918142 -3.455536 -6.765368

 -5.949686 -3.455536 -7.969984

 -6.823783 -3.455536 -8.799472

 -8.028399 -3.455536 -8.767926

 -8.857885 -3.455536 -7.893829

 -8.826343 -3.455536 -6.689215

 -7.952245 -2.729033 -5.859727

 -6.747628 -2.729033 -5.891272

 -5.918142 -2.729033 -6.765368

 -5.949686 -2.729033 -7.969984

 -6.823783 -2.729033 -8.799472

 -8.028399 -2.729033 -8.767926

 -8.857885 -2.729033 -7.893829

 -8.826343 -2.729033 -6.689215

 -8.181749 -5.294193 -5.261847

 -6.487146 -5.294193 -5.306222

 -5.320259 -5.294193 -6.535865

 -5.364633 -5.294193 -8.230468

 -6.594276 -5.294193 -9.397356

 -8.288882 -5.294193 -9.352982

 -9.455768 -5.294193 -8.123338

 -9.411393 -5.294193 -6.428736

 -7.952245 -5.294193 -5.859727

 -6.747628 -5.294193 -5.891272

 -5.918142 -5.294193 -6.765368

 -5.949686 -5.294193 -7.969984

 -6.823783 -5.294193 -8.799472

 -8.028399 -5.294193 -8.767926

 -8.857885 -5.294193 -7.893829

 -8.826343 -5.294193 -6.689215

 -2.062278 1.502869 -8.128765

 -2.058922 1.502869 -6.590432

 -2.062278 1.502869 -9.530089

 -2.058922 1.502869 -5.189070

 -3.811924 1.490828 0.843993

 3.812018 1.490828 0.843993

 -3.805721 1.490828 5.185012

 3.805815 1.490828 5.185012

 -1.270610 1.490828 0.843993

 1.270704 1.490828 0.843993

 1.268636 1.490828 5.185012

 -1.268543 1.490828 5.185012

 -6.590273 1.502869 -4.967405

 -8.128606 1.502869 -4.967410

 -2.062278 -1.917518 -9.530089

 -2.058922 -1.917518 -5.189070

 -2.062278 -1.917518 -8.128765

 -2.058922 -1.917518 -6.590432

 -6.590273 1.502869 0.180767

 -8.128606 1.502869 0.180768

 -8.128606 -1.972933 -4.967410

 -6.590273 -1.972933 -4.967405

 -6.590273 -1.972933 0.180767

 -8.128606 -1.972933 0.180768

 -4.706532 1.502869 -6.590432

 -4.709674 1.502869 -8.128765

 -4.709674 -1.917518 -8.128765

 -4.706532 -1.917518 -6.590432

 8.181749 -3.455536 5.261847

 9.411393 -3.455536 6.428736

 8.181749 1.504937 5.261847

 8.181749 -1.963652 5.261847

 9.411393 1.504937 6.428736

 9.411393 -1.963652 6.428736

 9.455768 1.504937 8.123338

 9.455768 -1.963652 8.123338

 8.288882 1.504937 9.352982

 8.288882 -1.963652 9.352982

 6.594276 1.504937 9.397356

 6.594276 -1.963652 9.397356

 5.364633 1.504937 8.230468

 5.364633 -1.963652 8.230468

 5.320259 1.504937 6.535865

 5.320259 -1.963652 6.535865

 6.487146 1.504937 5.306222

 6.487146 -1.963652 5.306222

 9.455768 -3.455536 8.123338

 8.288882 -3.455536 9.352982

 6.594276 -3.455536 9.397356

 5.364633 -3.455536 8.230468

 5.320259 -3.455536 6.535865

 6.487146 -3.455536 5.306222

 7.952245 -3.455536 5.859727

 6.747628 -3.455536 5.891272

 5.918142 -3.455536 6.765368

 5.949686 -3.455536 7.969984

 6.823783 -3.455536 8.799472

 8.028399 -3.455536 8.767926

 8.857885 -3.455536 7.893829

 8.826343 -3.455536 6.689215

 7.952245 -2.729033 5.859727

 6.747628 -2.729033 5.891272

 5.918142 -2.729033 6.765368

 5.949686 -2.729033 7.969984

 6.823783 -2.729033 8.799472

 8.028399 -2.729033 8.767926

 8.857885 -2.729033 7.893829

 8.826343 -2.729033 6.689215

 8.181749 -5.294193 5.261847

 6.487146 -5.294193 5.306222

 5.320259 -5.294193 6.535865

 5.364633 -5.294193 8.230468

 6.594276 -5.294193 9.397356

 8.288882 -5.294193 9.352982

 9.455768 -5.294193 8.123338

 9.411393 -5.294193 6.428736

 7.952245 -5.294193 5.859727

 6.747628 -5.294193 5.891272

 5.918142 -5.294193 6.765368

 5.949686 -5.294193 7.969984

 6.823783 -5.294193 8.799472

 8.028399 -5.294193 8.767926

 8.857885 -5.294193 7.893829

 8.826343 -5.294193 6.689215

 2.058922 1.502869 6.590432

 -0.032007 1.502869 8.128765

 2.058922 1.502869 5.189070

 6.590273 1.502869 4.967405

 8.128606 1.502869 4.967410

 2.058922 -1.917518 5.189070

 0.000000 -1.917518 5.189070

 2.278422 -1.917518 8.128765

 2.058922 -1.917518 6.590432

 0.000000 -1.917518 6.590432

 2.278422 1.502869 8.128765

 0.000000 -1.917518 8.128765

 6.590273 1.502869 -0.180767

 8.128606 1.502869 -0.180768

 8.128606 -1.972933 4.967410

 6.590273 -1.972933 4.967405

 6.590273 -1.972933 -0.180767

 8.128606 -1.972933 -0.180768

 4.706532 1.502869 6.590432

 4.709674 1.502869 8.128765

 4.709674 -1.917518 8.128765

 4.706532 -1.917518 6.590432

 -8.181749 -3.455536 5.261847

 -9.411393 -3.455536 6.428736

 -8.181749 1.504937 5.261847

 -8.181749 -1.963652 5.261847

 -9.411393 1.504937 6.428736

 -9.411393 -1.963652 6.428736

 -9.455768 1.504937 8.123338

 -9.455768 -1.963652 8.123338

 -8.288882 1.504937 9.352982

 -8.288882 -1.963652 9.352982

 -6.594276 1.504937 9.397356

 -6.594276 -1.963652 9.397356

 -5.364633 1.504937 8.230468

 -5.364633 -1.963652 8.230468

 -5.320259 1.504937 6.535865

 -5.320259 -1.963652 6.535865

 -6.487146 1.504937 5.306222

 -6.487146 -1.963652 5.306222

 -9.455768 -3.455536 8.123338

 -8.288882 -3.455536 9.352982

 -6.594276 -3.455536 9.397356

 -5.364633 -3.455536 8.230468

 -5.320259 -3.455536 6.535865

 -6.487146 -3.455536 5.306222

 -7.952245 -3.455536 5.859727

 -6.747628 -3.455536 5.891272

 -5.918142 -3.455536 6.765368

 -5.949686 -3.455536 7.969984

 -6.823783 -3.455536 8.799472

 -8.028399 -3.455536 8.767926

 -8.857885 -3.455536 7.893829

 -8.826343 -3.455536 6.689215

 -7.952245 -2.729033 5.859727

 -6.747628 -2.729033 5.891272

 -5.918142 -2.729033 6.765368

 -5.949686 -2.729033 7.969984

 -6.823783 -2.729033 8.799472

 -8.028399 -2.729033 8.767926

 -8.857885 -2.729033 7.893829

 -8.826343 -2.729033 6.689215

 -8.181749 -5.294193 5.261847

 -6.487146 -5.294193 5.306222

 -5.320259 -5.294193 6.535865

 -5.364633 -5.294193 8.230468

 -6.594276 -5.294193 9.397356

 -8.288882 -5.294193 9.352982

 -9.455768 -5.294193 8.123338

 -9.411393 -5.294193 6.428736

 -7.952245 -5.294193 5.859727

 -6.747628 -5.294193 5.891272

 -5.918142 -5.294193 6.765368

 -5.949686 -5.294193 7.969984

 -6.823783 -5.294193 8.799472

 -8.028399 -5.294193 8.767926

 -8.857885 -5.294193 7.893829

 -8.826343 -5.294193 6.689215

 -2.283773 1.502869 8.128765

 -2.058922 1.502869 6.590432

 -0.032007 -1.917518 8.128765

 -2.058922 1.502869 5.189070

 -6.590273 1.502869 4.967405

 -8.128606 1.502869 4.967410

 -2.058922 -1.917518 5.189070

 -2.283773 -1.917518 8.128765

 -2.058922 -1.917518 6.590432

 -6.590273 1.502869 -0.180767

 -8.128606 1.502869 -0.180768

 -8.128606 -1.972933 4.967410

 -6.590273 -1.972933 4.967405

 -6.590273 -1.972933 -0.180767

 -8.128606 -1.972933 -0.180768

 -4.706532 1.502869 6.590432

 -4.709674 1.502869 8.128765

 -4.709674 -1.917518 8.128765

 -4.706532 -1.917518 6.590432

 -1.270610 -4.417756 0.843993

 -1.268543 -4.417756 5.185012

 1.270704 -4.417756 0.843993

 1.268636 -4.417756 5.185012

 3.805815 -4.417756 5.185012

 -3.811924 -4.417756 0.843993

 3.812018 -4.417756 0.843993

 -3.805721 -4.417756 5.185012

 0.473183 -6.336322 1.668269

 -1.267642 -6.336322 3.320249

 0.609252 -4.467179 4.585477

 1.638447 -4.467179 3.608807

 1.675588 -4.467179 2.190447

 0.698921 -4.467179 1.161252

 -0.719442 -4.467179 1.124111

 -1.748637 -4.467179 2.100781

 -1.785777 -4.467179 3.519141

 -0.809108 -4.467179 4.548336

 -0.583369 -6.336322 4.041321

 0.698921 -5.713274 1.161252

 1.157454 -6.336322 2.389342

 1.131433 -6.336322 3.383070

 -1.241621 -6.336322 2.326520

 0.410359 -6.336322 4.067343

 -1.748637 -5.713274 2.100781

 -0.719442 -5.713274 1.124111

 -0.520548 -6.336322 1.642247

 1.675588 -5.713274 2.190447

 1.638447 -5.713274 3.608807

 0.609252 -5.713274 4.585477

 -0.055094 -10.930858 2.854785

 -1.785777 -5.713274 3.519141

 -0.809108 -5.713274 4.548336

 0.343177 -6.881027 2.701902

 0.334630 -6.881027 3.028301

 0.097788 -6.881027 3.253056

 -0.228610 -6.881027 3.244509

 -0.453365 -6.881027 3.007667

 -0.444818 -6.881027 2.681268

 -0.207976 -6.881027 2.456514

 0.118423 -6.881027 2.465061

 -3.916027 -1.956072 5.144712

 -4.779208 -4.407115 2.933807

 -6.453201 -1.956072 5.144712

 -6.459404 -1.956072 2.480027

 -6.459404 1.490828 2.480027

 -6.453201 1.490828 5.144712

 -3.920162 1.490828 2.480027

 -4.247910 -4.407115 3.493680

 -3.920162 -4.407724 2.480027

 -3.916027 -4.407724 5.144712

 -6.459404 -4.407724 2.480027

 -6.453201 -4.407724 5.144712

 -4.268114 -4.407115 4.265255

 -3.920162 -1.956072 2.480027

 -4.827987 -4.407115 4.796556

 -3.916027 1.490828 5.144712

 -5.849001 -5.418897 4.108282

 -4.902008 -5.418897 3.209620

 -5.550785 -4.407115 2.913602

 -6.110658 -4.407115 3.444902

 -6.130862 -4.407115 4.216478

 -5.599563 -4.407115 4.776350

 -5.476763 -5.418897 4.500539

 -4.779208 -5.079964 2.933807

 -4.529770 -5.418897 3.601877

 -4.543926 -5.418897 4.142456

 -5.834846 -5.418897 3.567702

 -4.936183 -5.418897 4.514695

 -6.110658 -5.079964 3.444902

 -5.550785 -5.079964 2.913602

 -5.442588 -5.418897 3.195464

 -4.247910 -5.079964 3.493680

 -4.268114 -5.079964 4.265255

 -4.827987 -5.079964 4.796556

 -5.189386 -7.918283 3.855074

 -6.130862 -5.079964 4.216478

 -5.599563 -5.079964 4.776350

 -4.972730 -5.715211 3.771907

 -4.977379 -5.715211 3.949465

 -5.106219 -5.715211 4.071730

 -5.283777 -5.715211 4.067080

 -5.406042 -5.715211 3.938240

 -5.401392 -5.715211 3.760682

 -5.272552 -5.715211 3.638418

 -5.094994 -5.715211 3.643067

 6.452282 -1.956072 5.144712

 5.589101 -4.407115 2.933807

 3.915108 -1.956072 5.144712

 3.908905 -1.956072 2.480027

 3.908905 1.490828 2.480027

 3.915108 1.490828 5.144712

 6.448147 1.490828 2.480027

 6.120399 -4.407115 3.493680

 6.448147 -4.407724 2.480027

 6.452282 -4.407724 5.144712

 3.908905 -4.407724 2.480027

 3.915108 -4.407724 5.144712

 6.100195 -4.407115 4.265255

 6.448147 -1.956072 2.480027

 5.540322 -4.407115 4.796556

 6.452282 1.490828 5.144712

 4.519308 -5.418897 4.108282

 5.466301 -5.418897 3.209620

 4.817524 -4.407115 2.913602

 4.257651 -4.407115 3.444902

 4.237447 -4.407115 4.216478

 4.768746 -4.407115 4.776350

 4.891546 -5.418897 4.500539

 5.589101 -5.079964 2.933807

 5.838539 -5.418897 3.601877

 5.824383 -5.418897 4.142456

 4.533463 -5.418897 3.567702

 5.432126 -5.418897 4.514695

 4.257651 -5.079964 3.444902

 4.817524 -5.079964 2.913602

 4.925721 -5.418897 3.195464

 6.120399 -5.079964 3.493680

 6.100195 -5.079964 4.265255

 5.540322 -5.079964 4.796556

 5.178923 -7.918283 3.855074

 4.237447 -5.079964 4.216478

 4.768746 -5.079964 4.776350

 5.395579 -5.715211 3.771907

 5.390930 -5.715211 3.949465

 5.262090 -5.715211 4.071730

 5.084532 -5.715211 4.067080

 4.962267 -5.715211 3.938240

 4.966917 -5.715211 3.760682

 5.095757 -5.715211 3.638418

 5.273315 -5.715211 3.643067

 6.100195 -5.079964 -3.379810

 6.120399 -5.079964 -4.151385

 4.925721 -5.418897 -4.449601

 4.817524 -5.079964 -4.731463

 4.257651 -5.079964 -4.200163

 5.432126 -5.418897 -3.130370

 4.533463 -5.418897 -4.077363

 5.824383 -5.418897 -3.502609

 5.838539 -5.418897 -4.043189

 5.589101 -5.079964 -4.711258

 4.891546 -5.418897 -3.144526

 4.768746 -4.407115 -2.868715

 4.237447 -4.407115 -3.428587

 4.257651 -4.407115 -4.200163

 4.817524 -4.407115 -4.731463

 5.466301 -5.418897 -4.435446

 4.519308 -5.418897 -3.536783

 6.452282 1.490828 -2.500353

 5.540322 -4.407115 -2.848510

 6.448147 -1.956072 -5.165038

 6.100195 -4.407115 -3.379810

 3.915108 -4.407724 -2.500353

 3.908905 -4.407724 -5.165038

 6.452282 -4.407724 -2.500353

 6.448147 -4.407724 -5.165038

 6.120399 -4.407115 -4.151385

 6.448147 1.490828 -5.165038

 3.915108 1.490828 -2.500353

 3.908905 1.490828 -5.165038

 3.908905 -1.956072 -5.165038

 3.915108 -1.956072 -2.500353

 5.589101 -4.407115 -4.711258

 6.452282 -1.956072 -2.500353

 -5.094994 -5.715211 -4.001998

 -5.272552 -5.715211 -4.006648

 -5.401392 -5.715211 -3.884383

 -5.406042 -5.715211 -3.706825

 -5.283777 -5.715211 -3.577985

 -5.106219 -5.715211 -3.573336

 -4.977379 -5.715211 -3.695600

 -4.972730 -5.715211 -3.873158

 -5.599563 -5.079964 -2.868715

 -6.130862 -5.079964 -3.428587

 -5.189386 -7.918283 -3.789991

 -4.827987 -5.079964 -2.848510

 -4.268114 -5.079964 -3.379810

 -4.247910 -5.079964 -4.151385

 -5.442588 -5.418897 -4.449601

 -5.550785 -5.079964 -4.731463

 -6.110658 -5.079964 -4.200163

 -4.936183 -5.418897 -3.130370

 -5.834846 -5.418897 -4.077363

 -4.543926 -5.418897 -3.502609

 -4.529770 -5.418897 -4.043189

 -4.779208 -5.079964 -4.711258

 -5.476763 -5.418897 -3.144526

 -5.599563 -4.407115 -2.868715

 -6.130862 -4.407115 -3.428587

 -6.110658 -4.407115 -4.200163

 -5.550785 -4.407115 -4.731463

 -4.902008 -5.418897 -4.435446

 -5.849001 -5.418897 -3.536783

 -3.916027 1.490828 -2.500353

 -4.827987 -4.407115 -2.848510

 -3.920162 -1.956072 -5.165038

 -4.268114 -4.407115 -3.379810

 -6.453201 -4.407724 -2.500353

 -6.459404 -4.407724 -5.165038

 -3.916027 -4.407724 -2.500353

 -3.920162 -4.407724 -5.165038

 -4.247910 -4.407115 -4.151385

 -3.920162 1.490828 -5.165038

 -6.453201 1.490828 -2.500353

 -6.459404 1.490828 -5.165038

 -6.459404 -1.956072 -5.165038

 -6.453201 -1.956072 -2.500353

 -4.779208 -4.407115 -4.711258

 -3.916027 -1.956072 -2.500353

 5.540322 -5.079964 -2.848510

 5.178923 -7.918283 -3.789991

 4.237447 -5.079964 -3.428587

 4.768746 -5.079964 -2.868715

 5.395579 -5.715211 -3.873158

 5.390930 -5.715211 -3.695600

 5.262090 -5.715211 -3.573336

 5.084532 -5.715211 -3.577985

 4.962267 -5.715211 -3.706825

 4.966917 -5.715211 -3.884383

 5.095757 -5.715211 -4.006648

 5.273315 -5.715211 -4.001998

 -2.492508 -1.988423 -1.243363

 -2.670066 -1.988423 -1.248013

 -2.798906 -1.988423 -1.125748

 -2.803555 -1.988423 -0.948190

 -2.681291 -1.988423 -0.819350

 -2.503733 -1.988423 -0.814701

 -2.374893 -1.988423 -0.936965

 -2.370244 -1.988423 -1.114523

 -2.997077 -1.353175 -0.110080

 -3.528376 -1.353175 -0.669952

 -2.586900 -4.191495 -1.031356

 -2.225501 -1.353175 -0.089875

 -1.665628 -1.353175 -0.621175

 -1.645424 -1.353175 -1.392750

 -2.840102 -1.692108 -1.690966

 -2.948299 -1.353175 -1.972828

 -3.508172 -1.353175 -1.441528

 -2.333697 -1.692108 -0.371735

 -3.232359 -1.692108 -1.318728

 -1.941440 -1.692108 -0.743974

 -1.927284 -1.692108 -1.284554

 -2.176722 -1.353175 -1.952623

 -2.874277 -1.692108 -0.385891

 -2.997077 -0.680327 -0.110080

 -3.528376 -0.680327 -0.669952

 -3.508172 -0.680327 -1.441528

 -2.948299 -0.680327 -1.972828

 -2.299521 -1.692108 -1.676811

 -3.246515 -1.692108 -0.778148

 -2.225501 -0.680327 -0.089875

 -1.317676 1.770716 -2.406403

 -1.665628 -0.680327 -0.621175

 -3.850715 -0.680936 0.258282

 -3.856918 -0.680936 -2.406403

 -1.313541 -0.680936 0.258282

 -1.317676 -0.680936 -2.406403

 -1.645424 -0.680327 -1.392750

 -3.856918 1.770716 -2.406403

 -3.850715 1.770716 0.258282

 -2.176722 -0.680327 -1.952623

 -1.313541 1.770716 0.258282

 2.712463 -1.988423 -1.243363

 2.534905 -1.988423 -1.248013

 2.406065 -1.988423 -1.125748

 2.401416 -1.988423 -0.948190

 2.523680 -1.988423 -0.819350

 2.701238 -1.988423 -0.814701

 2.830079 -1.988423 -0.936965

 2.834728 -1.988423 -1.114523

 2.207895 -1.353175 -0.110080

 1.676595 -1.353175 -0.669952

 2.618072 -4.191495 -1.031356

 2.979470 -1.353175 -0.089875

 3.539343 -1.353175 -0.621175

 3.559547 -1.353175 -1.392750

 2.364869 -1.692108 -1.690966

 2.256672 -1.353175 -1.972828

 1.696799 -1.353175 -1.441528

 2.871274 -1.692108 -0.371735

 1.972612 -1.692108 -1.318728

 3.263532 -1.692108 -0.743974

 3.277687 -1.692108 -1.284554

 3.028249 -1.353175 -1.952623

 2.330695 -1.692108 -0.385891

 2.207895 -0.680327 -0.110080

 1.676595 -0.680327 -0.669952

 1.696799 -0.680327 -1.441528

 2.256672 -0.680327 -1.972828

 2.905450 -1.692108 -1.676811

 1.958457 -1.692108 -0.778148

 2.979470 -0.680327 -0.089875

 3.887295 1.770716 -2.406403

 3.539343 -0.680327 -0.621175

 1.354257 -0.680936 0.258282

 1.348053 -0.680936 -2.406403

 3.891430 -0.680936 0.258282

 3.887295 -0.680936 -2.406403

 3.559547 -0.680327 -1.392750

 1.348053 1.770716 -2.406403

 1.354257 1.770716 0.258282

 3.028249 -0.680327 -1.952623

 3.891430 1.770716 0.258282

tris:

 21 20 28

 21 28 27

 5 3 0

 5 0 1

 2 3 5

 2 5 4

 1 0 24

 1 24 31

 15 13 21

 15 21 22

 4 5 7

 4 7 6

 31 30 54

 31 54 55

 7 5 1

 7 1 18

 6 7 9

 6 9 8

 26 22 42

 26 42 50

 13 11 20

 13 20 21

 8 9 11

 8 11 10

 18 1 47

 18 47 46

 3 17 23

 3 23 0

 10 11 13

 10 13 12

 31 24 32

 31 32 39

 11 9 19

 11 19 20

 56 87 88

 56 88 74

 17 15 22

 17 22 23

 19 18 30

 19 30 29

 14 15 17

 14 17 16

 23 22 26

 23 26 25

 9 7 18

 9 18 19

 21 27 51

 21 51 43

 38 39 32

 32 33 34

 34 35 36

 36 37 38

 38 32 34

 34 36 38

 29 30 38

 29 38 37

 27 28 36

 27 36 35

 25 26 34

 25 34 33

 30 31 39

 30 39 38

 28 29 37

 28 37 36

 26 27 35

 26 35 34

 24 25 33

 24 33 32

 46 47 55

 46 55 54

 42 43 51

 42 51 50

 40 41 49

 40 49 48

 44 45 53

 44 53 52

 1 31 55

 1 55 47

 22 21 43

 22 43 42

 0 23 41

 0 41 40

 25 24 48

 25 48 49

 28 20 44

 28 44 52

 30 18 46

 30 46 54

 19 29 53

 19 53 45

 27 26 50

 27 50 51

 20 19 45

 20 45 44

 23 25 49

 23 49 41

 24 0 40

 24 40 48

 29 28 52

 29 52 53

 64 61 330

 64 330 331

 67 63 327

 67 327 332

 65 67 332

 65 332 334

 84 83 82

 84 82 85

 89 75 74

 89 74 88

 76 75 71

 76 71 72

 74 79 73

 74 73 70

 75 76 79

 75 79 74

 57 59 71

 57 71 75

 86 57 75

 86 75 89

 58 56 74

 58 74 70

 77 58 70

 77 70 73

 59 78 72

 59 72 71

 69 81 85

 69 85 82

 88 87 12

 88 12 13

 80 68 83

 80 83 84

 89 88 13

 89 13 15

 86 89 15

 86 15 14

 82 83 17

 82 17 3

 83 68 16

 83 16 17

 69 82 3

 69 3 2

 111 117 118

 111 118 110

 95 91 90

 95 90 93

 92 94 95

 92 95 93

 91 121 114

 91 114 90

 105 112 111

 105 111 103

 94 96 97

 94 97 95

 121 145 144

 121 144 120

 97 108 91

 97 91 95

 96 98 99

 96 99 97

 116 140 132

 116 132 112

 103 111 110

 103 110 101

 98 100 101

 98 101 99

 108 136 137

 108 137 91

 93 90 113

 93 113 107

 100 102 103

 100 103 101

 121 129 122

 121 122 114

 101 110 109

 101 109 99

 146 162 172

 146 172 171

 107 113 112

 107 112 105

 109 119 120

 109 120 108

 104 106 107

 104 107 105

 113 115 116

 113 116 112

 99 109 108

 99 108 97

 111 133 141

 111 141 117

 122 129 128

 128 127 126

 126 125 124

 124 123 122

 122 128 126

 126 124 122

 119 127 128

 119 128 120

 117 125 126

 117 126 118

 115 123 124

 115 124 116

 120 128 129

 120 129 121

 118 126 127

 118 127 119

 116 124 125

 116 125 117

 114 122 123

 114 123 115

 136 144 145

 136 145 137

 132 140 141

 132 141 133

 130 138 139

 130 139 131

 134 142 143

 134 143 135

 91 137 145

 91 145 121

 112 132 133

 112 133 111

 90 130 131

 90 131 113

 115 139 138

 115 138 114

 118 142 134

 118 134 110

 120 144 136

 120 136 108

 109 135 143

 109 143 119

 117 141 140

 117 140 116

 110 134 135

 110 135 109

 113 131 139

 113 139 115

 114 138 130

 114 130 90

 119 143 142

 119 142 118

 168 169 166

 168 166 167

 173 172 162

 173 162 163

 76 72 161

 76 161 163

 162 160 73

 162 73 79

 163 162 79

 163 79 76

 147 163 161

 147 161 149

 170 173 163

 170 163 147

 148 160 162

 148 162 146

 77 73 160

 77 160 148

 149 161 72

 149 72 78

 159 166 169

 159 169 165

 172 103 102

 172 102 171

 164 168 167

 164 167 158

 173 105 103

 173 103 172

 170 104 105

 170 105 173

 166 93 107

 166 107 167

 167 107 106

 167 106 158

 159 92 93

 159 93 166

 195 201 202

 195 202 194

 179 175 174

 179 174 177

 176 178 179

 176 179 177

 175 205 198

 175 198 174

 189 196 195

 189 195 187

 178 180 181

 178 181 179

 205 229 228

 205 228 204

 181 192 175

 181 175 179

 180 182 183

 180 183 181

 200 224 216

 200 216 196

 187 195 194

 187 194 185

 182 184 185

 182 185 183

 192 220 221

 192 221 175

 177 174 197

 177 197 191

 184 186 187

 184 187 185

 205 213 206

 205 206 198

 185 194 193

 185 193 183

 240 237 250

 240 250 249

 191 197 196

 191 196 189

 193 203 204

 193 204 192

 188 190 191

 188 191 189

 197 199 200

 197 200 196

 183 193 192

 183 192 181

 195 217 225

 195 225 201

 206 213 212

 212 211 210

 210 209 208

 208 207 206

 206 212 210

 210 208 206

 203 211 212

 203 212 204

 201 209 210

 201 210 202

 199 207 208

 199 208 200

 204 212 213

 204 213 205

 202 210 211

 202 211 203

 200 208 209

 200 209 201

 198 206 207

 198 207 199

 220 228 229

 220 229 221

 216 224 225

 216 225 217

 214 222 223

 214 223 215

 218 226 227

 218 227 219

 175 221 229

 175 229 205

 196 216 217

 196 217 195

 174 214 215

 174 215 197

 199 223 222

 199 222 198

 202 226 218

 202 218 194

 204 228 220

 204 220 192

 193 219 227

 193 227 203

 201 225 224

 201 224 200

 194 218 219

 194 219 193

 197 215 223

 197 223 199

 198 222 214

 198 214 174

 203 227 226

 203 226 202

 157 152 65

 157 65 60

 151 153 64

 151 64 66

 154 155 62

 154 62 63

 246 247 244

 246 244 245

 251 250 237

 251 237 238

 239 236 235

 239 235 238

 238 237 241

 238 241 239

 230 238 235

 230 235 232

 248 251 238

 248 238 230

 234 244 247

 234 247 243

 250 187 186

 250 186 249

 242 246 245

 242 245 233

 251 189 187

 251 187 250

 248 188 189

 248 189 251

 244 177 191

 244 191 245

 245 191 190

 245 190 233

 234 176 177

 234 177 244

 273 272 280

 273 280 279

 257 255 252

 257 252 253

 254 255 257

 254 257 256

 253 252 276

 253 276 283

 267 265 273

 267 273 274

 256 257 259

 256 259 258

 283 282 306

 283 306 307

 259 257 253

 259 253 270

 258 259 261

 258 261 260

 278 274 294

 278 294 302

 265 263 272

 265 272 273

 260 261 263

 260 263 262

 270 253 299

 270 299 298

 255 269 275

 255 275 252

 262 263 265

 262 265 264

 283 276 284

 283 284 291

 263 261 271

 263 271 272

 308 324 325

 308 325 315

 269 267 274

 269 274 275

 271 270 282

 271 282 281

 266 267 269

 266 269 268

 275 274 278

 275 278 277

 261 259 270

 261 270 271

 273 279 303

 273 303 295

 290 291 284

 284 285 286

 286 287 288

 288 289 290

 290 284 286

 286 288 290

 281 282 290

 281 290 289

 279 280 288

 279 288 287

 277 278 286

 277 286 285

 282 283 291

 282 291 290

 280 281 289

 280 289 288

 278 279 287

 278 287 286

 276 277 285

 276 285 284

 298 299 307

 298 307 306

 294 295 303

 294 303 302

 292 293 301

 292 301 300

 296 297 305

 296 305 304

 253 283 307

 253 307 299

 274 273 295

 274 295 294

 252 275 293

 252 293 292

 277 276 300

 277 300 301

 280 272 296

 280 296 304

 282 270 298

 282 298 306

 271 281 305

 271 305 297

 279 278 302

 279 302 303

 272 271 297

 272 297 296

 275 277 301

 275 301 293

 276 252 292

 276 292 300

 281 280 304

 281 304 305

 152 150 67

 152 67 65

 150 154 63

 150 63 67

 153 156 61

 153 61 64

 321 320 319

 321 319 322

 326 316 315

 326 315 325

 239 316 314

 239 314 236

 316 239 241

 316 241 315

 309 311 314

 309 314 316

 323 309 316

 323 316 326

 308 315 310

 308 310 231

 231 310 237

 231 237 240

 313 318 322

 313 322 319

 325 324 264

 325 264 265

 317 312 320

 317 320 321

 326 325 265

 326 265 267

 323 326 267

 323 267 266

 319 320 269

 319 269 255

 320 312 268

 320 268 269

 313 319 255

 313 255 254

 155 151 66

 155 66 62

 330 328 327

 330 327 329

 331 330 329

 331 329 333

 328 334 332

 328 332 327

 60 65 334

 60 334 328

 66 64 331

 66 331 333

 63 62 329

 63 329 327

 61 60 328

 61 328 330

 62 66 333

 62 333 329

 338 337 356

 338 356 355

 343 342 351

 343 351 358

 339 338 355

 339 355 354

 342 341 352

 342 352 351

 337 344 359

 337 359 356

 341 340 346

 341 346 352

 344 343 358

 344 358 359

 340 339 354

 340 354 346

 361 362 357

 365 366 357

 362 363 357

 367 360 357

 363 364 357

 360 361 357

 364 365 357

 355 356 350

 355 350 348

 358 351 349

 358 349 336

 354 355 348

 354 348 347

 351 352 353

 351 353 349

 356 359 345

 356 345 350

 352 346 335

 352 335 353

 359 358 336

 359 336 345

 346 354 347

 346 347 335

 366 367 357

 347 348 361

 347 361 360

 345 336 364

 345 364 363

 348 350 362

 348 362 361

 349 353 366

 349 366 365

 350 345 363

 350 363 362

 353 335 367

 353 367 366

 336 349 365

 336 365 364

 335 347 360

 335 360 367

 371 381 376

 371 376 378

 370 371 378

 370 378 379

 383 373 370

 383 370 368

 373 372 371

 373 371 370

 372 374 381

 372 381 371

 377 379 378

 377 378 376

 368 370 379

 368 379 377

 368 377 376

 368 376 381

 383 368 381

 383 381 374

 380 382 401

 380 401 400

 388 387 396

 388 396 403

 375 380 400

 375 400 399

 387 386 397

 387 397 396

 382 389 404

 382 404 401

 386 369 391

 386 391 397

 389 388 403

 389 403 404

 369 375 399

 369 399 391

 406 407 402

 410 411 402

 407 408 402

 412 405 402

 408 409 402

 405 406 402

 409 410 402

 400 401 395

 400 395 393

 403 396 394

 403 394 384

 399 400 393

 399 393 392

 396 397 398

 396 398 394

 401 404 390

 401 390 395

 397 391 385

 397 385 398

 404 403 384

 404 384 390

 391 399 392

 391 392 385

 411 412 402

 392 393 406

 392 406 405

 390 384 409

 390 409 408

 393 395 407

 393 407 406

 394 398 411

 394 411 410

 395 390 408

 395 408 407

 398 385 412

 398 412 411

 384 394 410

 384 410 409

 385 392 405

 385 405 412

 416 426 421

 416 421 423

 415 416 423

 415 423 424

 428 418 415

 428 415 413

 418 417 416

 418 416 415

 417 419 426

 417 426 416

 422 424 423

 422 423 421

 413 415 424

 413 424 422

 413 422 421

 413 421 426

 428 413 426

 428 426 419

 425 427 446

 425 446 445

 433 432 441

 433 441 448

 420 425 445

 420 445 444

 432 431 442

 432 442 441

 427 434 449

 427 449 446

 431 414 436

 431 436 442

 434 433 448

 434 448 449

 414 420 444

 414 444 436

 451 452 447

 455 456 447

 452 453 447

 457 450 447

 453 454 447

 450 451 447

 454 455 447

 445 446 440

 445 440 438

 448 441 439

 448 439 429

 444 445 438

 444 438 437

 441 442 443

 441 443 439

 446 449 435

 446 435 440

 442 436 430

 442 430 443

 449 448 429

 449 429 435

 436 444 437

 436 437 430

 456 457 447

 437 438 451

 437 451 450

 435 429 454

 435 454 453

 438 440 452

 438 452 451

 439 443 456

 439 456 455

 440 435 453

 440 453 452

 443 430 457

 443 457 456

 429 439 455

 429 455 454

 430 437 450

 430 450 457

 539 538 474

 539 474 468

 461 467 473

 461 473 460

 536 539 468

 536 468 463

 462 461 460

 462 460 464

 459 458 465

 459 465 466

 538 462 464

 538 464 474

 458 536 463

 458 463 465

 544 545 537

 540 541 537

 543 544 537

 547 540 537

 542 543 537

 545 546 537

 541 542 537

 489 483 459

 489 459 467

 469 470 538

 469 538 539

 472 489 467

 472 467 461

 476 469 539

 476 539 536

 471 472 461

 471 461 462

 483 478 458

 483 458 459

 470 471 462

 470 462 538

 478 476 536

 478 536 458

 475 490 477

 475 477 484

 490 481 482

 490 482 477

 490 488 479

 490 479 481

 481 479 480

 481 480 482

 486 484 477

 486 477 487

 485 486 487

 485 487 488

 475 485 488

 475 488 490

 488 487 480

 488 480 479

 487 477 482

 487 482 480

 518 511 498

 518 498 491

 519 509 493

 519 493 494

 505 518 491

 505 491 492

 508 513 495

 508 495 496

 509 505 492

 509 492 493

 510 508 496

 510 496 497

 513 519 494

 513 494 495

 511 510 497

 511 497 498

 492 491 501

 512 504 511

 512 511 518

 499 500 519

 499 519 513

 506 512 518

 506 518 505

 502 499 513

 502 513 508

 507 506 505

 507 505 509

 504 503 510

 504 510 511

 500 507 509

 500 509 519

 503 502 508

 503 508 510

 494 493 501

 498 497 501

 495 494 501

 491 498 501

 496 495 501

 493 492 501

 497 496 501

 534 528 504

 534 504 512

 514 515 500

 514 500 499

 517 534 512

 517 512 506

 521 514 499

 521 499 502

 516 517 506

 516 506 507

 528 523 503

 528 503 504

 515 516 507

 515 507 500

 523 521 502

 523 502 503

 520 535 522

 520 522 529

 535 526 527

 535 527 522

 535 533 524

 535 524 526

 526 524 525

 526 525 527

 531 529 522

 531 522 532

 530 531 532

 530 532 533

 520 530 533

 520 533 535

 533 532 525

 533 525 524

 532 522 527

 532 527 525

 467 459 466

 467 466 473

 546 547 537

 466 465 541

 466 541 540

 468 474 544

 468 544 543

 465 463 542

 465 542 541

 464 460 546

 464 546 545

 463 468 543

 463 543 542

 460 473 547

 460 547 546

 474 464 545

 474 545 544

 473 466 540

 473 540 547

 575 568 555

 575 555 548

 576 566 550

 576 550 551

 562 575 548

 562 548 549

 565 570 552

 565 552 553

 566 562 549

 566 549 550

 567 565 553

 567 553 554

 570 576 551

 570 551 552

 568 567 554

 568 554 555

 549 548 558

 569 561 568

 569 568 575

 556 557 576

 556 576 570

 563 569 575

 563 575 562

 559 556 570

 559 570 565

 564 563 562

 564 562 566

 561 560 567

 561 567 568

 557 564 566

 557 566 576

 560 559 565

 560 565 567

 551 550 558

 555 554 558

 552 551 558

 548 555 558

 553 552 558

 550 549 558

 554 553 558

 587 584 561

 587 561 569

 571 572 557

 571 557 556

 574 587 569

 574 569 563

 577 571 556

 577 556 559

 573 574 563

 573 563 564

 584 579 560

 584 560 561

 572 573 564

 572 564 557

 579 577 559

 579 559 560

 588 582 583

 588 583 578

 588 586 580

 588 580 582

 582 580 581

 582 581 583

 586 585 581

 586 581 580

 585 578 583

 585 583 581

 616 609 596

 616 596 589

 617 607 591

 617 591 592

 603 616 589

 603 589 590

 606 611 593

 606 593 594

 607 603 590

 607 590 591

 608 606 594

 608 594 595

 611 617 592

 611 592 593

 609 608 595

 609 595 596

 590 589 599

 610 602 609

 610 609 616

 597 598 617

 597 617 611

 604 610 616

 604 616 603

 600 597 611

 600 611 606

 605 604 603

 605 603 607

 602 601 608

 602 608 609

 598 605 607

 598 607 617

 601 600 606

 601 606 608

 592 591 599

 596 595 599

 593 592 599

 589 596 599

 594 593 599

 591 590 599

 595 594 599

 628 625 602

 628 602 610

 612 613 598

 612 598 597

 615 628 610

 615 610 604

 618 612 597

 618 597 600

 614 615 604

 614 604 605

 625 620 601

 625 601 602

 613 614 605

 613 605 598

 620 618 600

 620 600 601

 629 623 624

 629 624 619

 629 627 621

 629 621 623

 623 621 622

 623 622 624

 627 626 622

 627 622 621

 626 619 624

 626 624 622

vector2s:

 0.580695 0.253442

 0.786919 0.253442

 0.786919 0.495522

 0.580695 0.495522

 0.613774 0.353520

 0.753840 0.353520

 0.753840 0.484329

 0.613774 0.484329

 0.791592 0.250735

 0.791592 0.482181

 0.576022 0.482181

 0.576022 0.250735

 0.624238 0.304556

 0.743376 0.304556

 0.743376 0.444408

 0.624238 0.444408

 0.580695 0.337399

 0.786919 0.337399

 0.786919 0.411565

 0.580695 0.411565

 0.832281 0.319571

 0.972347 0.319571

 0.972347 0.450380

 0.832281 0.450380

 0.793030 0.253442

 0.999254 0.253442

 0.999254 0.495522

 0.793030 0.495522

 0.610896 0.460070

 0.683807 0.495522

 0.756718 0.460070

 0.786919 0.374482

 0.756718 0.288894

 0.683807 0.253442

 0.610896 0.288894

 0.580695 0.374482

 0.580695 0.336723

 0.786919 0.336723

 0.786919 0.412241

 0.580695 0.412241

 0.581472 0.272555

 0.791819 0.272555

 0.791819 0.497852

 0.581472 0.497852

 0.574682 0.272555

 0.785030 0.272555

 0.785030 0.497852

 0.574682 0.497852

 0.578077 0.272555

 0.866816 0.272555

 0.866816 0.497852

 0.578077 0.497852

 0.637175 0.319743

 0.730439 0.319743

 0.730439 0.429222

 0.637175 0.429222

 0.494896 0.252235

 0.679517 0.252235

 0.679517 0.499198

 0.494896 0.499198

 0.650181 0.492193

 0.650181 0.256771

 0.717433 0.256771

 0.717433 0.492193

 0.663762 0.421114

 0.663762 0.327850

 0.703851 0.327850

 0.703851 0.421114

 0.639485 0.490373

 0.639485 0.258591

 0.728129 0.258591

 0.728129 0.490373

 0.996861 0.458138

 0.996861 0.315517

 0.816409 0.315516

 0.816409 0.458138

 0.836950 0.253442

 0.836950 0.495522

 0.955334 0.495522

 0.955334 0.253442

 0.581472 0.251731

 0.791819 0.251731

 0.578077 0.251731

 0.866816 0.251731

 0.409659 0.251731

 0.577874 0.251731

 0.577874 0.497852

 0.409659 0.497852

 0.788252 0.251731

 0.998599 0.251731

 0.998599 0.497852

 0.788252 0.497852

 0.581472 0.281977

 0.791819 0.281977

 0.802734 0.272555

 0.992758 0.272555

 0.992758 0.497852

 0.802734 0.497852

 0.585019 0.291755

 0.779884 0.291755

 0.779884 0.473741

 0.585019 0.473741

 0.585878 0.290037

 0.780742 0.290037

 0.780742 0.472023

 0.585878 0.472023

 0.532737 0.429687

 0.509410 0.451824

 0.494352 0.412599

 0.455968 0.395508

 0.479295 0.373372

 0.477264 0.450983

 0.511443 0.374214

 0.533579 0.397541

 0.455127 0.427656

 0.779884 0.382748

 0.585019 0.382748

 0.780742 0.381030

 0.585878 0.381030

 0.610316 0.456022

 0.622964 0.456022

 0.623823 0.454305

 0.585878 0.454305

 0.604421 0.455164

uv:

 0 1 2

 0 2 3

 4 5 6

 4 6 7

 8 9 10

 8 10 11

 0 1 2

 0 2 3

 4 5 6

 4 6 7

 8 9 10

 8 10 11

 0 1 2

 0 2 3

 4 5 6

 4 6 7

 8 9 10

 8 10 11

 12 13 14

 12 14 15

 4 5 6

 4 6 7

 8 9 10

 8 10 11

 12 13 14

 12 14 15

 4 5 6

 4 6 7

 8 9 10

 8 10 11

 16 17 18

 16 18 19

 20 21 22

 20 22 23

 24 25 26

 24 26 27

 4 5 6

 4 6 7

 0 1 2

 0 2 3

 0 1 2

 0 2 3

 0 1 2

 0 2 3

 4 5 6

 4 6 7

 12 13 14

 12 14 15

 28 29 30

 30 31 32

 32 33 34

 34 35 28

 28 30 32

 32 34 28

 16 17 18

 16 18 19

 16 17 18

 16 18 19

 16 17 18

 16 18 19

 16 17 18

 16 18 19

 16 17 18

 16 18 19

 16 17 18

 16 18 19

 16 17 18

 16 18 19

 36 37 38

 36 38 39

 36 37 38

 36 38 39

 36 37 38

 36 38 39

 36 37 38

 36 38 39

 0 1 2

 0 2 3

 12 13 14

 12 14 15

 12 13 14

 12 14 15

 12 13 14

 12 14 15

 12 13 14

 12 14 15

 0 1 2

 0 2 3

 12 13 14

 12 14 15

 12 13 14

 12 14 15

 12 13 14

 12 14 15

 12 13 14

 12 14 15

 12 13 14

 12 14 15

 12 13 14

 12 14 15

 40 41 42

 40 42 43

 44 45 46

 44 46 47

 48 49 50

 48 50 51

 0 1 2

 0 2 3

 52 53 54

 52 54 55

 52 53 54

 52 54 55

 52 53 54

 52 54 55

 52 53 54

 52 54 55

 0 1 2

 0 2 3

 0 1 2

 0 2 3

 0 1 2

 0 2 3

 56 57 58

 56 58 59

 0 1 2

 0 2 3

 0 1 2

 0 2 3

 60 61 62

 60 62 63

 0 1 2

 0 2 3

 64 65 66

 64 66 67

 68 69 70

 68 70 71

 0 1 2

 0 2 3

 0 1 2

 0 2 3

 0 1 2

 0 2 3

 0 3 2

 0 2 1

 4 7 6

 4 6 5

 8 11 10

 8 10 9

 0 3 2

 0 2 1

 4 7 6

 4 6 5

 8 11 10

 8 10 9

 0 3 2

 0 2 1

 4 7 6

 4 6 5

 8 11 10

 8 10 9

 12 15 14

 12 14 13

 4 7 6

 4 6 5

 8 11 10

 8 10 9

 12 15 14

 12 14 13

 4 7 6

 4 6 5

 8 11 10

 8 10 9

 16 19 18

 16 18 17

 20 23 22

 20 22 21

 24 27 26

 24 26 25

 4 7 6

 4 6 5

 0 3 2

 0 2 1

 0 3 2

 0 2 1

 0 3 2

 0 2 1

 4 7 6

 4 6 5

 12 15 14

 12 14 13

 30 29 28

 28 35 34

 34 33 32

 32 31 30

 30 28 34

 34 32 30

 16 19 18

 16 18 17

 16 19 18

 16 18 17

 16 19 18

 16 18 17

 16 19 18

 16 18 17

 16 19 18

 16 18 17

 16 19 18

 16 18 17

 16 19 18

 16 18 17

 36 39 38

 36 38 37

 36 39 38

 36 38 37

 36 39 38

 36 38 37

 36 39 38

 36 38 37

 0 3 2

 0 2 1

 12 15 14

 12 14 13

 12 15 14

 12 14 13

 12 15 14

 12 14 13

 12 15 14

 12 14 13

 0 3 2

 0 2 1

 12 15 14

 12 14 13

 12 15 14

 12 14 13

 12 15 14

 12 14 13

 12 15 14

 12 14 13

 12 15 14

 12 14 13

 12 15 14

 12 14 13

 0 3 2

 0 2 1

 52 55 54

 52 54 53

 52 55 54

 52 54 53

 52 55 54

 52 54 53

 52 55 54

 52 54 53

 0 3 2

 0 2 1

 0 3 2

 0 2 1

 0 3 2

 0 2 1

 56 59 58

 56 58 57

 0 3 2

 0 2 1

 0 3 2

 0 2 1

 60 63 62

 60 62 61

 0 3 2

 0 2 1

 64 67 66

 64 66 65

 68 71 70

 68 70 69

 0 3 2

 0 2 1

 0 3 2

 0 2 1

 0 3 2

 0 2 1

 0 3 2

 0 2 1

 4 7 6

 4 6 5

 8 11 10

 8 10 9

 0 3 2

 0 2 1

 4 7 6

 4 6 5

 8 11 10

 8 10 9

 0 3 2

 0 2 1

 4 7 6

 4 6 5

 8 11 10

 8 10 9

 12 15 14

 12 14 13

 4 7 6

 4 6 5

 8 11 10

 8 10 9

 12 15 14

 12 14 13

 4 7 6

 4 6 5

 8 11 10

 8 10 9

 16 19 18

 16 18 17

 72 73 74

 72 74 75

 76 77 78

 76 78 79

 4 7 6

 4 6 5

 0 3 2

 0 2 1

 0 3 2

 0 2 1

 0 3 2

 0 2 1

 4 7 6

 4 6 5

 12 15 14

 12 14 13

 30 29 28

 28 35 34

 34 33 32

 32 31 30

 30 28 34

 34 32 30

 16 19 18

 16 18 17

 16 19 18

 16 18 17

 16 19 18

 16 18 17

 16 19 18

 16 18 17

 16 19 18

 16 18 17

 16 19 18

 16 18 17

 16 19 18

 16 18 17

 36 39 38

 36 38 37

 36 39 38

 36 38 37

 36 39 38

 36 38 37

 36 39 38

 36 38 37

 0 3 2

 0 2 1

 12 15 14

 12 14 13

 12 15 14

 12 14 13

 12 15 14

 12 14 13

 12 15 14

 12 14 13

 0 3 2

 0 2 1

 12 15 14

 12 14 13

 12 15 14

 12 14 13

 12 15 14

 12 14 13

 12 15 14

 12 14 13

 12 15 14

 12 14 13

 12 15 14

 12 14 13

 80 81 42

 80 42 43

 82 83 50

 82 50 51

 84 85 86

 84 86 87

 0 3 2

 0 2 1

 52 55 54

 52 54 53

 52 55 54

 52 54 53

 52 55 54

 52 54 53

 0 3 2

 0 2 1

 0 3 2

 0 2 1

 0 3 2

 0 2 1

 60 63 62

 60 62 61

 0 3 2

 0 2 1

 64 67 66

 64 66 65

 68 71 70

 68 70 69

 0 3 2

 0 2 1

 0 3 2

 0 2 1

 0 3 2

 0 2 1

 0 1 2

 0 2 3

 4 5 6

 4 6 7

 8 9 10

 8 10 11

 0 1 2

 0 2 3

 4 5 6

 4 6 7

 8 9 10

 8 10 11

 0 1 2

 0 2 3

 4 5 6

 4 6 7

 8 9 10

 8 10 11

 12 13 14

 12 14 15

 4 5 6

 4 6 7

 8 9 10

 8 10 11

 12 13 14

 12 14 15

 4 5 6

 4 6 7

 8 9 10

 8 10 11

 16 17 18

 16 18 19

 72 75 74

 72 74 73

 76 79 78

 76 78 77

 4 5 6

 4 6 7

 0 1 2

 0 2 3

 0 1 2

 0 2 3

 0 1 2

 0 2 3

 4 5 6

 4 6 7

 12 13 14

 12 14 15

 28 29 30

 30 31 32

 32 33 34

 34 35 28

 28 30 32

 32 34 28

 16 17 18

 16 18 19

 16 17 18

 16 18 19

 16 17 18

 16 18 19

 16 17 18

 16 18 19

 16 17 18

 16 18 19

 16 17 18

 16 18 19

 16 17 18

 16 18 19

 36 37 38

 36 38 39

 36 37 38

 36 38 39

 36 37 38

 36 38 39

 36 37 38

 36 38 39

 0 1 2

 0 2 3

 12 13 14

 12 14 15

 12 13 14

 12 14 15

 12 13 14

 12 14 15

 12 13 14

 12 14 15

 0 1 2

 0 2 3

 12 13 14

 12 14 15

 12 13 14

 12 14 15

 12 13 14

 12 14 15

 12 13 14

 12 14 15

 12 13 14

 12 14 15

 12 13 14

 12 14 15

 82 83 50

 82 50 51

 88 89 90

 88 90 91

 80 81 42

 80 42 43

 0 1 2

 0 2 3

 52 53 54

 52 54 55

 52 53 54

 52 54 55

 52 53 54

 52 54 55

 0 1 2

 0 2 3

 0 1 2

 0 2 3

 76 77 78

 76 78 79

 76 77 78

 76 78 79

 0 1 2

 0 2 3

 60 61 62

 60 62 63

 0 1 2

 0 2 3

 64 65 66

 64 66 67

 68 69 70

 68 70 71

 0 1 2

 0 2 3

 0 1 2

 0 2 3

 0 1 2

 0 2 3

 88 89 90

 88 90 91

 92 93 42

 92 42 43

 92 93 42

 92 42 43

 92 93 42

 92 42 43

 44 45 46

 44 46 47

 48 49 50

 48 50 51

 94 95 96

 94 96 97

 44 45 46

 44 46 47

 44 45 46

 44 46 47

 98 99 100

 98 100 101

 98 99 100

 98 100 101

 98 99 100

 98 100 101

 98 99 100

 98 100 101

 98 99 100

 98 100 101

 102 103 104

 102 104 105

 98 99 100

 98 100 101

 98 99 100

 98 100 101

 106 107 108

 109 110 108

 107 111 108

 112 113 108

 111 114 108

 113 106 108

 114 109 108

 98 99 115

 98 115 116

 98 99 115

 98 115 116

 98 99 115

 98 115 116

 98 99 115

 98 115 116

 98 99 115

 98 115 116

 102 103 117

 102 117 118

 98 99 115

 98 115 116

 98 99 115

 98 115 116

 110 112 108

 116 115 119

 116 119 119

 116 115 119

 116 119 119

 116 115 119

 116 119 119

 116 115 120

 116 120 119

 116 115 119

 116 119 119

 118 117 121

 118 121 122

 116 115 119

 116 119 119

 116 115 119

 116 119 123

 44 45 46

 44 46 47

 48 49 50

 48 50 51

 80 81 42

 80 42 43

 82 83 50

 82 50 51

 88 89 90

 88 90 91

 92 93 42

 92 42 43

 44 45 46

 44 46 47

 48 51 50

 48 50 49

 82 51 50

 82 50 83

 98 99 100

 98 100 101

 98 99 100

 98 100 101

 98 99 100

 98 100 101

 98 99 100

 98 100 101

 98 99 100

 98 100 101

 102 103 104

 102 104 105

 98 99 100

 98 100 101

 98 99 100

 98 100 101

 106 107 108

 109 110 108

 107 111 108

 112 113 108

 111 114 108

 113 106 108

 114 109 108

 98 99 115

 98 115 116

 98 99 115

 98 115 116

 98 99 115

 98 115 116

 98 99 115

 98 115 116

 98 99 115

 98 115 116

 102 103 117

 102 117 118

 98 99 115

 98 115 116

 98 99 115

 98 115 116

 110 112 108

 116 115 119

 116 119 119

 116 115 119

 116 119 119

 116 115 119

 116 119 119

 116 115 120

 116 120 119

 116 115 119

 116 119 119

 118 117 121

 118 121 122

 116 115 119

 116 119 119

 116 115 119

 116 119 123

 44 45 46

 44 46 47

 48 49 50

 48 50 51

 80 81 42

 80 42 43

 82 83 50

 82 50 51

 88 89 90

 88 90 91

 92 93 42

 92 42 43

 44 45 46

 44 46 47

 48 51 50

 48 50 49

 82 51 50

 82 50 83

 98 99 100

 98 100 101

 98 99 100

 98 100 101

 98 99 100

 98 100 101

 98 99 100

 98 100 101

 98 99 100

 98 100 101

 102 103 104

 102 104 105

 98 99 100

 98 100 101

 98 99 100

 98 100 101

 106 107 108

 109 110 108

 107 111 108

 112 113 108

 111 114 108

 113 106 108

 114 109 108

 98 99 115

 98 115 116

 98 99 115

 98 115 116

 98 99 115

 98 115 116

 98 99 115

 98 115 116

 98 99 115

 98 115 116

 102 103 117

 102 117 118

 98 99 115

 98 115 116

 98 99 115

 98 115 116

 110 112 108

 116 115 119

 116 119 119

 116 115 119

 116 119 119

 116 115 119

 116 119 119

 116 115 120

 116 120 119

 116 115 119

 116 119 119

 118 117 121

 118 121 122

 116 115 119

 116 119 119

 116 115 119

 116 119 123

 98 99 115

 98 115 116

 102 103 117

 102 117 118

 98 99 115

 98 115 116

 98 99 115

 98 115 116

 98 99 115

 98 115 116

 98 99 115

 98 115 116

 98 99 115

 98 115 116

 114 109 108

 113 106 108

 111 114 108

 112 113 108

 107 111 108

 109 110 108

 106 107 108

 98 99 100

 98 100 101

 98 99 100

 98 100 101

 102 103 104

 102 104 105

 98 99 100

 98 100 101

 98 99 100

 98 100 101

 98 99 100

 98 100 101

 98 99 100

 98 100 101

 98 99 100

 98 100 101

 82 51 50

 82 50 83

 48 51 50

 48 50 49

 44 45 46

 44 46 47

 92 93 42

 92 42 43

 88 89 90

 88 90 91

 82 83 50

 82 50 51

 80 81 42

 80 42 43

 48 49 50

 48 50 51

 44 45 46

 44 46 47

 116 115 119

 116 119 123

 116 115 119

 116 119 119

 118 117 121

 118 121 122

 116 115 119

 116 119 119

 116 115 120

 116 120 119

 116 115 119

 116 119 119

 116 115 119

 116 119 119

 116 115 119

 116 119 119

 110 112 108

 98 99 115

 98 115 116

 98 99 115

 98 115 116

 102 103 117

 102 117 118

 98 99 115

 98 115 116

 98 99 115

 98 115 116

 98 99 115

 98 115 116

 98 99 115

 98 115 116

 98 99 115

 98 115 116

 114 109 108

 113 106 108

 111 114 108

 112 113 108

 107 111 108

 109 110 108

 106 107 108

 98 99 100

 98 100 101

 98 99 100

 98 100 101

 102 103 104

 102 104 105

 98 99 100

 98 100 101

 98 99 100

 98 100 101

 98 99 100

 98 100 101

 98 99 100

 98 100 101

 98 99 100

 98 100 101

 82 51 50

 82 50 83

 48 51 50

 48 50 49

 44 45 46

 44 46 47

 92 93 42

 92 42 43

 88 89 90

 88 90 91

 82 83 50

 82 50 51

 80 81 42

 80 42 43

 48 49 50

 48 50 51

 44 45 46

 44 46 47

 98 99 115

 98 115 116

 110 112 108

 116 115 119

 116 119 119

 116 115 119

 116 119 119

 116 115 119

 116 119 119

 116 115 120

 116 120 119

 116 115 119

 116 119 119

 118 117 121

 118 121 122

 116 115 119

 116 119 119

 116 115 119

 116 119 123

 116 115 119

 116 119 123

 116 115 119

 116 119 119

 118 117 121

 118 121 122

 116 115 119

 116 119 119

 116 115 120

 116 120 119

 116 115 119

 116 119 119

 116 115 119

 116 119 119

 116 115 119

 116 119 119

 110 112 108

 98 99 115

 98 115 116

 98 99 115

 98 115 116

 102 103 117

 102 117 118

 98 99 115

 98 115 116

 98 99 115

 98 115 116

 98 99 115

 98 115 116

 98 99 115

 98 115 116

 98 99 115

 98 115 116

 114 109 108

 113 106 108

 111 114 108

 112 113 108

 107 111 108

 109 110 108

 106 107 108

 98 99 100

 98 100 101

 98 99 100

 98 100 101

 102 103 104

 102 104 105

 98 99 100

 98 100 101

 98 99 100

 98 100 101

 98 99 100

 98 100 101

 98 99 100

 98 100 101

 98 99 100

 98 100 101

 48 51 50

 48 50 49

 44 45 46

 44 46 47

 92 93 42

 92 42 43

 48 49 50

 48 50 51

 44 45 46

 44 46 47

 116 115 119

 116 119 123

 116 115 119

 116 119 119

 118 117 121

 118 121 122

 116 115 119

 116 119 119

 116 115 120

 116 120 119

 116 115 119

 116 119 119

 116 115 119

 116 119 119

 116 115 119

 116 119 119

 110 112 108

 98 99 115

 98 115 116

 98 99 115

 98 115 116

 102 103 117

 102 117 118

 98 99 115

 98 115 116

 98 99 115

 98 115 116

 98 99 115

 98 115 116

 98 99 115

 98 115 116

 98 99 115

 98 115 116

 114 109 108

 113 106 108

 111 114 108

 112 113 108

 107 111 108

 109 110 108

 106 107 108

 98 99 100

 98 100 101

 98 99 100

 98 100 101

 102 103 104

 102 104 105

 98 99 100

 98 100 101

 98 99 100

 98 100 101

 98 99 100

 98 100 101

 98 99 100

 98 100 101

 98 99 100

 98 100 101

 48 51 50

 48 50 49

 44 45 46

 44 46 47

 92 93 42

 92 42 43

 48 49 50

 48 50 51

 44 45 46

 44 46 47

palette:

 173 173 173 255

 181 181 181 255

 114 114 114 255

 146 146 146 255

 122 122 122 255

 88 88 88 255

 124 124 124 255

 112 112 112 255

 121 121 121 255

 171 171 171 255

 156 156 156 255

 157 157 157 255

 216 216 216 255

 250 250 250 255

 115 115 115 255

 90 90 90 255

 0 0 0 255

 97 97 97 255

 57 57 57 255

 133 133 133 255

 127 127 127 255

 58 58 58 255

 55 55 55 255

 192 192 192 255

 128 128 128 255

 184 184 184 255

 226 226 226 255

 229 229 229 255

 149 149 149 255

 151 151 151 255

 183 183 183 255

 134 134 134 255

 130 130 130 255

 206 206 206 255

 179 179 179 255

 99 99 99 255

 131 131 131 255

 92 92 92 255

 125 125 125 255

 104 104 104 255

 139 139 139 255

 108 108 108 255

 136 136 136 255

 64 64 64 255

 87 87 87 255

 170 170 170 255

 177 177 177 255

 118 118 118 255

 214 214 214 255

 246 246 246 255

 218 218 218 255

 237 237 237 255

 255 255 255 255

color:

 0 1 2

 0 2 2

 3 4 0

 3 0 1

 5 4 3

 5 3 6

 1 0 2

 1 2 2

 7 8 0

 7 0 9

 6 3 10

 6 10 11

 2 2 12

 2 12 12

 10 3 1

 10 1 1

 11 10 10

 11 10 11

 2 9 13

 2 13 12

 8 3 1

 8 1 0

 11 10 3

 11 3 6

 1 1 13

 1 13 13

 4 14 0

 4 0 0

 6 3 8

 6 8 15

 2 2 16

 2 16 16

 3 10 1

 3 1 1

 17 18 19

 17 19 20

 14 7 9

 14 9 0

 1 1 2

 1 2 2

 21 7 14

 21 14 22

 0 9 2

 0 2 2

 10 10 1

 10 1 1

 0 2 12

 0 12 13

 16 16 16

 16 16 16

 16 16 16

 16 16 16

 16 16 16

 16 16 16

 2 2 16

 2 16 16

 2 2 16

 2 16 16

 2 2 16

 2 16 16

 2 2 16

 2 16 16

 2 2 16

 2 16 16

 2 2 16

 2 16 16

 2 2 16

 2 16 16

 13 13 12

 13 12 12

 13 13 12

 13 12 12

 13 13 12

 13 12 12

 13 13 12

 13 12 12

 1 2 12

 1 12 13

 9 0 13

 9 13 13

 0 0 13

 0 13 13

 2 2 12

 2 12 12

 2 1 13

 2 13 12

 2 1 13

 2 13 12

 1 2 12

 1 12 13

 2 2 12

 2 12 12

 1 1 13

 1 13 13

 0 2 12

 0 12 13

 2 0 13

 2 13 12

 2 2 12

 2 12 12

 23 24 25

 23 25 26

 23 24 25

 23 25 27

 23 23 27

 23 27 26

 1 28 29

 1 29 30

 31 20 20

 31 20 19

 32 20 33

 32 33 34

 20 32 34

 20 34 33

 20 32 32

 20 32 20

 35 36 33

 35 33 20

 18 35 20

 18 20 31

 36 17 20

 36 20 33

 25 36 33

 25 33 34

 36 25 34

 36 34 33

 37 24 30

 37 30 29

 19 18 15

 19 15 8

 38 37 28

 38 28 1

 31 19 8

 31 8 7

 18 31 7

 18 7 21

 29 28 14

 29 14 4

 28 37 22

 28 22 14

 37 29 4

 37 4 5

 0 2 2

 0 2 1

 3 1 0

 3 0 4

 5 6 3

 5 3 4

 1 2 2

 1 2 0

 7 9 0

 7 0 8

 6 11 10

 6 10 3

 2 12 12

 2 12 2

 10 1 1

 10 1 3

 11 11 10

 11 10 10

 2 12 13

 2 13 9

 8 0 1

 8 1 3

 11 6 3

 11 3 10

 1 13 13

 1 13 1

 4 0 0

 4 0 14

 6 15 8

 6 8 3

 2 16 16

 2 16 2

 3 1 1

 3 1 10

 17 20 19

 17 19 18

 14 0 9

 14 9 7

 1 2 2

 1 2 1

 21 22 14

 21 14 7

 0 2 2

 0 2 9

 10 1 1

 10 1 10

 0 13 12

 0 12 2

 16 16 16

 16 16 16

 16 16 16

 16 16 16

 16 16 16

 16 16 16

 2 16 16

 2 16 2

 2 16 16

 2 16 2

 2 16 16

 2 16 2

 2 16 16

 2 16 2

 2 16 16

 2 16 2

 2 16 16

 2 16 2

 2 16 16

 2 16 2

 13 12 12

 13 12 13

 13 12 12

 13 12 13

 13 12 12

 13 12 13

 13 12 12

 13 12 13

 1 13 12

 1 12 2

 9 13 13

 9 13 0

 0 13 13

 0 13 0

 2 12 12

 2 12 2

 2 12 13

 2 13 1

 2 12 13

 2 13 1

 1 13 12

 1 12 2

 2 12 12

 2 12 2

 1 13 13

 1 13 1

 0 13 12

 0 12 2

 2 12 13

 2 13 0

 2 12 12

 2 12 2

 1 30 29

 1 29 28

 31 19 20

 31 20 20

 32 34 33

 32 33 20

 20 33 34

 20 34 32

 20 20 32

 20 32 32

 35 20 33

 35 33 36

 18 31 20

 18 20 35

 36 33 20

 36 20 17

 25 34 33

 25 33 36

 36 33 34

 36 34 25

 37 29 30

 37 30 24

 19 8 15

 19 15 18

 38 1 28

 38 28 37

 31 7 8

 31 8 19

 18 21 7

 18 7 31

 29 4 14

 29 14 28

 28 14 22

 28 22 37

 37 5 4

 37 4 29

 0 2 2

 0 2 1

 3 1 0

 3 0 4

 5 6 3

 5 3 4

 1 2 2

 1 2 0

 7 9 0

 7 0 8

 6 11 10

 6 10 3

 2 12 12

 2 12 2

 10 1 1

 10 1 3

 11 11 10

 11 10 10

 2 12 13

 2 13 9

 8 0 1

 8 1 3

 11 6 3

 11 3 10

 1 13 13

 1 13 1

 4 0 0

 4 0 14

 6 15 8

 6 8 3

 2 16 16

 2 16 2

 3 1 1

 3 1 10

 39 38 40

 39 40 37

 14 0 9

 14 9 7

 1 2 2

 1 2 1

 21 22 14

 21 14 7

 0 2 2

 0 2 9

 10 1 1

 10 1 10

 0 13 12

 0 12 2

 16 16 16

 16 16 16

 16 16 16

 16 16 16

 16 16 16

 16 16 16

 2 16 16

 2 16 2

 2 16 16

 2 16 2

 2 16 16

 2 16 2

 2 16 16

 2 16 2

 2 16 16

 2 16 2

 2 16 16

 2 16 2

 2 16 16

 2 16 2

 13 12 12

 13 12 13

 13 12 12

 13 12 13

 13 12 12

 13 12 13

 13 12 12

 13 12 13

 1 13 12

 1 12 2

 9 13 13

 9 13 0

 0 13 13

 0 13 0

 2 12 12

 2 12 2

 2 12 13

 2 13 1

 2 12 13

 2 13 1

 1 13 12

 1 12 2

 2 12 12

 2 12 2

 1 13 13

 1 13 1

 0 13 12

 0 12 2

 2 12 13

 2 13 0

 2 12 12

 2 12 2

 31 25 23

 31 23 24

 25 25 23

 25 23 23

 4 4 24

 4 24 24

 1 30 29

 1 29 28

 31 40 38

 31 38 38

 41 11 42

 41 42 38

 38 38 24

 38 24 41

 43 38 42

 43 42 44

 18 31 38

 18 38 43

 37 29 30

 37 30 24

 40 8 15

 40 15 37

 38 1 28

 38 28 37

 31 7 8

 31 8 40

 18 21 7

 18 7 31

 29 4 14

 29 14 28

 28 14 22

 28 22 37

 37 5 4

 37 4 29

 0 1 2

 0 2 2

 3 4 0

 3 0 1

 5 4 3

 5 3 6

 1 0 2

 1 2 2

 7 8 0

 7 0 9

 6 3 10

 6 10 11

 2 2 12

 2 12 12

 10 3 1

 10 1 1

 11 10 10

 11 10 11

 2 9 13

 2 13 12

 8 3 1

 8 1 0

 11 10 3

 11 3 6

 1 1 13

 1 13 13

 4 14 0

 4 0 0

 6 3 8

 6 8 15

 2 2 16

 2 16 16

 3 10 1

 3 1 1

 39 37 40

 39 40 38

 14 7 9

 14 9 0

 1 1 2

 1 2 2

 21 7 14

 21 14 22

 0 9 2

 0 2 2

 10 10 1

 10 1 1

 0 2 12

 0 12 13

 16 16 16

 16 16 16

 16 16 16

 16 16 16

 16 16 16

 16 16 16

 2 2 16

 2 16 16

 2 2 16

 2 16 16

 2 2 16

 2 16 16

 2 2 16

 2 16 16

 2 2 16

 2 16 16

 2 2 16

 2 16 16

 2 2 16

 2 16 16

 13 13 12

 13 12 12

 13 13 12

 13 12 12

 13 13 12

 13 12 12

 13 13 12

 13 12 12

 1 2 12

 1 12 13

 9 0 13

 9 13 13

 0 0 13

 0 13 13

 2 2 12

 2 12 12

 2 1 13

 2 13 12

 2 1 13

 2 13 12

 1 2 12

 1 12 13

 2 2 12

 2 12 12

 1 1 13

 1 13 13

 0 2 12

 0 12 13

 2 0 13

 2 13 12

 2 2 12

 2 12 12

 25 25 23

 25 23 23

 25 4 24

 25 24 23

 25 31 24

 25 24 23

 1 28 29

 1 29 30

 31 38 38

 31 38 40

 41 38 42

 41 42 11

 38 41 24

 38 24 38

 43 44 42

 43 42 38

 18 43 38

 18 38 31

 39 38 24

 39 24 44

 44 24 38

 44 38 39

 37 24 30

 37 30 29

 40 37 15

 40 15 8

 38 37 28

 38 28 1

 31 40 8

 31 8 7

 18 31 7

 18 7 21

 29 28 14

 29 14 4

 28 37 22

 28 22 14

 37 29 4

 37 4 5

 4 25 23

 4 23 24

 25 25 25

 25 25 25

 26 25 25

 26 25 27

 25 26 27

 25 27 25

 24 23 26

 24 26 25

 23 23 26

 23 26 27

 24 24 25

 24 25 25

 24 24 25

 24 25 25

 24 23 27

 24 27 25

 45 45 46

 45 46 46

 45 45 46

 45 46 46

 45 45 46

 45 46 46

 45 45 46

 45 46 46

 45 45 46

 45 46 46

 45 45 46

 45 46 46

 45 45 46

 45 46 46

 45 45 46

 45 46 46

 9 9 47

 9 9 47

 9 9 47

 9 9 47

 9 9 47

 9 9 47

 9 9 47

 46 46 40

 46 40 40

 46 46 40

 46 40 40

 46 46 40

 46 40 40

 46 46 40

 46 40 40

 46 46 40

 46 40 40

 46 46 40

 46 40 40

 46 46 40

 46 40 40

 46 46 40

 46 40 40

 9 9 47

 40 40 9

 40 9 9

 40 40 9

 40 9 9

 40 40 9

 40 9 9

 40 40 9

 40 9 9

 40 40 9

 40 9 9

 40 40 9

 40 9 9

 40 40 9

 40 9 9

 40 40 9

 40 9 9

 48 48 49

 48 49 49

 48 48 49

 48 49 49

 50 50 48

 50 48 48

 50 50 48

 50 48 48

 50 50 48

 50 48 48

 49 49 49

 49 49 49

 48 48 49

 48 49 49

 48 49 49

 48 49 48

 50 48 48

 50 48 50

 45 45 46

 45 46 46

 45 45 46

 45 46 46

 45 45 46

 45 46 46

 45 45 46

 45 46 46

 45 45 46

 45 46 46

 45 45 46

 45 46 46

 45 45 46

 45 46 46

 45 45 46

 45 46 46

 9 9 47

 9 9 47

 9 9 47

 9 9 47

 9 9 47

 9 9 47

 9 9 47

 46 46 40

 46 40 40

 46 46 40

 46 40 40

 46 46 40

 46 40 40

 46 46 40

 46 40 40

 46 46 40

 46 40 40

 46 46 40

 46 40 40

 46 46 40

 46 40 40

 46 46 40

 46 40 40

 9 9 47

 40 40 9

 40 9 9

 40 40 9

 40 9 9

 40 40 9

 40 9 9

 40 40 9

 40 9 9

 40 40 9

 40 9 9

 40 40 9

 40 9 9

 40 40 9

 40 9 9

 40 40 9

 40 9 9

 48 48 49

 48 49 49

 48 48 49

 48 49 49

 50 50 48

 50 48 48

 50 50 48

 50 48 48

 50 50 48

 50 48 48

 49 49 49

 49 49 49

 48 48 49

 48 49 49

 48 49 49

 48 49 48

 50 48 48

 50 48 50

 45 45 46

 45 46 46

 45 45 46

 45 46 46

 45 45 46

 45 46 46

 45 45 46

 45 46 46

 45 45 46

 45 46 46

 45 45 46

 45 46 46

 45 45 46

 45 46 46

 45 45 46

 45 46 46

 9 9 47

 9 9 47

 9 9 47

 9 9 47

 9 9 47

 9 9 47

 9 9 47

 46 46 40

 46 40 40

 46 46 40

 46 40 40

 46 46 40

 46 40 40

 46 46 40

 46 40 40

 46 46 40

 46 40 40

 46 46 40

 46 40 40

 46 46 40

 46 40 40

 46 46 40

 46 40 40

 9 9 47

 40 40 9

 40 9 9

 40 40 9

 40 9 9

 40 40 9

 40 9 9

 40 40 9

 40 9 9

 40 40 9

 40 9 9

 40 40 9

 40 9 9

 40 40 9

 40 9 9

 40 40 9

 40 9 9

 46 46 40

 46 40 40

 46 46 40

 46 40 40

 46 46 40

 46 40 40

 46 46 40

 46 40 40

 46 46 40

 46 40 40

 46 46 40

 46 40 40

 46 46 40

 46 40 40

 9 9 47

 9 9 47

 9 9 47

 9 9 47

 9 9 47

 9 9 47

 9 9 47

 45 45 46

 45 46 46

 45 45 46

 45 46 46

 45 45 46

 45 46 46

 45 45 46

 45 46 46

 45 45 46

 45 46 46

 45 45 46

 45 46 46

 45 45 46

 45 46 46

 45 45 46

 45 46 46

 50 48 48

 50 48 50

 48 49 49

 48 49 48

 48 48 49

 48 49 49

 49 49 49

 49 49 49

 50 50 48

 50 48 48

 50 50 48

 50 48 48

 50 50 48

 50 48 48

 48 48 49

 48 49 49

 48 48 49

 48 49 49

 40 40 9

 40 9 9

 40 40 9

 40 9 9

 40 40 9

 40 9 9

 40 40 9

 40 9 9

 40 40 9

 40 9 9

 40 40 9

 40 9 9

 40 40 9

 40 9 9

 40 40 9

 40 9 9

 9 9 47

 46 46 40

 46 40 40

 46 46 40

 46 40 40

 46 46 40

 46 40 40

 46 46 40

 46 40 40

 46 46 40

 46 40 40

 46 46 40

 46 40 40

 46 46 40

 46 40 40

 46 46 40

 46 40 40

 9 9 47

 9 9 47

 9 9 47

 9 9 47

 9 9 47

 9 9 47

 9 9 47

 45 45 46

 45 46 46

 45 45 46

 45 46 46

 45 45 46

 45 46 46

 45 45 46

 45 46 46

 45 45 46

 45 46 46

 45 45 46

 45 46 46

 45 45 46

 45 46 46

 45 45 46

 45 46 46

 50 48 48

 50 48 50

 48 49 49

 48 49 48

 48 48 49

 48 49 49

 49 49 49

 49 49 49

 50 50 48

 50 48 48

 50 50 48

 50 48 48

 50 50 48

 50 48 48

 48 48 49

 48 49 49

 48 48 49

 48 49 49

 46 46 40

 46 40 40

 9 9 47

 40 40 9

 40 9 9

 40 40 9

 40 9 9

 40 40 9

 40 9 9

 40 40 9

 40 9 9

 40 40 9

 40 9 9

 40 40 9

 40 9 9

 40 40 9

 40 9 9

 40 40 9

 40 9 9

 40 40 9

 40 9 9

 40 40 9

 40 9 9

 40 40 9

 40 9 9

 40 40 9

 40 9 9

 40 40 9

 40 9 9

 40 40 9

 40 9 9

 40 40 9

 40 9 9

 40 40 9

 40 9 9

 9 9 47

 46 46 40

 46 40 40

 46 46 40

 46 40 40

 46 46 40

 46 40 40

 46 46 40

 46 40 40

 46 46 40

 46 40 40

 46 46 40

 46 40 40

 46 46 40

 46 40 40

 46 46 40

 46 40 40

 9 9 47

 9 9 47

 9 9 47

 9 9 47

 9 9 47

 9 9 47

 9 9 47

 45 45 46

 45 46 46

 45 45 46

 45 46 46

 45 45 46

 45 46 46

 45 45 46

 45 46 46

 45 45 46

 45 46 46

 45 45 46

 45 46 46

 45 45 46

 45 46 46

 45 45 46

 45 46 46

 51 52 52

 51 52 51

 51 51 52

 51 52 52

 52 52 52

 52 52 52

 51 51 52

 51 52 52

 51 51 52

 51 52 52

 40 40 9

 40 9 9

 40 40 9

 40 9 9

 40 40 9

 40 9 9

 40 40 9

 40 9 9

 40 40 9

 40 9 9

 40 40 9

 40 9 9

 40 40 9

 40 9 9

 40 40 9

 40 9 9

 9 9 47

 46 46 40

 46 40 40

 46 46 40

 46 40 40

 46 46 40

 46 40 40

 46 46 40

 46 40 40

 46 46 40

 46 40 40

 46 46 40

 46 40 40

 46 46 40

 46 40 40

 46 46 40

 46 40 40

 9 9 47

 9 9 47

 9 9 47

 9 9 47

 9 9 47

 9 9 47

 9 9 47

 45 45 46

 45 46 46

 45 45 46

 45 46 46

 45 45 46

 45 46 46

 45 45 46

 45 46 46

 45 45 46

 45 46 46

 45 45 46

 45 46 46

 45 45 46

 45 46 46

 45 45 46

 45 46 46

 51 52 52

 51 52 51

 51 51 52

 51 52 52

 52 52 52

 52 52 52

 51 51 52

 51 52 52

 51 51 52

 51 52 52

