vectors:

 3.121623 -1.144118 -8.253686

 3.826181 -1.144118 -8.253686

 3.121623 0.445394 -8.253686

 3.826181 0.445394 -8.253686

 7.122479 -3.455536 -9.580891

 7.122479 -1.963652 -9.580891

 7.817277 -3.455536 -9.562696

 7.817277 -1.963652 -9.562696

 4.935923 -1.190902 -5.362336

 5.626853 -1.190902 -5.362336

 4.935923 0.509276 -5.362336

 5.626853 0.509276 -5.362336

 4.934528 -1.213099 2.282729

 4.934528 0.427873 2.282729

 5.641981 -1.213099 2.282729

 5.641981 0.427873 2.282729

 -5.524247 -1.166145 2.282729

 -4.647942 -1.166145 2.282729

 -5.524247 0.478797 2.282729

 -4.647942 0.478797 2.282729

 0.381428 -3.770968 0.646694

 -0.322826 -3.770968 0.646694

 0.381428 -2.486368 0.646694

 -0.322826 -2.486368 0.646694

 2.328275 -1.168427 0.646694

 2.982867 -1.168427 0.646694

 -2.776276 -1.168427 0.646694

 -2.049172 -1.168427 0.646694

 2.328275 0.394847 0.646694

 2.982867 0.394847 0.646694

 -2.776276 0.394847 0.646694

 -2.049172 0.394847 0.646694

 -7.780728 -3.455536 -9.563654

 -7.780728 -1.963652 -9.563654

 -7.129056 -3.455536 -9.580718

 -7.129056 -1.963652 -9.580718

 -7.172897 -3.371912 9.587986

 -7.863827 -3.371912 9.587986

 -7.172897 -2.098275 9.587986

 -7.863827 -2.098275 9.587986

 -3.849271 -1.144118 -8.253686

 -3.849271 0.445394 -8.253686

 -4.794402 0.509276 -5.362336

 -5.485332 0.509276 -5.362336

 -4.794402 -1.190902 -5.362336

 -5.485332 -1.190902 -5.362336

 -3.134474 -1.144118 -8.253686

 -3.134474 0.445394 -8.253686

 7.854979 -3.371912 9.587986

 7.164049 -3.371912 9.587986

 7.854979 -2.098275 9.587986

 7.164049 -2.098275 9.587986

 4.057857 -1.115720 8.446015

 3.188740 -1.115720 8.446015

 4.057857 0.486380 8.446015

 3.188740 0.486380 8.446015

 1.713545 -1.115720 8.446015

 0.844429 -1.115720 8.446015

 1.713545 0.486380 8.446015

 0.844429 0.486380 8.446015

 -0.615668 -1.115720 8.446015

 -1.484784 -1.115720 8.446015

 -0.615668 0.486380 8.446015

 -1.484784 0.486380 8.446015

 -3.250704 -1.115720 8.446015

 -4.119821 -1.115720 8.446015

 -3.250704 0.486380 8.446015

 -4.119821 0.486380 8.446015

tris:

 2 3 1

 2 1 0

 5 7 6

 5 6 4

 10 11 9

 10 9 8

 13 15 14

 13 14 12

 18 19 17

 18 17 16

 23 22 20

 23 20 21

 28 29 25

 28 25 24

 30 31 27

 30 27 26

 35 34 32

 35 32 33

 47 46 40

 47 40 41

 38 39 37

 38 37 36

 43 42 44

 43 44 45

 50 51 49

 50 49 48

 55 52 54

 59 56 58

 63 60 62

 67 64 66

 55 53 52

 59 57 56

 63 61 60

 67 65 64

vector2s:

 0.875550 0.328286

 0.930432 0.328286

 0.930432 0.440784

 0.875550 0.440784

 0.875513 0.319571

 0.932940 0.319571

 0.932940 0.450380

 0.875513 0.450380

 0.873328 0.321818

 0.930564 0.321818

 0.930564 0.443217

 0.873329 0.443217

 0.873213 0.327630

 0.931817 0.327630

 0.931817 0.444801

 0.873213 0.444801

 0.865719 0.323994

 0.938311 0.323994

 0.938311 0.441449

 0.865719 0.441449

 0.873604 0.321089

 0.926264 0.321089

 0.926264 0.438657

 0.873604 0.438657

 0.875788 0.329988

 0.929969 0.329988

 0.929969 0.441612

 0.875788 0.441612

 0.873974 0.329988

 0.934157 0.329988

 0.934157 0.441612

 0.873973 0.441612

 0.876056 0.319571

 0.876056 0.450380

 0.929919 0.450380

 0.929919 0.319571

 0.876551 0.328286

 0.876551 0.440784

 0.932231 0.440784

 0.932231 0.328286

uv:

 0 1 2

 0 2 3

 4 5 6

 4 6 7

 8 9 10

 8 10 11

 12 13 14

 12 14 15

 16 17 18

 16 18 19

 20 21 22

 20 22 23

 24 25 26

 24 26 27

 28 29 30

 28 30 31

 32 33 34

 32 34 35

 36 37 38

 36 38 39

 8 9 10

 8 10 11

 8 9 10

 8 10 11

 8 9 10

 8 10 11

 9 11 8

 9 11 8

 9 11 8

 9 11 8

 9 10 11

 9 10 11

 9 10 11

 9 10 11

palette:

 95 95 95 255

 86 86 86 255

 115 115 115 255

 118 118 118 255

 149 149 149 255

 152 152 152 255

 181 181 181 255

 216 216 216 255

 214 214 214 255

 141 141 141 255

 170 170 170 255

 151 151 151 255

 168 168 168 255

 161 161 161 255

 142 142 142 255

 144 144 144 255

 163 163 163 255

 93 93 93 255

color:

 0 1 2

 0 2 3

 4 5 6

 4 6 6

 7 7 8

 7 8 8

 7 7 8

 7 8 8

 7 7 8

 7 8 8

 9 9 10

 9 10 10

 11 12 10

 11 10 5

 13 14 15

 13 15 16

 4 6 6

 4 6 5

 17 3 2

 17 2 1

 7 7 8

 7 8 8

 7 7 8

 7 8 8

 7 7 8

 7 8 8

 7 8 7

 7 8 7

 7 8 7

 7 8 7

 7 8 8

 7 8 8

 7 8 8

 7 8 8

