vectors:

 -1.000000 1.000000 -1.000000

 -1.000000 -1.000000 -1.000000

 -1.000000 1.000000 1.000000

 -1.000000 -1.000000 1.000000

 1.000000 1.000000 -1.000000

 1.000000 -1.000000 -1.000000

 1.000000 1.000000 1.000000

 1.000000 -1.000000 1.000000

tris:

 0 1 3

 0 3 2

 2 3 7

 2 7 6

 6 7 5

 6 5 4

 4 5 1

 4 1 0

 2 6 4

 2 4 0

 7 3 1

 7 1 5

vector2s:

 0.375000 0.000000

 0.625000 0.000000

 0.625000 0.250000

 0.375000 0.250000

 0.625000 0.500000

 0.375000 0.500000

 0.625000 0.750000

 0.375000 0.750000

 0.625000 1.000000

 0.375000 1.000000

 0.125000 0.500000

 0.125000 0.750000

 0.875000 0.500000

 0.875000 0.750000

uv:

 0 1 2

 0 2 3

 3 2 4

 3 4 5

 5 4 6

 5 6 7

 7 6 8

 7 8 9

 10 5 7

 10 7 11

 4 12 13

 4 13 6

palette:

 255 255 255 255

color:

 0 0 0

 0 0 0

 0 0 0

 0 0 0

 0 0 0

 0 0 0

 0 0 0

 0 0 0

 0 0 0

 0 0 0

 0 0 0

 0 0 0

