vectors:

 -1.120731 1.223464 3.780936

 -0.286337 -11.837698 1.417600

 1.445992 0.820774 3.668870

 0.353813 -11.837698 1.389650

 3.181697 -0.183294 1.774681

 0.786705 -11.837698 0.917232

 3.069631 -0.183294 -0.792042

 0.758755 -11.837698 0.277081

 1.175442 0.497494 -2.527747

 0.286337 -11.837698 -0.155810

 -1.391281 0.831449 -2.415681

 -0.353814 -11.837698 -0.127861

 -3.126986 0.980664 -0.521492

 -0.786705 -11.837698 0.344558

 -3.014920 1.124469 2.045231

 -0.758756 -11.837698 0.984708

 -1.026250 -1.740631 3.521353

 -0.620969 -3.041351 2.336991

 -0.508666 -5.246763 2.028442

 -0.453084 -6.894497 1.875732

 -0.397502 -8.542231 1.723021

 -0.341920 -10.189964 1.570310

 0.422493 -10.189964 1.536935

 0.491174 -8.542231 1.684221

 0.559854 -6.894496 1.831506

 0.628534 -5.246762 1.978791

 0.767301 -3.041350 2.276378

 1.329247 -1.740630 3.418510

 0.939415 -10.189964 0.972814

 1.092126 -8.542231 1.028396

 1.244837 -6.894496 1.083978

 1.397548 -5.246762 1.139560

 1.706096 -3.041350 1.251863

 2.922114 -1.740630 1.680200

 0.906040 -10.189964 0.208401

 1.053326 -8.542231 0.139721

 1.200611 -6.894496 0.071040

 1.347896 -5.246762 0.002360

 1.645483 -3.041350 -0.136407

 2.819271 -1.740630 -0.675297

 0.341919 -10.189964 -0.308521

 0.397501 -8.542231 -0.461232

 0.453083 -6.894496 -0.613942

 0.508666 -5.246762 -0.766653

 0.620968 -3.041350 -1.075202

 1.080961 -1.740630 -2.268164

 -0.422494 -10.189964 -0.275146

 -0.491174 -8.542231 -0.422431

 -0.559855 -6.894496 -0.569717

 -0.628535 -5.246762 -0.717002

 -0.767302 -3.041350 -1.014589

 -1.274536 -1.740630 -2.165321

 -0.939416 -10.189964 0.288975

 -1.092127 -8.542231 0.233393

 -1.244837 -6.894496 0.177811

 -1.397548 -5.246762 0.122229

 -1.706097 -3.041350 0.009926

 -2.867403 -1.740630 -0.427012

 -0.906041 -10.189964 1.053388

 -1.053326 -8.542231 1.122069

 -1.200612 -6.894496 1.190749

 -1.347897 -5.246762 1.259429

 -1.645484 -3.041350 1.398196

 -2.764560 -1.740630 1.928486

 0.644936 -12.568041 2.013960

 -0.521940 -12.568041 2.064907

 1.434017 -12.568041 1.152829

 1.383070 -12.568041 -0.014047

 0.521939 -12.568041 -0.803128

 -0.644937 -12.568041 -0.752181

 -1.434018 -12.568041 0.108950

 -1.383071 -12.568041 1.275826

 -0.000000 -15.099116 0.630890

 0.959894 -0.924401 -5.041063

 1.054374 0.973449 -5.300646

 -1.512348 1.367857 -5.188581

 -1.395604 -0.924401 -4.938221

tris:

 21 1 3

 21 3 22

 22 3 5

 22 5 28

 28 5 7

 28 7 34

 34 7 9

 34 9 40

 40 9 11

 40 11 46

 46 11 13

 46 13 52

 9 7 67

 9 67 68

 52 13 15

 52 15 58

 58 15 1

 58 1 21

 14 0 2

 2 4 6

 6 8 10

 10 12 14

 14 2 6

 6 10 14

 14 63 16

 14 16 0

 63 62 17

 63 17 16

 62 61 18

 62 18 17

 61 60 19

 61 19 18

 60 59 20

 60 20 19

 59 58 21

 59 21 20

 12 57 63

 12 63 14

 57 56 62

 57 62 63

 56 55 61

 56 61 62

 55 54 60

 55 60 61

 54 53 59

 54 59 60

 53 52 58

 53 58 59

 10 51 57

 10 57 12

 51 50 56

 51 56 57

 50 49 55

 50 55 56

 49 48 54

 49 54 55

 48 47 53

 48 53 54

 47 46 52

 47 52 53

 45 44 50

 45 50 51

 44 43 49

 44 49 50

 43 42 48

 43 48 49

 42 41 47

 42 47 48

 41 40 46

 41 46 47

 6 39 45

 6 45 8

 39 38 44

 39 44 45

 38 37 43

 38 43 44

 37 36 42

 37 42 43

 36 35 41

 36 41 42

 35 34 40

 35 40 41

 4 33 39

 4 39 6

 33 32 38

 33 38 39

 32 31 37

 32 37 38

 31 30 36

 31 36 37

 30 29 35

 30 35 36

 29 28 34

 29 34 35

 2 27 33

 2 33 4

 27 26 32

 27 32 33

 26 25 31

 26 31 32

 25 24 30

 25 30 31

 24 23 29

 24 29 30

 23 22 28

 23 28 29

 0 16 27

 0 27 2

 16 17 26

 16 26 27

 17 18 25

 17 25 26

 18 19 24

 18 24 25

 19 20 23

 19 23 24

 20 21 22

 20 22 23

 66 64 72

 15 13 70

 15 70 71

 5 3 64

 5 64 66

 11 9 68

 11 68 69

 1 15 71

 1 71 65

 3 1 65

 3 65 64

 7 5 66

 7 66 67

 13 11 69

 13 69 70

 71 70 72

 69 68 72

 67 66 72

 64 65 72

 65 71 72

 70 69 72

 68 67 72

 74 73 76

 74 76 75

 45 51 76

 45 76 73

 8 45 73

 8 73 74

 51 10 75

 51 75 76

vector2s:

 0.778970 0.293355

 0.778970 0.478004

 0.594321 0.478004

 0.594321 0.293355

 0.995946 0.293355

 0.995946 0.478004

 0.811297 0.478004

 0.811297 0.293355

 0.632815 0.311629

 0.737366 0.311629

 0.737366 0.416180

 0.632815 0.416180

 0.621362 0.320396

 0.594321 0.385680

 0.621362 0.450963

 0.686646 0.478004

 0.751929 0.450963

 0.778970 0.385680

 0.751929 0.320396

 0.686646 0.293355

 0.778970 0.250582

 0.778970 0.435231

 0.594321 0.435231

 0.594321 0.250582

 0.777623 0.293355

 0.777623 0.478004

 0.592974 0.478004

 0.592974 0.293355

 0.992205 0.293355

 0.992205 0.478004

 0.807556 0.478004

 0.807556 0.293355

 0.670514 0.292157

 0.670514 0.435651

 0.527019 0.435651

 0.586103 0.250582

 0.586103 0.501335

 0.401454 0.501335

 0.401454 0.250582

 0.609889 0.308145

 0.746293 0.308145

 0.746293 0.444549

 0.609889 0.444549

uv:

 0 1 2

 0 2 3

 0 1 2

 0 2 3

 0 1 2

 0 2 3

 4 5 6

 4 6 7

 0 1 2

 0 2 3

 4 5 6

 4 6 7

 8 9 10

 8 10 11

 0 1 2

 0 2 3

 0 1 2

 0 2 3

 12 13 14

 14 15 16

 16 17 18

 18 19 12

 12 14 16

 16 18 12

 20 21 22

 20 22 23

 24 25 26

 24 26 27

 0 1 2

 0 2 3

 28 29 30

 28 30 31

 0 1 2

 0 2 3

 28 29 30

 28 30 31

 20 21 22

 20 22 23

 0 1 2

 0 2 3

 0 1 2

 0 2 3

 0 1 2

 0 2 3

 0 1 2

 0 2 3

 0 1 2

 0 2 3

 20 21 22

 20 22 23

 0 1 2

 0 2 3

 4 5 6

 4 6 7

 0 1 2

 0 2 3

 4 5 6

 4 6 7

 0 1 2

 0 2 3

 0 1 2

 0 2 3

 0 1 2

 0 2 3

 0 1 2

 0 2 3

 0 1 2

 0 2 3

 0 1 2

 0 2 3

 20 21 22

 20 22 23

 0 1 2

 0 2 3

 4 5 6

 4 6 7

 0 1 2

 0 2 3

 4 5 6

 4 6 7

 0 1 2

 0 2 3

 20 21 22

 20 22 23

 0 1 2

 0 2 3

 0 1 2

 0 2 3

 0 1 2

 0 2 3

 0 1 2

 0 2 3

 0 1 2

 0 2 3

 20 21 22

 20 22 23

 24 25 26

 24 26 27

 0 1 2

 0 2 3

 28 29 30

 28 30 31

 0 1 2

 0 2 3

 28 29 30

 28 30 31

 20 21 22

 20 22 23

 0 1 2

 0 2 3

 0 1 2

 0 2 3

 0 1 2

 0 2 3

 0 1 2

 0 2 3

 0 1 2

 0 2 3

 32 33 34

 8 9 10

 8 10 11

 8 9 10

 8 10 11

 8 9 10

 8 10 11

 8 9 10

 8 10 11

 8 9 10

 8 10 11

 8 9 10

 8 10 11

 8 9 10

 8 10 11

 32 33 34

 32 33 34

 32 33 34

 32 33 34

 32 33 34

 32 33 34

 32 33 34

 35 36 37

 35 37 38

 39 40 41

 39 41 42

 39 40 41

 39 41 42

 39 40 41

 39 41 42

palette:

 255 255 255 255

 41 46 41 255

 13 46 7 255

color:

 0 1 1

 0 1 0

 0 1 1

 0 1 0

 0 1 1

 0 1 0

 0 1 1

 0 1 0

 0 1 1

 0 1 0

 0 1 1

 0 1 0

 1 1 0

 1 0 0

 0 1 1

 0 1 0

 0 1 1

 0 1 0

 2 2 2

 2 2 2

 2 2 2

 2 2 2

 2 2 2

 2 2 2

 2 0 0

 2 0 2

 0 1 1

 0 1 0

 1 0 0

 1 0 1

 0 0 0

 0 0 0

 0 0 0

 0 0 0

 0 0 0

 0 0 0

 2 0 0

 2 0 2

 0 1 1

 0 1 0

 1 0 0

 1 0 1

 0 0 0

 0 0 0

 0 0 0

 0 0 0

 0 0 0

 0 0 0

 2 0 0

 2 0 2

 0 1 1

 0 1 0

 1 0 0

 1 0 1

 0 0 0

 0 0 0

 0 0 0

 0 0 0

 0 0 0

 0 0 0

 0 1 1

 0 1 0

 1 0 0

 1 0 1

 0 0 0

 0 0 0

 0 0 0

 0 0 0

 0 0 0

 0 0 0

 2 0 0

 2 0 2

 0 1 1

 0 1 0

 1 0 0

 1 0 1

 0 0 0

 0 0 0

 0 0 0

 0 0 0

 0 0 0

 0 0 0

 2 0 0

 2 0 2

 0 1 1

 0 1 0

 1 0 0

 1 0 1

 0 0 0

 0 0 0

 0 0 0

 0 0 0

 0 0 0

 0 0 0

 2 0 0

 2 0 2

 0 1 1

 0 1 0

 1 0 0

 1 0 1

 0 0 0

 0 0 0

 0 0 0

 0 0 0

 0 0 0

 0 0 0

 2 0 0

 2 0 2

 0 1 1

 0 1 0

 1 0 0

 1 0 1

 0 0 0

 0 0 0

 0 0 0

 0 0 0

 0 0 0

 0 0 0

 0 0 0

 1 1 0

 1 0 0

 1 1 0

 1 0 0

 1 1 0

 1 0 0

 1 1 0

 1 0 0

 1 1 0

 1 0 0

 1 1 0

 1 0 0

 1 1 0

 1 0 0

 0 0 0

 0 0 0

 0 0 0

 0 0 0

 0 0 0

 0 0 0

 0 0 0

 2 0 0

 2 0 2

 0 0 0

 0 0 0

 2 0 0

 2 0 2

 0 2 2

 0 2 0

