vectors:

 -1.000000 1.000000 -1.000000

 -1.000000 -1.000000 -1.000000

 -1.000000 1.000000 1.000000

 -1.000000 -1.000000 1.000000

 1.000000 1.000000 -1.000000

 1.000000 -1.000000 -1.000000

 1.000000 1.000000 1.000000

 1.000000 -1.000000 1.000000

 -0.580121 -1.562363 -0.580121

 -0.580121 -1.562363 0.580121

 0.580121 -1.562363 0.580121

 0.580121 -1.562363 -0.580121

 -0.580121 -2.411658 -0.580121

 -0.580121 -2.411658 0.580121

 0.580121 -2.411658 0.580121

 0.580121 -2.411658 -0.580121

 -0.974834 -2.612901 -0.974834

 -0.974834 -2.612901 0.974834

 0.974834 -2.612901 0.974834

 0.974834 -2.612901 -0.974834

 -0.377068 -3.077869 -0.377068

 -0.377068 -3.077869 0.377068

 0.377068 -3.077869 0.377068

 0.377068 -3.077869 -0.377068

tris:

 0 1 3

 0 3 2

 2 3 7

 2 7 6

 6 7 5

 6 5 4

 4 5 1

 4 1 0

 2 6 4

 2 4 0

 1 5 11

 1 11 8

 8 11 15

 8 15 12

 7 3 9

 7 9 10

 5 7 10

 5 10 11

 3 1 8

 3 8 9

 15 14 18

 15 18 19

 10 9 13

 10 13 14

 11 10 14

 11 14 15

 9 8 12

 9 12 13

 16 19 23

 16 23 20

 13 12 16

 13 16 17

 12 15 19

 12 19 16

 14 13 17

 14 17 18

 18 17 21

 18 21 22

 19 18 22

 19 22 23

 17 16 20

 17 20 21

 22 21 20

 22 20 23

vector2s:

 0.375000 0.000000

 0.625000 0.000000

 0.625000 0.250000

 0.375000 0.250000

 0.625000 0.500000

 0.375000 0.500000

 0.625000 0.750000

 0.375000 0.750000

 0.625000 1.000000

 0.375000 1.000000

 0.125000 0.500000

 0.125000 0.750000

 0.875000 0.500000

 0.875000 0.750000

uv:

 0 1 2

 0 2 3

 3 2 4

 3 4 5

 5 4 6

 5 6 7

 7 6 8

 7 8 9

 10 5 7

 10 7 11

 8 6 6

 8 6 8

 8 6 6

 8 6 8

 4 2 2

 4 2 4

 6 4 4

 6 4 6

 2 1 1

 2 1 2

 6 4 4

 6 4 6

 4 2 2

 4 2 4

 6 4 4

 6 4 6

 2 1 1

 2 1 2

 8 6 6

 8 6 8

 2 1 1

 2 1 2

 8 6 6

 8 6 8

 4 2 2

 4 2 4

 4 2 2

 4 2 4

 6 4 4

 6 4 6

 2 1 1

 2 1 2

 4 12 13

 4 13 6

palette:

 255 255 255 255

color:

 0 0 0

 0 0 0

 0 0 0

 0 0 0

 0 0 0

 0 0 0

 0 0 0

 0 0 0

 0 0 0

 0 0 0

 0 0 0

 0 0 0

 0 0 0

 0 0 0

 0 0 0

 0 0 0

 0 0 0

 0 0 0

 0 0 0

 0 0 0

 0 0 0

 0 0 0

 0 0 0

 0 0 0

 0 0 0

 0 0 0

 0 0 0

 0 0 0

 0 0 0

 0 0 0

 0 0 0

 0 0 0

 0 0 0

 0 0 0

 0 0 0

 0 0 0

 0 0 0

 0 0 0

 0 0 0

 0 0 0

 0 0 0

 0 0 0

 0 0 0

 0 0 0

