vectors:

 -137.046036 8.760960 -227.765137

 -141.279587 8.760960 -228.853745

 -148.779037 8.760960 -228.853745

 -153.012589 8.760960 -227.765137

 -135.957382 8.760960 -223.531570

 -141.279587 8.760960 -223.531570

 -148.779037 8.760960 -223.531570

 -156.278473 8.760960 -223.531570

 -160.512024 8.760960 -220.265686

 -129.546570 8.760960 -212.766251

 -133.780136 8.760960 -216.032150

 -141.279587 8.760960 -216.032150

 -148.779037 8.760960 -216.032150

 -156.278473 8.760960 -216.032150

 -161.600647 8.760960 -216.032150

 -197.041519 8.760960 -212.766251

 -201.275085 8.760960 -213.854889

 -208.774506 8.760960 -213.854889

 -216.273941 8.760960 -213.854889

 -220.507477 8.760960 -212.766251

 42.940479 8.760960 -205.266800

 38.706928 8.760960 -206.355423

 31.207499 8.760960 -206.355423

 23.708054 8.760960 -206.355423

 16.208620 8.760960 -206.355423

 8.709183 8.760960 -206.355423

 1.209748 8.760960 -206.355423

 -6.289691 8.760960 -206.355423

 -13.789128 8.760960 -206.355423

 -21.288568 8.760960 -206.355423

 -25.522123 8.760960 -205.266800

 -122.047150 8.760960 -205.266800

 -126.280701 8.760960 -208.532684

 -133.780136 8.760960 -208.532684

 -141.279587 8.760960 -208.532684

 -148.779037 8.760960 -208.532684

 -156.278473 8.760960 -208.532684

 -161.600647 8.760960 -208.532684

 -195.952896 8.760960 -208.532684

 -201.275085 8.760960 -208.532684

 -208.774506 8.760960 -208.532684

 -216.273941 8.760960 -208.532684

 -221.596130 8.760960 -208.532684

 50.439911 8.760960 -197.767365

 46.206367 8.760960 -201.033249

 38.706928 8.760960 -201.033249

 31.207495 8.760960 -201.033249

 23.708054 8.760960 -201.033249

 16.208620 8.760960 -201.033249

 8.709183 8.760960 -201.033249

 1.209746 8.760960 -201.033249

 -6.289691 8.760960 -201.033249

 -13.789130 8.760960 -201.033249

 -21.288568 8.760960 -201.033249

 -28.788008 8.760960 -201.033249

 -36.287445 8.760960 -198.856003

 -43.786884 8.760960 -198.856003

 -48.020435 8.760960 -197.767365

 -120.958519 8.760960 -201.033249

 -126.280701 8.760960 -201.033249

 -133.780136 8.760960 -201.033249

 -141.279587 8.760960 -201.033249

 -148.779037 8.760960 -201.033249

 -156.278473 8.760960 -201.033249

 -161.600647 8.760960 -201.033249

 -189.542099 8.760960 -197.767365

 -193.775650 8.760960 -201.033249

 -201.275085 8.760960 -201.033249

 -208.774506 8.760960 -201.033249

 -216.273941 8.760960 -201.033249

 -221.596130 8.760960 -201.033249

 57.939339 8.760960 -190.267929

 53.705795 8.760960 -193.533813

 46.206367 8.760960 -193.533813

 38.706928 8.760960 -193.533813

 31.207495 8.760960 -193.533813

 23.708054 8.760960 -193.533813

 16.208620 8.760960 -193.533813

 8.709183 8.760960 -193.533813

 1.209746 8.760960 -193.533813

 -6.289691 8.760960 -193.533813

 -13.789130 8.760960 -193.533813

 -21.288568 8.760960 -193.533813

 -28.788008 8.760960 -193.533813

 -36.287445 8.760960 -193.533813

 -43.786884 8.760960 -193.533813

 -51.286320 8.760960 -193.533813

 -55.519878 8.760960 -190.267929

 -120.958519 8.760960 -193.533829

 -126.280701 8.760960 -193.533813

 -133.780136 8.760960 -193.533813

 -141.279587 8.760960 -193.533813

 -148.779037 8.760960 -193.533813

 -156.278473 8.760960 -193.533813

 -163.777908 8.760960 -193.533813

 -168.011459 8.760960 -190.267929

 -182.042648 8.760960 -190.267929

 -186.276199 8.760960 -193.533813

 -193.775650 8.760960 -193.533813

 -201.275085 8.760960 -193.533813

 -208.774506 8.760960 -193.533813

 -216.273941 8.760960 -193.533813

 -221.596130 8.760960 -193.533829

 59.027977 8.760960 -186.034393

 53.705795 8.760960 -186.034363

 46.206367 8.760960 -186.034363

 38.706928 8.760960 -186.034363

 31.207495 8.760960 -186.034363

 23.708054 8.760960 -188.211624

 16.208620 8.760960 -188.211624

 8.709183 8.760960 -188.211624

 1.209748 8.760960 -188.211624

 -6.289691 8.760960 -188.211624

 -13.789128 8.760960 -188.211624

 -21.288568 8.760960 -186.034363

 -28.788008 8.760960 -186.034363

 -36.287445 8.760960 -186.034363

 -43.786884 8.760960 -186.034363

 -51.286320 8.760960 -186.034363

 -56.608501 8.760960 -186.034393

 -120.958519 8.760960 -186.034393

 -126.280701 8.760960 -186.034363

 -133.780136 8.760960 -186.034363

 -141.279587 8.760960 -186.034363

 -148.779037 8.760960 -186.034363

 -156.278473 8.760960 -186.034363

 -163.777908 8.760960 -186.034363

 -171.277313 8.760960 -186.034363

 -178.776779 8.760960 -186.034363

 -186.276199 8.760960 -186.034363

 -193.775650 8.760960 -186.034363

 -201.275085 8.760960 -186.034363

 -208.774506 8.760960 -186.034363

 -216.273941 8.760960 -188.211624

 -220.507477 8.760960 -189.300262

 110.435417 8.760960 -175.269058

 106.201866 8.760960 -176.357697

 98.702431 8.760960 -176.357697

 91.202988 8.760960 -176.357697

 83.703552 8.760960 -176.357697

 79.469986 8.760960 -175.269058

 59.027977 8.760960 -178.534943

 53.705795 8.760960 -178.534943

 46.206367 8.760960 -178.534943

 38.706928 8.760960 -178.534943

 34.473373 8.760960 -181.800827

 -24.554455 8.760960 -181.800827

 -28.788008 8.760960 -180.712219

 -36.287445 8.760960 -180.712219

 -43.786884 8.760960 -180.712219

 -51.286320 8.760960 -180.712219

 -55.519878 8.760960 -181.800827

 -120.958519 8.760960 -178.534943

 -126.280701 8.760960 -178.534943

 -133.780136 8.760960 -178.534943

 -141.279587 8.760960 -178.534943

 -148.779037 8.760960 -178.534943

 -156.278473 8.760960 -178.534943

 -163.777908 8.760960 -178.534943

 -171.277313 8.760960 -178.534943

 -178.776779 8.760960 -178.534943

 -186.276199 8.760960 -178.534943

 -193.775650 8.760960 -178.534943

 -201.275085 8.760960 -178.534943

 -205.508621 8.760960 -181.800827

 207.928116 8.760960 -167.769608

 203.694550 8.760960 -168.858261

 196.195114 8.760960 -168.858261

 188.695694 8.760960 -168.858261

 181.196243 8.760960 -168.858261

 173.696808 8.760960 -168.858261

 166.197372 8.760960 -168.858261

 161.963821 8.760960 -167.769608

 125.434288 8.760960 -167.769608

 121.200729 8.760960 -168.858261

 113.701302 8.760960 -171.035507

 106.201866 8.760960 -171.035507

 98.702431 8.760960 -171.035507

 91.202988 8.760960 -171.035507

 83.703545 8.760960 -171.035507

 78.381363 8.760960 -171.035507

 59.027977 8.760960 -171.035507

 53.705795 8.760960 -171.035507

 46.206367 8.760960 -171.035507

 40.884186 8.760960 -171.035507

 -114.547707 8.760960 -167.769608

 -118.781258 8.760960 -171.035507

 -126.280701 8.760960 -171.035507

 -133.780136 8.760960 -171.035507

 -141.279587 8.760960 -171.035507

 -148.779037 8.760960 -171.035507

 -156.278473 8.760960 -171.035507

 -163.777908 8.760960 -171.035507

 -171.277313 8.760960 -171.035507

 -178.776779 8.760960 -171.035507

 -186.276199 8.760960 -171.035507

 -193.775650 8.760960 -171.035507

 -201.275085 8.760960 -171.035507

 -208.774506 8.760960 -168.858261

 -216.273941 8.760960 -168.858261

 -220.507477 8.760960 -167.769608

 209.016739 8.760960 -163.536087

 203.694550 8.760960 -163.536087

 196.195114 8.760960 -163.536087

 188.695679 8.760960 -163.536087

 181.196243 8.760960 -163.536087

 173.696808 8.760960 -163.536087

 166.197372 8.760960 -163.536087

 158.697922 8.760960 -163.536087

 151.198486 8.760960 -161.358810

 146.964935 8.760960 -160.270172

 132.933716 8.760960 -160.270172

 128.700180 8.760960 -163.536087

 121.200729 8.760960 -163.536087

 113.701302 8.760960 -163.536087

 106.201866 8.760960 -163.536087

 98.702431 8.760960 -163.536087

 91.202988 8.760960 -163.536087

 83.703545 8.760960 -163.536087

 78.381363 8.760960 -163.536087

 59.027977 8.760960 -163.536087

 53.705795 8.760960 -163.536087

 46.206367 8.760960 -163.536087

 40.884186 8.760960 -163.536087

 -113.459076 8.760960 -163.536087

 -118.781258 8.760960 -163.536087

 -126.280701 8.760960 -163.536087

 -133.780136 8.760960 -163.536087

 -141.279587 8.760960 -163.536087

 -148.779037 8.760960 -163.536087

 -156.278473 8.760960 -163.536087

 -163.777908 8.760960 -163.536087

 -171.277313 8.760960 -163.536087

 -178.776779 8.760960 -163.536087

 -186.276199 8.760960 -163.536087

 -193.775650 8.760960 -163.536087

 -201.275085 8.760960 -163.536087

 -208.774506 8.760960 -163.536087

 -216.273941 8.760960 -163.536087

 -223.773361 8.760960 -163.536087

 -228.006927 8.760960 -160.270172

 209.016739 8.760960 -156.036652

 203.694550 8.760960 -156.036621

 196.195114 8.760960 -156.036621

 188.695679 8.760960 -156.036621

 181.196243 8.760960 -156.036621

 173.696808 8.760960 -156.036621

 166.197372 8.760960 -156.036621

 158.697922 8.760960 -156.036621

 151.198486 8.760960 -156.036621

 145.876312 8.760960 -156.036652

 134.022354 8.760960 -156.036652

 128.700180 8.760960 -156.036621

 121.200729 8.760960 -156.036621

 113.701302 8.760960 -156.036621

 106.201866 8.760960 -156.036621

 98.702431 8.760960 -156.036621

 91.202988 8.760960 -156.036621

 83.703545 8.760960 -156.036621

 76.204109 8.760960 -156.036621

 71.970558 8.760960 -152.770752

 59.027977 8.760960 -156.036652

 53.705795 8.760960 -156.036621

 46.206367 8.760960 -156.036621

 40.884186 8.760960 -156.036652

 -114.547707 8.760960 -159.302521

 -118.781258 8.760960 -156.036621

 -126.280701 8.760960 -156.036621

 -133.780136 8.760960 -156.036621

 -141.279587 8.760960 -156.036621

 -148.779037 8.760960 -156.036621

 -156.278473 8.760960 -156.036621

 -163.777908 8.760960 -156.036621

 -171.277313 8.760960 -156.036621

 -178.776779 8.760960 -156.036621

 -186.276199 8.760960 -156.036621

 -193.775650 8.760960 -156.036621

 -201.275085 8.760960 -156.036621

 -208.774506 8.760960 -156.036621

 -216.273941 8.760960 -156.036621

 -223.773361 8.760960 -156.036621

 -229.095566 8.760960 -156.036652

 209.016739 8.760960 -148.537201

 203.694550 8.760960 -148.537201

 196.195114 8.760960 -148.537201

 188.695679 8.760960 -148.537201

 181.196243 8.760960 -148.537201

 173.696808 8.760960 -148.537201

 166.197372 8.760960 -148.537201

 158.697922 8.760960 -148.537201

 151.198486 8.760960 -148.537201

 145.876312 8.760960 -148.537201

 134.022354 8.760960 -148.537201

 128.700180 8.760960 -148.537201

 121.200729 8.760960 -148.537201

 113.701302 8.760960 -148.537201

 109.467751 8.760960 -151.803070

 96.525177 8.760960 -148.537201

 91.202988 8.760960 -148.537201

 83.703545 8.760960 -148.537201

 76.204109 8.760960 -148.537201

 68.704681 8.760960 -148.537201

 61.205238 8.760960 -148.537201

 53.705795 8.760960 -148.537201

 46.206367 8.760960 -148.537201

 40.884186 8.760960 -148.537201

 -62.051647 8.760960 -145.271317

 -66.285202 8.760960 -146.359955

 -73.784630 8.760960 -146.359955

 -81.284073 8.760960 -146.359955

 -85.517632 8.760960 -145.271317

 -122.047150 8.760960 -151.803070

 -126.280701 8.760960 -150.714447

 -133.780136 8.760960 -148.537201

 -141.279587 8.760960 -148.537201

 -148.779037 8.760960 -148.537201

 -156.278473 8.760960 -148.537201

 -163.777908 8.760960 -148.537201

 -171.277313 8.760960 -148.537201

 -178.776779 8.760960 -148.537201

 -186.276199 8.760960 -148.537201

 -193.775650 8.760960 -148.537201

 -201.275085 8.760960 -148.537201

 -208.774506 8.760960 -148.537201

 -216.273941 8.760960 -148.537201

 -223.773361 8.760960 -148.537201

 -229.095566 8.760960 -148.537201

 207.928116 8.760960 -144.303650

 203.694550 8.760960 -141.037766

 196.195114 8.760960 -141.037766

 188.695679 8.760960 -141.037766

 183.373505 8.760960 -141.037766

 171.519547 8.760960 -141.037766

 166.197372 8.760960 -141.037766

 158.697922 8.760960 -141.037766

 151.198486 8.760960 -141.037766

 145.876312 8.760960 -141.037766

 134.022354 8.760960 -141.037766

 128.700180 8.760960 -141.037766

 121.200729 8.760960 -141.037766

 115.878555 8.760960 -141.037766

 95.436539 8.760960 -144.303650

 91.202988 8.760960 -141.037766

 83.703545 8.760960 -141.037766

 76.204109 8.760960 -141.037766

 68.704681 8.760960 -141.037766

 61.205238 8.760960 -141.037766

 53.705795 8.760960 -141.037766

 46.206367 8.760960 -141.037766

 40.884186 8.760960 -141.037766

 -54.552212 8.760960 -137.771881

 -58.785763 8.760960 -141.037766

 -66.285202 8.760960 -141.037766

 -73.784630 8.760960 -141.037766

 -81.284073 8.760960 -141.037766

 -88.783516 8.760960 -141.037766

 -93.017067 8.760960 -137.771881

 -137.046036 8.760960 -144.303650

 -141.279587 8.760960 -141.037766

 -148.779037 8.760960 -141.037766

 -156.278473 8.760960 -141.037766

 -163.777908 8.760960 -141.037766

 -171.277313 8.760960 -141.037766

 -178.776779 8.760960 -141.037766

 -186.276199 8.760960 -141.037766

 -193.775650 8.760960 -141.037766

 -201.275085 8.760960 -141.037766

 -208.774506 8.760960 -141.037766

 -216.273941 8.760960 -141.037766

 -223.773361 8.760960 -141.037766

 -229.095566 8.760960 -141.037766

 201.517303 8.760960 -133.538330

 196.195114 8.760960 -133.538330

 188.695679 8.760960 -133.538330

 181.196243 8.760960 -133.538330

 173.696808 8.760960 -133.538330

 166.197372 8.760960 -133.538330

 158.697922 8.760960 -133.538330

 151.198486 8.760960 -133.538330

 143.699066 8.760960 -133.538330

 136.199615 8.760960 -133.538330

 128.700180 8.760960 -133.538330

 121.200729 8.760960 -133.538330

 115.878555 8.760960 -133.538330

 87.937103 8.760960 -136.804214

 83.703552 8.760960 -135.715591

 76.204109 8.760960 -133.538330

 68.704681 8.760960 -133.538330

 61.205238 8.760960 -133.538330

 53.705795 8.760960 -133.538330

 46.206367 8.760960 -133.538330

 41.972813 8.760960 -136.804214

 -53.463581 8.760960 -133.538330

 -58.785763 8.760960 -133.538330

 -66.285202 8.760960 -133.538330

 -73.784630 8.760960 -133.538330

 -81.284073 8.760960 -133.538330

 -88.783516 8.760960 -133.538330

 -94.105690 8.760960 -133.538330

 -144.545471 8.760960 -136.804214

 -148.779037 8.760960 -135.715591

 -156.278473 8.760960 -133.538330

 -163.777908 8.760960 -133.538330

 -171.277313 8.760960 -133.538330

 -178.776779 8.760960 -133.538330

 -186.276199 8.760960 -133.538330

 -193.775650 8.760960 -133.538330

 -201.275085 8.760960 -133.538330

 -208.774506 8.760960 -133.538330

 -216.273941 8.760960 -133.538330

 -223.773361 8.760960 -133.538330

 -228.006927 8.760960 -136.804214

 200.428680 8.760960 -129.304779

 196.195114 8.760960 -126.038887

 188.695679 8.760960 -126.038887

 181.196243 8.760960 -126.038887

 173.696808 8.760960 -126.038887

 166.197372 8.760960 -126.038887

 158.697922 8.760960 -126.038887

 151.198486 8.760960 -126.038887

 143.699066 8.760960 -126.038887

 136.199615 8.760960 -126.038887

 128.700180 8.760960 -126.038887

 121.200729 8.760960 -126.038887

 115.878555 8.760960 -126.038887

 72.938225 8.760960 -129.304779

 68.704681 8.760960 -128.216156

 61.205238 8.760960 -128.216156

 53.705807 8.760960 -128.216156

 49.472244 8.760960 -129.304779

 -53.463581 8.760960 -126.038887

 -58.785763 8.760960 -126.038887

 -66.285202 8.760960 -126.038887

 -73.784630 8.760960 -126.038887

 -81.284073 8.760960 -126.038887

 -88.783516 8.760960 -126.038887

 -94.105690 8.760960 -126.038887

 -159.544357 8.760960 -129.304779

 -163.777908 8.760960 -126.038887

 -171.277313 8.760960 -126.038887

 -178.776779 8.760960 -126.038887

 -186.276199 8.760960 -126.038887

 -193.775650 8.760960 -126.038887

 -201.275085 8.760960 -126.038887

 -208.774506 8.760960 -126.038887

 -216.273941 8.760960 -126.038887

 -221.596130 8.760960 -126.038887

 194.017853 8.760960 -118.539452

 188.695679 8.760960 -118.539452

 181.196243 8.760960 -118.539452

 173.696808 8.760960 -118.539452

 166.197372 8.760960 -118.539452

 158.697922 8.760960 -120.716721

 151.198486 8.760960 -118.539452

 143.699066 8.760960 -118.539452

 136.199615 8.760960 -118.539452

 128.700180 8.760960 -118.539452

 121.200729 8.760960 -118.539452

 115.878555 8.760960 -118.539452

 -54.552212 8.760960 -121.805336

 -58.785763 8.760960 -120.716721

 -66.285202 8.760960 -120.716721

 -73.784630 8.760960 -118.539452

 -81.284073 8.760960 -118.539452

 -88.783516 8.760960 -118.539452

 -94.105690 8.760960 -118.539452

 -167.043793 8.760960 -121.805336

 -168.011459 8.760960 -121.805336

 -182.042648 8.760960 -121.805336

 -186.276199 8.760960 -118.539452

 -193.775650 8.760960 -118.539452

 -201.275085 8.760960 -118.539452

 -208.774506 8.760960 -118.539452

 -216.273941 8.760960 -118.539452

 -220.507477 8.760960 -121.805336

 192.929245 8.760960 -114.305901

 188.695679 8.760960 -111.040024

 181.196243 8.760960 -111.040024

 173.696808 8.760960 -111.040024

 168.374619 8.760960 -111.040024

 147.932587 8.760960 -114.305901

 143.699066 8.760960 -113.217293

 136.199615 8.760960 -113.217293

 128.700180 8.760960 -113.217293

 121.200729 8.760960 -113.217293

 116.967178 8.760960 -114.305901

 -75.961891 8.760960 -111.040024

 -81.284073 8.760960 -111.040024

 -88.783516 8.760960 -111.040024

 -94.105690 8.760960 -111.040024

 -174.543213 8.760960 -107.774132

 -178.776779 8.760960 -108.862770

 -186.276199 8.760960 -111.040024

 -193.775650 8.760960 -111.040024

 -201.275085 8.760960 -111.040024

 -208.774506 8.760960 -111.040024

 -214.096710 8.760960 -111.040024

 186.518417 8.760960 -103.540581

 181.196243 8.760960 -103.540581

 173.696808 8.760960 -103.540581

 168.374619 8.760960 -103.540581

 -77.050522 8.760960 -106.806473

 -81.284073 8.760960 -105.717827

 -88.783516 8.760960 -105.717827

 -93.017067 8.760960 -106.806473

 -173.454590 8.760960 -103.540581

 -178.776779 8.760960 -103.540581

 -186.276199 8.760960 -103.540581

 -193.775650 8.760960 -103.540581

 -201.275085 8.760960 -103.540565

 -208.774506 8.760960 -103.540565

 -213.008041 8.760960 -106.806458

 186.518417 8.760960 -96.041138

 181.196243 8.760960 -96.041138

 173.696808 8.760960 -96.041138

 168.374619 8.760960 -96.041138

 -173.454590 8.760960 -96.041138

 -178.776779 8.760960 -96.041138

 -186.276199 8.760960 -96.041138

 -193.775650 8.760960 -96.041138

 -201.275085 8.760960 -98.218391

 -205.508621 8.760960 -99.307014

 186.518417 8.760960 -88.541710

 181.196243 8.760960 -88.541710

 173.696808 8.760960 -88.541710

 168.374619 8.760960 -88.541710

 -174.543213 8.760960 -91.807594

 -178.776779 8.760960 -90.718971

 -186.276230 8.760960 -90.718971

 -190.509750 8.760960 -91.807594

 186.518417 8.760960 -81.042267

 181.196243 8.760960 -81.042267

 173.696808 8.760960 -81.042267

 168.374619 8.760960 -81.042267

 186.518417 8.760960 -73.542839

 181.196243 8.760960 -73.542831

 173.696808 8.760960 -73.542831

 168.374619 8.760960 -73.542839

 132.933716 8.760960 -70.276947

 128.700180 8.760960 -71.365578

 121.200729 8.760960 -71.365578

 116.967178 8.760960 -70.276947

 186.518417 8.760960 -66.043388

 181.196243 8.760960 -66.043388

 173.696808 8.760960 -66.043388

 168.374619 8.760960 -66.043388

 134.022354 8.760960 -66.043388

 128.700180 8.760960 -66.043388

 121.200729 8.760960 -66.043388

 115.878555 8.760960 -66.043388

 192.929245 8.760960 -55.278072

 188.695679 8.760960 -58.543961

 181.196243 8.760960 -58.543961

 173.696808 8.760960 -58.543961

 168.374619 8.760960 -58.543961

 140.433151 8.760960 -55.278072

 136.199615 8.760960 -58.543961

 128.700180 8.760960 -58.543961

 121.200729 8.760960 -58.543961

 115.878555 8.760960 -58.543961

 194.017853 8.760960 -51.044518

 188.695679 8.760960 -51.044518

 181.196243 8.760960 -51.044518

 173.696808 8.760960 -51.044518

 169.463242 8.760960 -54.310402

 141.521805 8.760960 -51.044518

 136.199615 8.760960 -51.044518

 128.700180 8.760960 -51.044518

 121.200729 8.760960 -51.044518

 116.967178 8.760960 -54.310402

 194.017853 8.760960 -43.545082

 188.695679 8.760960 -43.545082

 181.196243 8.760960 -43.545082

 175.874054 8.760960 -43.545082

 141.521805 8.760960 -43.545082

 136.199615 8.760960 -43.545082

 128.700180 8.760960 -43.545082

 123.377998 8.760960 -43.545082

 194.017853 8.760960 -36.045647

 188.695679 8.760960 -36.045647

 181.196243 8.760960 -36.045647

 173.696808 8.760960 -36.045647

 169.463242 8.760960 -32.779762

 140.433151 8.760960 -39.311527

 136.199615 8.760960 -38.222904

 128.700180 8.760960 -38.222904

 124.466621 8.760960 -39.311527

 194.017853 8.760960 -28.546207

 188.695679 8.760960 -28.546207

 181.196243 8.760960 -28.546207

 173.696808 8.760960 -28.546207

 168.374619 8.760960 -28.546206

 192.929245 8.760960 -24.312654

 188.695679 8.760960 -21.046770

 181.196243 8.760960 -21.046766

 173.696808 8.760960 -21.046766

 168.374619 8.760960 -21.046766

 185.429794 8.760960 -16.813213

 181.196243 8.760960 -15.724586

 173.696808 8.760960 -15.724586

 169.463242 8.760960 -16.813211

 -189.542099 8.760960 42.214626

 -193.775650 8.760960 41.125999

 -198.009186 8.760960 42.214626

 -182.042648 8.760960 49.714066

 -186.276199 8.760960 46.448177

 -193.775650 8.760960 46.448177

 -201.275085 8.760960 46.448177

 -205.508621 8.760960 49.714066

 -180.954041 8.760960 53.947617

 -186.276199 8.760960 53.947613

 -193.775650 8.760960 53.947617

 -201.275085 8.760960 53.947617

 -206.597244 8.760960 53.947617

 -180.954041 8.760960 61.447052

 -186.276199 8.760960 61.447052

 -193.775650 8.760960 61.447052

 -201.275085 8.760960 61.447052

 -206.597244 8.760960 61.447060

 -159.544357 8.760960 72.212364

 -163.777908 8.760960 71.123741

 -171.277313 8.760960 71.123741

 -178.776779 8.760960 68.946480

 -186.276199 8.760960 68.946480

 -193.775650 8.760960 68.946480

 -201.275085 8.760960 68.946487

 -206.597244 8.760960 68.946495

 -152.044907 8.760960 79.711815

 -156.278473 8.760960 76.445923

 -163.777908 8.760960 76.445923

 -171.277313 8.760960 76.445923

 -178.776779 8.760960 76.445923

 -186.276199 8.760960 76.445923

 -193.775650 8.760960 76.445930

 -201.275085 8.760960 76.445930

 -205.508621 8.760960 73.180046

 -150.956284 8.760960 83.945358

 -156.278473 8.760960 83.945358

 -163.777908 8.760960 83.945358

 -171.277313 8.760960 83.945358

 -178.776779 8.760960 83.945358

 -186.276199 8.760960 83.945358

 -193.775650 8.760960 83.945358

 -199.097809 8.760960 83.945358

 -144.545471 8.760960 94.710686

 -148.779037 8.760960 91.444809

 -156.278473 8.760960 91.444809

 -163.777908 8.760960 91.444809

 -171.277313 8.760960 91.444809

 -178.776779 8.760960 91.444809

 -186.276199 8.760960 91.444809

 -193.775650 8.760960 91.444809

 -199.097809 8.760960 91.444794

 -129.546570 8.760960 102.210114

 -133.780151 8.760960 101.121490

 -141.279587 8.760960 98.944237

 -148.779037 8.760960 98.944237

 -156.278473 8.760960 98.944237

 -163.777908 8.760960 98.944237

 -171.277313 8.760960 98.944237

 -178.776779 8.760960 98.944237

 -186.276199 8.760960 98.944237

 -193.775650 8.760960 98.944237

 -199.097809 8.760960 98.944237

 -122.047150 8.760960 109.709541

 -126.280701 8.760960 106.443665

 -133.780136 8.760960 106.443665

 -141.279587 8.760960 106.443665

 -148.779037 8.760960 106.443665

 -156.278473 8.760960 106.443665

 -163.777908 8.760960 106.443665

 -168.011459 8.760960 103.177788

 -180.954041 8.760960 106.443665

 -186.276199 8.760960 106.443665

 -193.775650 8.760960 106.443665

 -199.097809 8.760960 106.443665

 -120.958519 8.760960 113.943108

 -126.280701 8.760960 113.943108

 -133.780136 8.760960 113.943108

 -141.279587 8.760960 113.943108

 -148.779037 8.760960 113.943108

 -156.278473 8.760960 111.765862

 -160.512024 8.760960 110.677216

 -180.954041 8.760960 113.943108

 -186.276199 8.760960 113.943108

 -193.775650 8.760960 113.943108

 -201.275085 8.760960 113.943108

 -205.508621 8.760960 117.209000

 -122.047150 8.760960 118.176666

 -126.280701 8.760960 121.442551

 -133.780136 8.760960 121.442551

 -141.279587 8.760960 121.442551

 -145.513138 8.760960 118.176666

 -180.954041 8.760960 121.442551

 -186.276199 8.760960 121.442551

 -193.775650 8.760960 121.442551

 -201.275085 8.760960 121.442551

 -206.597244 8.760960 121.442551

 -129.546570 8.760960 125.676102

 -133.780151 8.760960 126.764740

 -138.013702 8.760960 125.676102

 -182.042648 8.760960 125.676102

 -186.276199 8.760960 128.942001

 -193.775650 8.760960 128.942001

 -201.275085 8.760960 128.942001

 -206.597244 8.760960 128.941986

 -189.542099 8.760960 133.175552

 -193.775650 8.760960 136.441437

 -201.275085 8.760960 136.441437

 -208.774506 8.760960 136.441437

 -213.008041 8.760960 139.707306

 -195.952896 8.760960 143.940872

 -201.275085 8.760960 143.940872

 -208.774506 8.760960 143.940872

 -216.273941 8.760960 143.940872

 -220.507477 8.760960 147.206757

 -195.952896 8.760960 151.440308

 -201.275085 8.760960 151.440292

 -208.774506 8.760960 151.440292

 -216.273941 8.760960 151.440292

 -223.773361 8.760960 151.440292

 -228.006927 8.760960 154.706207

 -197.041519 8.760960 155.673859

 -201.275085 8.760960 158.939758

 -208.774506 8.760960 158.939758

 -216.273941 8.760960 158.939758

 -223.773361 8.760960 158.939758

 -229.095566 8.760960 158.939758

 -204.540955 8.760960 163.173294

 -208.774506 8.760960 166.439178

 -216.273941 8.760960 166.439178

 -223.773361 8.760960 166.439178

 -229.095566 8.760960 166.439194

 -210.951767 8.760960 173.938614

 -216.273941 8.760960 173.938614

 -223.773361 8.760960 173.938614

 -229.095566 8.760960 173.938614

 -210.951767 8.760960 181.438065

 -216.273941 8.760960 181.438065

 -223.773361 8.760960 181.438065

 -229.095566 8.760960 181.438065

 -212.040405 8.760960 185.671600

 -216.273941 8.760960 186.760254

 -223.773361 8.760960 186.760254

 -228.006927 8.760960 185.671600

 -134.075851 12.844583 -230.735306

 -140.752380 12.844583 -233.020996

 -149.306229 12.844583 -233.020996

 -155.324036 12.844583 -231.272430

 -131.905899 12.844583 -224.640320

 -159.248672 12.844583 -226.501740

 -164.019318 12.844583 -222.577133

 -126.576401 12.844583 -215.736420

 -130.308929 12.844583 -218.397446

 -165.767914 12.844583 -216.559341

 -194.071335 12.844583 -215.736420

 -200.747864 12.844583 -218.022141

 -208.774506 12.844583 -218.055359

 -216.801163 12.844583 -218.022141

 -223.477676 12.844583 -215.736420

 45.251945 12.844583 -208.774094

 39.234142 12.844583 -210.522690

 31.207499 12.844583 -210.555908

 23.708054 12.844583 -210.555908

 16.208620 12.844583 -210.555908

 8.709183 12.844583 -210.555908

 1.209748 12.844583 -210.555908

 -6.289691 12.844583 -210.555908

 -13.789128 12.844583 -210.555908

 -21.815784 12.844583 -210.522690

 -27.833580 12.844583 -208.774094

 -118.539848 12.844583 -207.578247

 -123.310516 12.844583 -211.502853

 -165.801132 12.844583 -208.532684

 -191.901398 12.844583 -209.641434

 -225.763397 12.844583 -209.059937

 53.410099 12.844583 -200.737549

 49.176552 12.844583 -204.003433

 -31.153311 12.844583 -204.504471

 -36.878902 12.844583 -203.014633

 -44.314098 12.844583 -203.023254

 -50.331902 12.844583 -201.274673

 -116.791260 12.844583 -201.560471

 -165.759277 12.844583 -201.624710

 -186.571899 12.844583 -200.737549

 -190.304428 12.844583 -203.398560

 -225.796616 12.844583 -201.033249

 61.446640 12.844583 -192.579391

 56.675983 12.844583 -196.503998

 -54.256508 12.844583 -196.503998

 -59.027184 12.844583 -192.579391

 -116.758049 12.844583 -193.533829

 -167.249115 12.844583 -195.899139

 -170.981628 12.844583 -193.238129

 -179.072464 12.844583 -193.238129

 -183.306015 12.844583 -196.503998

 -225.763397 12.844583 -193.006622

 63.195236 12.844583 -186.561615

 28.842188 12.844583 -182.563156

 23.116594 12.844583 -184.052994

 16.208620 12.844583 -184.011139

 8.709183 12.844583 -184.011139

 1.209748 12.844583 -184.011139

 -6.289691 12.844583 -184.011139

 -13.197670 12.844583 -184.052994

 -18.923264 12.844583 -182.563156

 -60.808979 12.844583 -186.034393

 -116.758049 12.844583 -186.034393

 -173.130295 12.844583 -189.804062

 -176.923798 12.844583 -189.804062

 -211.139816 12.844583 -182.563156

 -217.382690 12.844583 -184.160126

 -223.477676 12.844583 -186.330078

 112.746880 12.844583 -178.776352

 106.729088 12.844583 -180.524933

 98.702431 12.844583 -180.558167

 91.202988 12.844583 -180.558167

 83.176346 12.844583 -180.524933

 76.499802 12.844583 -178.239243

 63.228455 12.844583 -178.534943

 35.235718 12.844583 -176.169632

 31.503191 12.844583 -178.830643

 -22.243000 12.844583 -178.293518

 -28.260796 12.844583 -176.544968

 -36.287445 12.844583 -176.511734

 -43.786884 12.844583 -176.511734

 -51.813530 12.844583 -176.544968

 -58.490063 12.844583 -178.830643

 -116.799896 12.844583 -179.126404

 -205.044754 12.844583 -176.681976

 -208.478806 12.844583 -178.830643

 210.898331 12.844583 -170.739792

 204.221786 12.844583 -173.025513

 196.195114 12.844583 -173.058731

 188.695694 12.844583 -173.058731

 181.196243 12.844583 -173.058731

 173.696808 12.844583 -173.058731

 165.670135 12.844583 -173.025513

 159.652359 12.844583 -171.276901

 127.745750 12.844583 -171.276901

 122.309479 12.844583 -172.909760

 116.066612 12.844583 -174.506729

 74.214104 12.844583 -171.562729

 63.228455 12.844583 -171.035507

 36.725567 12.844583 -170.444046

 -111.040405 12.844583 -170.081070

 -115.310051 12.844583 -173.400818

 -204.633896 12.844583 -173.557877

 -209.365952 12.844583 -173.016891

 -216.801163 12.844583 -173.025513

 -222.818954 12.844583 -171.276901

 213.183975 12.844583 -164.063293

 156.332626 12.844583 -167.007294

 150.089737 12.844583 -165.410309

 143.994736 12.844583 -163.240356

 136.441025 12.844583 -162.581619

 131.670364 12.844583 -166.506256

 74.222740 12.844583 -164.127533

 63.228455 12.844583 -163.536087

 36.683712 12.844583 -163.536087

 -109.258606 12.844583 -163.536087

 -226.743561 12.844583 -166.506256

 -231.514236 12.844583 -162.581619

 213.217209 12.844583 -156.036652

 141.709061 12.844583 -156.563873

 138.189606 12.844583 -156.563873

 104.348900 12.844583 -152.266953

 101.224792 12.844583 -152.677811

 72.732903 12.844583 -158.401947

 69.000374 12.844583 -155.740936

 63.186600 12.844583 -156.628098

 36.683712 12.844583 -156.036652

 -111.040405 12.844583 -156.991058

 -115.811081 12.844583 -153.066452

 -233.262787 12.844583 -156.563873

 213.183975 12.844583 -148.009979

 178.673874 12.844583 -145.178391

 176.219177 12.844583 -145.178391

 141.675827 12.844583 -148.537201

 138.222824 12.844583 -148.537201

 110.230087 12.844583 -146.171890

 106.497566 12.844583 -148.832886

 100.576675 12.844583 -147.428452

 66.851715 12.844583 -152.306870

 63.727604 12.844583 -151.896011

 36.683712 12.844583 -148.537201

 -59.740192 12.844583 -148.778625

 -65.757988 12.844583 -150.527191

 -73.784630 12.844583 -150.560410

 -81.811287 12.844583 -150.527191

 -87.829094 12.844583 -148.778625

 -119.735687 12.844583 -148.295776

 -125.171959 12.844583 -146.662949

 -131.414825 12.844583 -145.065994

 -233.296021 12.844583 -148.537201

 211.435410 12.844583 -141.992203

 207.165756 12.844583 -138.672455

 179.173019 12.844583 -141.037766

 175.720016 12.844583 -141.037766

 141.717682 12.844583 -141.629211

 138.180984 12.844583 -141.629211

 111.719940 12.844583 -140.446304

 98.943840 12.844583 -141.992188

 94.173164 12.844583 -138.067596

 36.716930 12.844583 -140.510544

 -51.044907 12.844583 -140.083344

 -55.815582 12.844583 -144.007950

 -91.753700 12.844583 -144.007950

 -96.524368 12.844583 -140.083344

 -134.075836 12.844583 -141.333466

 -138.309402 12.844583 -138.067596

 -233.262787 12.844583 -140.510544

 205.568802 12.844583 -132.429581

 178.673874 12.844583 -136.897156

 176.219177 12.844583 -136.897156

 141.176697 12.844583 -136.897156

 138.721985 12.844583 -136.897156

 111.678085 12.844583 -133.538330

 90.248558 12.844583 -133.296921

 84.812294 12.844583 -131.664093

 78.569405 12.844583 -130.067123

 43.236183 12.844583 -130.568146

 38.465511 12.844583 -134.492767

 -49.296326 12.844583 -134.065552

 -98.272949 12.844583 -134.065552

 -142.234009 12.844583 -133.296906

 -147.670288 12.844583 -131.664093

 -153.913162 12.844583 -130.067123

 -227.244598 12.844583 -131.173035

 -231.514236 12.844583 -134.492752

 203.935989 12.844583 -126.993324

 199.666321 12.844583 -123.673592

 170.726608 12.844583 -123.068710

 169.167557 12.844583 -123.068710

 111.678085 12.844583 -126.038887

 75.249687 12.844583 -125.797493

 69.231895 12.844583 -124.048889

 61.205238 12.844583 -124.015678

 53.178593 12.844583 -124.048889

 47.160782 12.844583 -125.797493

 -49.296326 12.844583 -125.511673

 -98.306160 12.844583 -126.038887

 -156.574188 12.844583 -126.334602

 -160.807724 12.844583 -123.068710

 -173.130295 12.844583 -122.269211

 -176.923798 12.844583 -122.269211

 -225.647644 12.844583 -124.930138

 198.069351 12.844583 -117.430710

 170.726608 12.844583 -121.509628

 163.227173 12.844583 -115.569283

 158.697922 12.844583 -116.516235

 153.563797 12.844583 -115.068237

 111.711304 12.844583 -118.012230

 -51.582027 12.844583 -118.835144

 -58.258556 12.844583 -116.549461

 -65.693741 12.844583 -116.558090

 -70.814453 12.844583 -115.569267

 -98.306160 12.844583 -118.539452

 -165.190826 12.844583 -118.035667

 -169.864426 12.844583 -118.035667

 -179.072464 12.844583 -118.835144

 -182.506531 12.844583 -116.686478

 -219.745148 12.844583 -116.174149

 -224.014771 12.844583 -119.493866

 196.436539 12.844583 -111.994453

 192.166885 12.844583 -108.674706

 164.215988 12.844583 -110.448563

 150.244034 12.844583 -110.798599

 144.226273 12.844583 -109.050034

 136.199615 12.844583 -109.016808

 128.700180 12.844583 -109.016808

 120.673508 12.844583 -109.050034

 113.996994 12.844583 -111.335716

 -71.910393 12.844583 -109.931282

 -98.272949 12.844583 -110.512802

 -171.573029 12.844583 -110.744324

 -177.668030 12.844583 -112.914261

 -182.917389 12.844583 -113.562378

 -218.148193 12.844583 -109.931282

 190.677048 12.844583 -102.949120

 164.174133 12.844583 -103.540581

 -74.080338 12.844583 -103.836281

 -80.756851 12.844583 -101.550575

 -89.310730 12.844583 -101.550575

 -95.987259 12.844583 -103.836281

 -169.287338 12.844583 -104.067787

 -211.744705 12.844583 -100.570389

 -216.515366 12.844583 -104.495003

 190.718903 12.844583 -96.041138

 164.174133 12.844583 -96.041138

 -169.287338 12.844583 -95.513931

 -196.140945 12.844583 -92.569923

 -202.383835 12.844583 -94.166885

 -207.820084 12.844583 -95.799721

 190.718903 12.844583 -88.541710

 164.174133 12.844583 -88.541710

 -171.573029 12.844583 -88.837410

 -178.249557 12.844583 -86.551712

 -186.803436 12.844583 -86.551712

 -192.821198 12.844583 -88.300293

 190.718903 12.844583 -81.042267

 164.174133 12.844583 -81.042267

 190.718903 12.844583 -73.542839

 164.174133 12.844583 -73.542839

 135.903915 12.844583 -73.247131

 129.227402 12.844583 -75.532837

 120.673508 12.844583 -75.532837

 113.996994 12.844583 -73.247131

 190.677048 12.844583 -66.634850

 164.174133 12.844583 -66.043388

 138.073853 12.844583 -67.152145

 111.711304 12.844583 -66.570602

 196.436539 12.844583 -57.589527

 192.166885 12.844583 -60.909271

 164.207367 12.844583 -58.016754

 143.940445 12.844583 -57.589539

 139.670822 12.844583 -60.909260

 111.711304 12.844583 -58.016743

 198.185120 12.844583 -51.571728

 170.225571 12.844583 -48.679207

 165.955933 12.844583 -51.998951

 145.689056 12.844583 -51.571743

 117.729515 12.844583 -48.679207

 113.459877 12.844583 -51.998951

 198.218338 12.844583 -43.545082

 171.673584 12.844583 -43.545082

 145.689056 12.844583 -43.017853

 119.326492 12.844583 -42.436337

 198.218338 12.844583 -36.045647

 170.225571 12.844583 -38.410954

 165.955933 12.844583 -35.091217

 143.403336 12.844583 -36.341339

 136.726837 12.844583 -34.055649

 128.172958 12.844583 -34.055649

 121.496429 12.844583 -36.341347

 198.185120 12.844583 -28.018997

 164.207367 12.844583 -29.073416

 196.436539 12.844583 -22.001196

 191.665863 12.844583 -18.076582

 164.207367 12.844583 -20.519558

 187.741257 12.844583 -13.305915

 181.723465 12.844583 -11.557328

 173.169601 12.844583 -11.557328

 166.493042 12.844583 -13.843030

 -187.230637 12.844583 38.707321

 -193.775650 12.844583 36.925526

 -200.320633 12.844583 38.707329

 -178.535355 12.844583 47.402607

 -183.306015 12.844583 43.477997

 -204.245270 12.844583 43.477997

 -209.015915 12.844583 47.402607

 -176.786774 12.844583 53.420410

 -210.764511 12.844583 53.420399

 -176.795410 12.844583 60.855587

 -210.797729 12.844583 61.447060

 -157.232910 12.844583 68.705070

 -163.250702 12.844583 66.956482

 -170.685867 12.844583 66.965118

 -175.806595 12.844583 65.976295

 -210.764511 12.844583 69.473717

 -148.537613 12.844583 77.400360

 -153.308289 12.844583 73.475739

 -204.746292 12.844583 78.811241

 -209.015915 12.844583 75.491508

 -146.904770 12.844583 82.836617

 -203.256439 12.844583 84.536827

 -141.575272 12.844583 91.740501

 -145.307816 12.844583 89.079498

 -203.298294 12.844583 91.444794

 -127.235130 12.844583 98.702812

 -132.671402 12.844583 97.069984

 -138.914261 12.844583 95.473030

 -173.130295 12.844583 102.713913

 -176.254410 12.844583 102.303055

 -203.298294 12.844583 98.944237

 -118.539848 12.844583 107.398102

 -123.310516 12.844583 103.473488

 -166.748093 12.844583 109.413857

 -170.981628 12.844583 106.147964

 -176.795410 12.844583 107.035133

 -203.256439 12.844583 105.852211

 -116.758049 12.844583 113.943108

 -151.144348 12.844583 117.414314

 -157.387222 12.844583 115.817360

 -162.823502 12.844583 114.184517

 -176.753555 12.844583 113.943108

 -204.746292 12.844583 111.577797

 -209.015915 12.844583 114.897530

 -118.539848 12.844583 120.488113

 -123.310516 12.844583 124.412727

 -144.249756 12.844583 124.412727

 -148.483322 12.844583 121.146851

 -176.786774 12.844583 121.969749

 -210.764511 12.844583 120.915329

 -127.235115 12.844583 129.183395

 -133.780151 12.844583 130.965210

 -140.325165 12.844583 129.183395

 -178.535355 12.844583 127.987541

 -183.306015 12.844583 131.912186

 -210.755890 12.844583 128.350525

 -186.571899 12.844583 136.145737

 -190.304428 12.844583 138.806747

 -212.245728 12.844583 134.076111

 -215.978241 12.844583 136.737122

 -191.794266 12.844583 144.532333

 -219.244125 12.844583 140.970673

 -223.477676 12.844583 144.236572

 -191.785660 12.844583 151.967529

 -226.743561 12.844583 148.470123

 -231.514236 12.844583 152.394745

 -193.534210 12.844583 157.985321

 -198.304901 12.844583 161.909927

 -233.262787 12.844583 158.412537

 -201.570770 12.844583 166.143478

 -205.303299 12.844583 168.804489

 -233.296021 12.844583 166.439194

 -206.793152 12.844583 174.530075

 -233.296021 12.844583 173.938614

 -206.784531 12.844583 181.965286

 -233.262787 12.844583 181.965286

 -209.070190 12.844583 188.641769

 -215.746704 12.844583 190.927505

 -224.300598 12.844583 190.927505

 -230.977097 12.844583 188.641785

tris:

 740 739 743

 740 743 744

 739 738 742

 739 742 743

 738 737 741

 738 741 742

 736 735 739

 736 739 740

 735 734 738

 735 738 739

 734 733 737

 734 737 738

 732 731 735

 732 735 736

 731 730 734

 731 734 735

 730 729 733

 730 733 734

 727 726 731

 727 731 732

 726 725 730

 726 730 731

 725 724 729

 725 729 730

 724 723 728

 724 728 729

 721 720 726

 721 726 727

 720 719 725

 720 725 726

 719 718 724

 719 724 725

 718 717 723

 718 723 724

 717 716 722

 717 722 723

 715 714 719

 715 719 720

 714 713 718

 714 718 719

 713 712 717

 713 717 718

 712 711 716

 712 716 717

 710 709 713

 710 713 714

 709 708 712

 709 712 713

 708 707 711

 708 711 712

 705 704 708

 705 708 709

 704 703 707

 704 707 708

 703 702 706

 703 706 707

 697 696 704

 697 704 705

 696 695 703

 696 703 704

 695 694 702

 695 702 703

 694 693 701

 694 701 702

 691 690 699

 691 699 700

 690 689 698

 690 698 699

 687 686 696

 687 696 697

 686 685 695

 686 695 696

 685 684 694

 685 694 695

 684 683 693

 684 693 694

 680 679 691

 680 691 692

 679 678 690

 679 690 691

 678 677 689

 678 689 690

 677 676 688

 677 688 689

 675 674 685

 675 685 686

 674 673 684

 674 684 685

 673 672 683

 673 683 684

 670 669 681

 670 681 682

 669 668 680

 669 680 681

 668 667 679

 668 679 680

 667 666 678

 667 678 679

 666 665 677

 666 677 678

 665 664 676

 665 676 677

 663 662 674

 663 674 675

 662 661 673

 662 673 674

 661 660 672

 661 672 673

 659 658 670

 659 670 671

 658 657 669

 658 669 670

 657 656 668

 657 668 669

 656 655 667

 656 667 668

 655 654 666

 655 666 667

 654 653 665

 654 665 666

 652 651 662

 652 662 663

 651 650 661

 651 661 662

 650 649 660

 650 660 661

 649 648 659

 649 659 660

 648 647 658

 648 658 659

 647 646 657

 647 657 658

 646 645 656

 646 656 657

 645 644 655

 645 655 656

 643 642 651

 643 651 652

 642 641 650

 642 650 651

 641 640 649

 641 649 650

 640 639 648

 640 648 649

 639 638 647

 639 647 648

 638 637 646

 638 646 647

 637 636 645

 637 645 646

 634 633 642

 634 642 643

 633 632 641

 633 641 642

 632 631 640

 632 640 641

 631 630 639

 631 639 640

 630 629 638

 630 638 639

 629 628 637

 629 637 638

 628 627 636

 628 636 637

 626 625 634

 626 634 635

 625 624 633

 625 633 634

 624 623 632

 624 632 633

 623 622 631

 623 631 632

 622 621 630

 622 630 631

 621 620 629

 621 629 630

 620 619 628

 620 628 629

 618 617 625

 618 625 626

 617 616 624

 617 624 625

 616 615 623

 616 623 624

 615 614 622

 615 622 623

 613 612 617

 613 617 618

 612 611 616

 612 616 617

 611 610 615

 611 615 616

 610 609 614

 610 614 615

 608 607 612

 608 612 613

 607 606 611

 607 611 612

 606 605 610

 606 610 611

 605 604 609

 605 609 610

 603 602 606

 603 606 607

 602 601 605

 602 605 606

 596 595 599

 596 599 600

 595 594 598

 595 598 599

 594 593 597

 594 597 598

 591 590 595

 591 595 596

 590 589 594

 590 594 595

 589 588 593

 589 593 594

 588 587 592

 588 592 593

 582 581 590

 582 590 591

 581 580 589

 581 589 590

 580 579 588

 580 588 589

 579 578 587

 579 587 588

 577 576 585

 577 585 586

 576 575 584

 576 584 585

 575 574 583

 575 583 584

 573 572 580

 573 580 581

 572 571 579

 572 579 580

 571 570 578

 571 578 579

 568 567 576

 568 576 577

 567 566 575

 567 575 576

 566 565 574

 566 574 575

 563 562 572

 563 572 573

 562 561 571

 562 571 572

 561 560 570

 561 570 571

 559 558 568

 559 568 569

 558 557 567

 558 567 568

 557 556 566

 557 566 567

 556 555 565

 556 565 566

 554 553 563

 554 563 564

 553 552 562

 553 562 563

 552 551 561

 552 561 562

 551 550 560

 551 560 561

 549 548 558

 549 558 559

 548 547 557

 548 557 558

 547 546 556

 547 556 557

 545 544 553

 545 553 554

 544 543 552

 544 552 553

 543 542 551

 543 551 552

 541 540 548

 541 548 549

 540 539 547

 540 547 548

 539 538 546

 539 546 547

 537 536 544

 537 544 545

 536 535 543

 536 543 544

 535 534 542

 535 542 543

 533 532 536

 533 536 537

 532 531 535

 532 535 536

 531 530 534

 531 534 535

 525 524 532

 525 532 533

 524 523 531

 524 531 532

 523 522 530

 523 530 531

 519 518 528

 519 528 529

 518 517 527

 518 527 528

 517 516 526

 517 526 527

 515 514 524

 515 524 525

 514 513 523

 514 523 524

 513 512 522

 513 522 523

 510 509 520

 510 520 521

 509 508 519

 509 519 520

 508 507 518

 508 518 519

 507 506 517

 507 517 518

 506 505 516

 506 516 517

 500 499 514

 500 514 515

 499 498 513

 499 513 514

 498 497 512

 498 512 513

 496 495 510

 496 510 511

 495 494 509

 495 509 510

 494 493 508

 494 508 509

 493 492 507

 493 507 508

 492 491 506

 492 506 507

 491 490 505

 491 505 506

 489 488 503

 489 503 504

 488 487 502

 488 502 503

 487 486 501

 487 501 502

 479 478 499

 479 499 500

 478 477 498

 478 498 499

 477 476 497

 477 497 498

 473 472 495

 473 495 496

 472 471 494

 472 494 495

 471 470 493

 471 493 494

 470 469 492

 470 492 493

 465 464 488

 465 488 489

 464 463 487

 464 487 488

 463 462 486

 463 486 487

 458 457 484

 458 484 485

 457 456 483

 457 483 484

 456 455 482

 456 482 483

 455 454 481

 455 481 482

 454 453 480

 454 480 481

 451 450 478

 451 478 479

 450 449 477

 450 477 478

 449 448 476

 449 476 477

 448 447 475

 448 475 476

 446 445 473

 446 473 474

 445 444 472

 445 472 473

 444 443 471

 444 471 472

 443 442 470

 443 470 471

 442 441 469

 442 469 470

 441 440 468

 441 468 469

 439 438 466

 439 466 467

 436 435 464

 436 464 465

 435 434 463

 435 463 464

 434 433 462

 434 462 463

 433 432 461

 433 461 462

 432 431 460

 432 460 461

 431 430 459

 431 459 460

 424 423 457

 424 457 458

 423 422 456

 423 456 457

 422 421 455

 422 455 456

 421 420 454

 421 454 455

 420 419 453

 420 453 454

 419 418 452

 419 452 453

 418 417 451

 418 451 452

 416 415 449

 416 449 450

 415 414 448

 415 448 449

 414 413 447

 414 447 448

 410 409 445

 410 445 446

 409 408 444

 409 444 445

 408 407 443

 408 443 444

 407 406 442

 407 442 443

 406 405 441

 406 441 442

 405 404 440

 405 440 441

 404 403 439

 404 439 440

 403 402 438

 403 438 439

 402 401 437

 402 437 438

 398 397 435

 398 435 436

 397 396 434

 397 434 435

 396 395 433

 396 433 434

 395 394 432

 395 432 433

 394 393 431

 394 431 432

 393 392 430

 393 430 431

 390 389 428

 390 428 429

 389 388 427

 389 427 428

 388 387 426

 388 426 427

 387 386 425

 387 425 426

 383 382 423

 383 423 424

 382 381 422

 382 422 423

 381 380 421

 381 421 422

 380 379 420

 380 420 421

 379 378 419

 379 419 420

 378 377 418

 378 418 419

 377 376 417

 377 417 418

 376 375 416

 376 416 417

 375 374 415

 375 415 416

 374 373 414

 374 414 415

 373 372 413

 373 413 414

 372 371 412

 372 412 413

 370 369 410

 370 410 411

 369 368 409

 369 409 410

 368 367 408

 368 408 409

 367 366 407

 367 407 408

 366 365 406

 366 406 407

 365 364 405

 365 405 406

 364 363 404

 364 404 405

 363 362 403

 363 403 404

 362 361 402

 362 402 403

 361 360 401

 361 401 402

 360 359 400

 360 400 401

 359 358 399

 359 399 400

 356 355 397

 356 397 398

 355 354 396

 355 396 397

 354 353 395

 354 395 396

 353 352 394

 353 394 395

 352 351 393

 352 393 394

 351 350 392

 351 392 393

 349 348 390

 349 390 391

 348 347 389

 348 389 390

 347 346 388

 347 388 389

 346 345 387

 346 387 388

 345 344 386

 345 386 387

 344 343 385

 344 385 386

 343 342 384

 343 384 385

 340 339 382

 340 382 383

 339 338 381

 339 381 382

 338 337 380

 338 380 381

 336 335 378

 336 378 379

 335 334 377

 335 377 378

 334 333 376

 334 376 377

 333 332 375

 333 375 376

 331 330 373

 331 373 374

 330 329 372

 330 372 373

 329 328 371

 329 371 372

 326 325 369

 326 369 370

 325 324 368

 325 368 369

 324 323 367

 324 367 368

 323 322 366

 323 366 367

 322 321 365

 322 365 366

 321 320 364

 321 364 365

 320 319 363

 320 363 364

 319 318 362

 319 362 363

 318 317 361

 318 361 362

 317 316 360

 317 360 361

 316 315 359

 316 359 360

 315 314 358

 315 358 359

 314 313 357

 314 357 358

 310 309 354

 310 354 355

 309 308 353

 309 353 354

 308 307 352

 308 352 353

 307 306 351

 307 351 352

 305 304 348

 305 348 349

 304 303 347

 304 347 348

 303 302 346

 303 346 347

 302 301 345

 302 345 346

 301 300 344

 301 344 345

 300 299 343

 300 343 344

 299 298 342

 299 342 343

 298 297 341

 298 341 342

 295 294 339

 295 339 340

 294 293 338

 294 338 339

 293 292 337

 293 337 338

 291 290 335

 291 335 336

 290 289 334

 290 334 335

 289 288 333

 289 333 334

 288 287 332

 288 332 333

 286 285 330

 286 330 331

 285 284 329

 285 329 330

 284 283 328

 284 328 329

 283 282 327

 283 327 328

 281 280 325

 281 325 326

 280 279 324

 280 324 325

 279 278 323

 279 323 324

 278 277 322

 278 322 323

 277 276 321

 277 321 322

 276 275 320

 276 320 321

 275 274 319

 275 319 320

 274 273 318

 274 318 319

 273 272 317

 273 317 318

 272 271 316

 272 316 317

 271 270 315

 271 315 316

 270 269 314

 270 314 315

 269 268 313

 269 313 314

 268 267 312

 268 312 313

 267 266 311

 267 311 312

 264 263 304

 264 304 305

 263 262 303

 263 303 304

 262 261 302

 262 302 303

 260 259 300

 260 300 301

 259 258 299

 259 299 300

 258 257 298

 258 298 299

 257 256 297

 257 297 298

 255 254 295

 255 295 296

 254 253 294

 254 294 295

 253 252 293

 253 293 294

 252 251 292

 252 292 293

 250 249 290

 250 290 291

 249 248 289

 249 289 290

 248 247 288

 248 288 289

 247 246 287

 247 287 288

 246 245 286

 246 286 287

 245 244 285

 245 285 286

 244 243 284

 244 284 285

 243 242 283

 243 283 284

 242 241 282

 242 282 283

 240 239 280

 240 280 281

 239 238 279

 239 279 280

 238 237 278

 238 278 279

 237 236 277

 237 277 278

 236 235 276

 236 276 277

 235 234 275

 235 275 276

 234 233 274

 234 274 275

 233 232 273

 233 273 274

 232 231 272

 232 272 273

 231 230 271

 231 271 272

 230 229 270

 230 270 271

 229 228 269

 229 269 270

 228 227 268

 228 268 269

 227 226 267

 227 267 268

 226 225 266

 226 266 267

 225 224 265

 225 265 266

 223 222 263

 223 263 264

 222 221 262

 222 262 263

 221 220 261

 221 261 262

 219 218 258

 219 258 259

 218 217 257

 218 257 258

 217 216 256

 217 256 257

 216 215 255

 216 255 256

 215 214 254

 215 254 255

 214 213 253

 214 253 254

 213 212 252

 213 252 253

 212 211 251

 212 251 252

 210 209 249

 210 249 250

 209 208 248

 209 248 249

 208 207 247

 208 247 248

 207 206 246

 207 246 247

 206 205 245

 206 245 246

 205 204 244

 205 244 245

 204 203 243

 204 243 244

 203 202 242

 203 242 243

 202 201 241

 202 241 242

 200 199 238

 200 238 239

 199 198 237

 199 237 238

 198 197 236

 198 236 237

 197 196 235

 197 235 236

 196 195 234

 196 234 235

 195 194 233

 195 233 234

 194 193 232

 194 232 233

 193 192 231

 193 231 232

 192 191 230

 192 230 231

 191 190 229

 191 229 230

 190 189 228

 190 228 229

 189 188 227

 189 227 228

 188 187 226

 188 226 227

 187 186 225

 187 225 226

 186 185 224

 186 224 225

 184 183 222

 184 222 223

 183 182 221

 183 221 222

 182 181 220

 182 220 221

 180 179 218

 180 218 219

 179 178 217

 179 217 218

 178 177 216

 178 216 217

 177 176 215

 177 215 216

 176 175 214

 176 214 215

 175 174 213

 175 213 214

 174 173 212

 174 212 213

 172 171 207

 172 207 208

 171 170 206

 171 206 207

 170 169 205

 170 205 206

 169 168 204

 169 204 205

 168 167 203

 168 203 204

 167 166 202

 167 202 203

 166 165 201

 166 201 202

 163 162 196

 163 196 197

 162 161 195

 162 195 196

 161 160 194

 161 194 195

 160 159 193

 160 193 194

 159 158 192

 159 192 193

 158 157 191

 158 191 192

 157 156 190

 157 190 191

 156 155 189

 156 189 190

 155 154 188

 155 188 189

 154 153 187

 154 187 188

 153 152 186

 153 186 187

 144 143 183

 144 183 184

 143 142 182

 143 182 183

 142 141 181

 142 181 182

 140 139 179

 140 179 180

 139 138 178

 139 178 179

 138 137 177

 138 177 178

 137 136 176

 137 176 177

 136 135 175

 136 175 176

 132 131 163

 132 163 164

 131 130 162

 131 162 163

 130 129 161

 130 161 162

 129 128 160

 129 160 161

 128 127 159

 128 159 160

 127 126 158

 127 158 159

 126 125 157

 126 157 158

 125 124 156

 125 156 157

 124 123 155

 124 155 156

 123 122 154

 123 154 155

 122 121 153

 122 153 154

 121 120 152

 121 152 153

 119 118 150

 119 150 151

 118 117 149

 118 149 150

 117 116 148

 117 148 149

 116 115 147

 116 147 148

 115 114 146

 115 146 147

 107 106 144

 107 144 145

 106 105 143

 106 143 144

 105 104 142

 105 142 143

 104 103 141

 104 141 142

 102 101 133

 102 133 134

 101 100 132

 101 132 133

 100 99 131

 100 131 132

 99 98 130

 99 130 131

 98 97 129

 98 129 130

 97 96 128

 97 128 129

 95 94 126

 95 126 127

 94 93 125

 94 125 126

 93 92 124

 93 124 125

 92 91 123

 92 123 124

 91 90 122

 91 122 123

 90 89 121

 90 121 122

 89 88 120

 89 120 121

 87 86 118

 87 118 119

 86 85 117

 86 117 118

 85 84 116

 85 116 117

 84 83 115

 84 115 116

 83 82 114

 83 114 115

 82 81 113

 82 113 114

 81 80 112

 81 112 113

 80 79 111

 80 111 112

 79 78 110

 79 110 111

 78 77 109

 78 109 110

 77 76 108

 77 108 109

 76 75 107

 76 107 108

 75 74 106

 75 106 107

 74 73 105

 74 105 106

 73 72 104

 73 104 105

 72 71 103

 72 103 104

 70 69 101

 70 101 102

 69 68 100

 69 100 101

 68 67 99

 68 99 100

 67 66 98

 67 98 99

 66 65 97

 66 97 98

 64 63 93

 64 93 94

 63 62 92

 63 92 93

 62 61 91

 62 91 92

 61 60 90

 61 90 91

 60 59 89

 60 89 90

 59 58 88

 59 88 89

 57 56 85

 57 85 86

 56 55 84

 56 84 85

 55 54 83

 55 83 84

 54 53 82

 54 82 83

 53 52 81

 53 81 82

 52 51 80

 52 80 81

 51 50 79

 51 79 80

 50 49 78

 50 78 79

 49 48 77

 49 77 78

 48 47 76

 48 76 77

 47 46 75

 47 75 76

 46 45 74

 46 74 75

 45 44 73

 45 73 74

 44 43 72

 44 72 73

 42 41 69

 42 69 70

 41 40 68

 41 68 69

 40 39 67

 40 67 68

 39 38 66

 39 66 67

 37 36 63

 37 63 64

 36 35 62

 36 62 63

 35 34 61

 35 61 62

 34 33 60

 34 60 61

 33 32 59

 33 59 60

 32 31 58

 32 58 59

 30 29 53

 30 53 54

 29 28 52

 29 52 53

 28 27 51

 28 51 52

 27 26 50

 27 50 51

 26 25 49

 26 49 50

 25 24 48

 25 48 49

 24 23 47

 24 47 48

 23 22 46

 23 46 47

 22 21 45

 22 45 46

 21 20 44

 21 44 45

 19 18 41

 19 41 42

 18 17 40

 18 40 41

 17 16 39

 17 39 40

 16 15 38

 16 38 39

 14 13 36

 14 36 37

 13 12 35

 13 35 36

 12 11 34

 12 34 35

 11 10 33

 11 33 34

 10 9 32

 10 32 33

 8 7 13

 8 13 14

 7 6 12

 7 12 13

 6 5 11

 6 11 12

 5 4 10

 5 10 11

 3 2 6

 3 6 7

 2 1 5

 2 5 6

 1 0 4

 1 4 5

 399 358 910

 399 910 925

 682 681 1083

 682 1083 1084

 356 398 924

 356 924 908

 133 132 810

 133 810 811

 134 133 811

 134 811 812

 135 136 814

 135 814 813

 541 549 1011

 541 1011 1007

 596 600 1043

 596 1043 1039

 686 687 1087

 686 1087 1086

 136 137 815

 136 815 814

 32 9 752

 32 752 772

 137 138 816

 137 816 815

 8 14 754

 8 754 751

 138 139 817

 138 817 816

 392 350 905

 392 905 923

 546 538 1004

 546 1004 1010

 597 593 1038

 597 1038 1040

 139 140 818

 139 818 817

 349 391 922

 349 922 904

 537 545 1009

 537 1009 1003

 374 375 914

 374 914 913

 10 4 749

 10 749 753

 721 727 1112

 721 1112 1109

 3 7 750

 3 750 748

 542 534 1002

 542 1002 1008

 145 144 820

 145 820 821

 265 224 860

 265 860 872

 147 146 822

 147 822 823

 223 264 871

 223 871 859

 148 147 823

 148 823 824

 4 0 745

 4 745 749

 598 597 1040

 598 1040 1041

 723 722 1110

 723 1110 1111

 379 380 916

 379 916 915

 149 148 824

 149 824 825

 384 342 903

 384 903 918

 599 598 1041

 599 1041 1042

 722 716 1107

 722 1107 1110

 150 149 825

 150 825 826

 261 220 858

 261 858 870

 340 383 917

 340 917 901

 600 599 1042

 600 1042 1043

 151 150 826

 151 826 827

 219 259 868

 219 868 857

 675 686 1086

 675 1086 1080

 385 384 918

 385 918 919

 380 337 900

 380 900 916

 386 385 919

 386 919 920

 336 379 915

 336 915 899

 683 672 1079

 683 1079 1085

 670 682 1084

 670 1084 1077

 375 332 898

 375 898 914

 391 390 921

 391 921 922

 251 211 855

 251 855 865

 331 374 913

 331 913 897

 210 250 864

 210 864 854

 676 664 1075

 676 1075 1081

 371 328 896

 371 896 912

 533 537 1003

 533 1003 1001

 164 163 829

 164 829 830

 627 628 1061

 627 1061 1060

 326 370 911

 326 911 894

 689 688 1088

 689 1088 1089

 165 166 832

 165 832 831

 166 167 833

 166 833 832

 534 530 1000

 534 1000 1002

 400 399 925

 400 925 926

 167 168 834

 167 834 833

 591 596 1039

 591 1039 1036

 401 400 926

 401 926 927

 692 691 1090

 692 1090 1091

 168 169 835

 168 835 834

 618 626 1059

 618 1059 1054

 169 170 836

 169 836 835

 170 171 837

 170 837 836

 241 201 851

 241 851 863

 171 172 838

 171 838 837

 635 634 1062

 635 1062 1063

 200 239 861

 200 861 850

 592 587 1035

 592 1035 1037

 173 174 840

 173 840 839

 622 614 1053

 622 1053 1058

 174 175 841

 174 841 840

 357 313 893

 357 893 909

 411 410 928

 411 928 929

 310 355 907

 310 907 890

 413 412 930

 413 930 931

 525 533 1001

 525 1001 995

 185 186 846

 185 846 845

 351 306 886

 351 886 906

 530 522 994

 530 994 1000

 417 416 932

 417 932 933

 305 349 904

 305 904 885

 519 529 999

 519 999 991

 224 185 845

 224 845 860

 663 675 1080

 663 1080 1074

 526 516 990

 526 990 996

 550 551 1013

 550 1013 1012

 184 223 859

 184 859 844

 601 602 1045

 601 1045 1044

 672 660 1073

 672 1073 1079

 715 720 1108

 715 1108 1106

 602 603 1046

 602 1046 1045

 220 181 843

 220 843 858

 659 671 1078

 659 1078 1072

 555 556 1016

 555 1016 1015

 426 425 935

 426 935 936

 180 219 857

 180 857 842

 341 297 882

 341 882 902

 729 728 1113

 729 1113 1114

 427 426 936

 427 936 937

 295 340 901

 295 901 880

 428 427 937

 428 937 938

 716 711 1104

 716 1104 1107

 429 428 938

 429 938 939

 197 198 848

 197 848 847

 582 591 1036

 582 1036 1030

 740 744 1123

 740 1123 1119

 198 199 849

 198 849 848

 199 200 850

 199 850 849

 665 653 1069

 665 1069 1076

 515 525 995

 515 995 989

 741 737 1118

 741 1118 1120

 212 173 839

 212 839 856

 587 578 1028

 587 1028 1035

 172 208 852

 172 852 838

 522 512 988

 522 988 994

 699 698 1094

 699 1094 1095

 510 521 993

 510 993 986

 700 699 1095

 700 1095 1096

 438 437 942

 438 942 943

 702 701 1097

 702 1097 1098

 613 618 1054

 613 1054 1052

 440 439 944

 440 944 945

 208 209 853

 208 853 852

 209 210 854

 209 854 853

 516 505 985

 516 985 990

 211 212 856

 211 856 855

 614 609 1051

 614 1051 1053

 201 165 831

 201 831 851

 163 197 847

 163 847 829

 450 451 949

 450 949 948

 452 451 949

 452 949 950

 500 515 989

 500 989 980

 453 452 950

 453 950 951

 512 497 979

 512 979 988

 186 152 828

 186 828 846

 496 511 987

 496 987 978

 144 184 844

 144 844 820

 577 586 1034

 577 1034 1027

 564 563 1019

 564 1019 1020

 181 141 819

 181 819 843

 652 663 1074

 652 1074 1068

 140 180 842

 140 842 818

 583 574 1026

 583 1026 1031

 505 490 975

 505 975 985

 573 581 1029

 573 1029 1025

 0 1 746

 0 746 745

 604 605 1048

 604 1048 1047

 489 504 984

 489 984 974

 569 568 1022

 569 1022 1023

 460 459 953

 460 953 954

 1 2 747

 1 747 746

 461 460 954

 461 954 955

 2 3 748

 2 748 747

 578 570 1024

 578 1024 1028

 462 461 955

 462 955 956

 607 608 1050

 607 1050 1049

 175 135 813

 175 813 841

 501 486 973

 501 973 981

 710 714 1105

 710 1105 1103

 736 740 1119

 736 1119 1117

 132 164 830

 132 830 810

 655 644 1066

 655 1066 1071

 7 8 751

 7 751 750

 711 707 1101

 711 1101 1104

 467 466 958

 467 958 959

 737 733 1116

 737 1116 1118

 239 240 862

 239 862 861

 9 10 753

 9 753 752

 469 468 960

 469 960 961

 707 706 1100

 707 1100 1101

 479 500 980

 479 980 966

 709 710 1103

 709 1103 1102

 644 645 1067

 644 1067 1066

 15 16 756

 15 756 755

 474 473 962

 474 962 963

 608 613 1052

 608 1052 1050

 16 17 757

 16 757 756

 476 475 964

 476 964 965

 17 18 758

 17 758 757

 497 476 965

 497 965 979

 18 19 759

 18 759 758

 473 496 978

 473 978 962

 20 21 761

 20 761 760

 152 120 807

 152 807 828

 609 604 1047

 609 1047 1051

 21 22 762

 21 762 761

 119 151 827

 119 827 806

 481 480 967

 481 967 968

 22 23 763

 22 763 762

 482 481 968

 482 968 969

 23 24 764

 23 764 763

 492 469 961

 492 961 977

 483 482 969

 483 969 970

 24 25 765

 24 765 764

 465 489 974

 465 974 957

 484 483 970

 484 970 971

 256 255 866

 256 866 867

 25 26 766

 25 766 765

 485 484 971

 485 971 972

 26 27 767

 26 767 766

 146 114 805

 146 805 822

 27 28 768

 27 768 767

 107 145 821

 107 821 798

 486 462 956

 486 956 973

 28 29 769

 28 769 768

 568 577 1027

 568 1027 1022

 259 260 869

 259 869 868

 29 30 770

 29 770 769

 31 32 772

 31 772 771

 141 103 797

 141 797 819

 574 565 1021

 574 1021 1026

 102 134 812

 102 812 796

 563 573 1025

 563 1025 1019

 266 265 872

 266 872 873

 458 485 972

 458 972 952

 570 560 1018

 570 1018 1024

 490 491 976

 490 976 975

 491 492 977

 491 977 976

 643 652 1068

 643 1068 1065

 128 96 794

 128 794 809

 95 127 808

 95 808 793

 480 453 951

 480 951 967

 43 44 777

 43 777 776

 451 479 966

 451 966 949

 705 709 1102

 705 1102 1099

 706 702 1098

 706 1098 1100

 645 636 1064

 645 1064 1067

 475 447 947

 475 947 964

 446 474 963

 446 963 946

 120 88 791

 120 791 807

 732 736 1117

 732 1117 1115

 87 119 806

 87 806 790

 733 729 1114

 733 1114 1116

 653 654 1070

 653 1070 1069

 654 655 1071

 654 1071 1070

 54 55 779

 54 779 778

 468 440 945

 468 945 960

 502 501 981

 502 981 982

 55 56 780

 55 780 779

 439 467 959

 439 959 944

 503 502 982

 503 982 983

 714 715 1106

 714 1106 1105

 287 286 876

 287 876 877

 56 57 781

 56 781 780

 466 438 943

 466 943 958

 504 503 983

 504 983 984

 603 607 1049

 603 1049 1046

 436 465 957

 436 957 941

 660 659 1072

 660 1072 1073

 605 601 1044

 605 1044 1048

 581 582 1030

 581 1030 1029

 584 583 1031

 584 1031 1032

 585 584 1032

 585 1032 1033

 586 585 1033

 586 1033 1034

 559 569 1023

 559 1023 1017

 511 510 986

 511 986 987

 65 66 785

 65 785 784

 459 430 940

 459 940 953

 296 295 880

 296 880 881

 424 458 952

 424 952 934

 103 71 787

 103 787 797

 565 555 1015

 565 1015 1021

 70 102 796

 70 796 786

 554 564 1020

 554 1020 1014

 71 72 788

 71 788 787

 337 292 879

 337 879 900

 301 302 884

 301 884 883

 291 336 899

 291 899 878

 451 417 933

 451 933 949

 560 550 1012

 560 1012 1018

 97 65 784

 97 784 795

 416 450 948

 416 948 932

 306 307 887

 306 887 886

 64 94 792

 64 792 783

 332 287 877

 332 877 898

 307 308 888

 307 888 887

 286 331 897

 286 897 876

 308 309 889

 308 889 888

 447 413 931

 447 931 947

 697 705 1099

 697 1099 1093

 309 310 890

 309 890 889

 410 446 946

 410 946 928

 312 311 891

 312 891 892

 742 741 1120

 742 1120 1121

 313 312 892

 313 892 893

 743 742 1121

 743 1121 1122

 634 643 1065

 634 1065 1062

 327 282 875

 327 875 895

 744 743 1122

 744 1122 1123

 88 58 782

 88 782 791

 281 326 894

 281 894 874

 701 693 1092

 701 1092 1097

 520 519 991

 520 991 992

 57 86 789

 57 789 781

 691 700 1096

 691 1096 1090

 521 520 992

 521 992 993

 698 689 1089

 698 1089 1094

 86 87 790

 86 790 789

 636 627 1060

 636 1060 1064

 437 401 927

 437 927 942

 398 436 941

 398 941 924

 664 665 1076

 664 1076 1075

 94 95 793

 94 793 792

 727 732 1115

 727 1115 1112

 96 97 795

 96 795 794

 328 327 895

 328 895 896

 430 392 923

 430 923 940

 671 670 1077

 671 1077 1078

 390 429 939

 390 939 921

 72 43 776

 72 776 788

 311 266 873

 311 873 891

 728 723 1111

 728 1111 1113

 527 526 996

 527 996 997

 42 70 786

 42 786 775

 264 305 885

 264 885 871

 528 527 997

 528 997 998

 529 528 998

 529 998 999

 425 386 920

 425 920 935

 549 559 1017

 549 1017 1011

 720 721 1109

 720 1109 1108

 302 261 870

 302 870 884

 383 424 934

 383 934 917

 66 38 774

 66 774 785

 260 301 883

 260 883 869

 37 64 783

 37 783 773

 556 546 1010

 556 1010 1016

 108 107 798

 108 798 799

 545 554 1014

 545 1014 1009

 109 108 799

 109 799 800

 342 341 902

 342 902 903

 110 109 800

 110 800 801

 297 256 867

 297 867 882

 111 110 801

 111 801 802

 255 296 881

 255 881 866

 551 542 1008

 551 1008 1013

 112 111 802

 112 802 803

 113 112 803

 113 803 804

 58 31 771

 58 771 782

 114 113 804

 114 804 805

 30 54 778

 30 778 770

 292 251 865

 292 865 879

 687 697 1093

 687 1093 1087

 250 291 878

 250 878 864

 412 371 912

 412 912 930

 350 351 906

 350 906 905

 370 411 929

 370 929 911

 593 592 1037

 593 1037 1038

 619 620 1056

 619 1056 1055

 693 683 1085

 693 1085 1092

 620 621 1057

 620 1057 1056

 680 692 1091

 680 1091 1082

 621 622 1058

 621 1058 1057

 355 356 908

 355 908 907

 626 635 1063

 626 1063 1059

 358 357 909

 358 909 910

 44 20 760

 44 760 777

 688 676 1081

 688 1081 1088

 538 539 1005

 538 1005 1004

 19 42 775

 19 775 759

 282 241 863

 282 863 875

 539 540 1006

 539 1006 1005

 240 281 874

 240 874 862

 540 541 1007

 540 1007 1006

 127 128 809

 127 809 808

 38 15 755

 38 755 774

 681 680 1082

 681 1082 1083

 14 37 773

 14 773 754

 628 619 1055

 628 1055 1061

vector2s:

 0.031315 0.794240

 0.218105 0.794240

 0.218105 0.981030

 0.031315 0.981030

 0.282496 0.754912

 0.462749 0.754912

 0.462749 0.993677

 0.282496 0.993677

uv:

 0 1 2

 0 2 3

 0 1 2

 0 2 3

 0 1 2

 0 2 3

 0 1 2

 0 2 3

 0 1 2

 0 2 3

 0 1 2

 0 2 3

 0 1 2

 0 2 3

 0 1 2

 0 2 3

 0 1 2

 0 2 3

 0 1 2

 0 2 3

 0 1 2

 0 2 3

 0 1 2

 0 2 3

 0 1 2

 0 2 3

 0 1 2

 0 2 3

 0 1 2

 0 2 3

 0 1 2

 0 2 3

 0 1 2

 0 2 3

 0 1 2

 0 2 3

 0 1 2

 0 2 3

 0 1 2

 0 2 3

 0 1 2

 0 2 3

 0 1 2

 0 2 3

 0 1 2

 0 2 3

 0 1 2

 0 2 3

 0 1 2

 0 2 3

 0 1 2

 0 2 3

 0 1 2

 0 2 3

 0 1 2

 0 2 3

 0 1 2

 0 2 3

 0 1 2

 0 2 3

 0 1 2

 0 2 3

 0 1 2

 0 2 3

 0 1 2

 0 2 3

 0 1 2

 0 2 3

 0 1 2

 0 2 3

 0 1 2

 0 2 3

 0 1 2

 0 2 3

 0 1 2

 0 2 3

 0 1 2

 0 2 3

 0 1 2

 0 2 3

 0 1 2

 0 2 3

 0 1 2

 0 2 3

 0 1 2

 0 2 3

 0 1 2

 0 2 3

 0 1 2

 0 2 3

 0 1 2

 0 2 3

 0 1 2

 0 2 3

 0 1 2

 0 2 3

 0 1 2

 0 2 3

 0 1 2

 0 2 3

 0 1 2

 0 2 3

 0 1 2

 0 2 3

 0 1 2

 0 2 3

 0 1 2

 0 2 3

 0 1 2

 0 2 3

 0 1 2

 0 2 3

 0 1 2

 0 2 3

 0 1 2

 0 2 3

 0 1 2

 0 2 3

 0 1 2

 0 2 3

 0 1 2

 0 2 3

 0 1 2

 0 2 3

 0 1 2

 0 2 3

 0 1 2

 0 2 3

 0 1 2

 0 2 3

 0 1 2

 0 2 3

 0 1 2

 0 2 3

 0 1 2

 0 2 3

 0 1 2

 0 2 3

 0 1 2

 0 2 3

 0 1 2

 0 2 3

 0 1 2

 0 2 3

 0 1 2

 0 2 3

 0 1 2

 0 2 3

 0 1 2

 0 2 3

 0 1 2

 0 2 3

 0 1 2

 0 2 3

 0 1 2

 0 2 3

 0 1 2

 0 2 3

 0 1 2

 0 2 3

 0 1 2

 0 2 3

 0 1 2

 0 2 3

 0 1 2

 0 2 3

 0 1 2

 0 2 3

 0 1 2

 0 2 3

 0 1 2

 0 2 3

 0 1 2

 0 2 3

 0 1 2

 0 2 3

 0 1 2

 0 2 3

 0 1 2

 0 2 3

 0 1 2

 0 2 3

 0 1 2

 0 2 3

 0 1 2

 0 2 3

 0 1 2

 0 2 3

 0 1 2

 0 2 3

 0 1 2

 0 2 3

 0 1 2

 0 2 3

 0 1 2

 0 2 3

 0 1 2

 0 2 3

 0 1 2

 0 2 3

 0 1 2

 0 2 3

 0 1 2

 0 2 3

 0 1 2

 0 2 3

 0 1 2

 0 2 3

 0 1 2

 0 2 3

 0 1 2

 0 2 3

 0 1 2

 0 2 3

 0 1 2

 0 2 3

 0 1 2

 0 2 3

 0 1 2

 0 2 3

 0 1 2

 0 2 3

 0 1 2

 0 2 3

 0 1 2

 0 2 3

 0 1 2

 0 2 3

 0 1 2

 0 2 3

 0 1 2

 0 2 3

 0 1 2

 0 2 3

 0 1 2

 0 2 3

 0 1 2

 0 2 3

 0 1 2

 0 2 3

 0 1 2

 0 2 3

 0 1 2

 0 2 3

 0 1 2

 0 2 3

 0 1 2

 0 2 3

 0 1 2

 0 2 3

 0 1 2

 0 2 3

 0 1 2

 0 2 3

 0 1 2

 0 2 3

 0 1 2

 0 2 3

 0 1 2

 0 2 3

 0 1 2

 0 2 3

 0 1 2

 0 2 3

 0 1 2

 0 2 3

 0 1 2

 0 2 3

 0 1 2

 0 2 3

 0 1 2

 0 2 3

 0 1 2

 0 2 3

 0 1 2

 0 2 3

 0 1 2

 0 2 3

 0 1 2

 0 2 3

 0 1 2

 0 2 3

 0 1 2

 0 2 3

 0 1 2

 0 2 3

 0 1 2

 0 2 3

 0 1 2

 0 2 3

 0 1 2

 0 2 3

 0 1 2

 0 2 3

 0 1 2

 0 2 3

 0 1 2

 0 2 3

 0 1 2

 0 2 3

 0 1 2

 0 2 3

 0 1 2

 0 2 3

 0 1 2

 0 2 3

 0 1 2

 0 2 3

 0 1 2

 0 2 3

 0 1 2

 0 2 3

 0 1 2

 0 2 3

 0 1 2

 0 2 3

 0 1 2

 0 2 3

 0 1 2

 0 2 3

 0 1 2

 0 2 3

 0 1 2

 0 2 3

 0 1 2

 0 2 3

 0 1 2

 0 2 3

 0 1 2

 0 2 3

 0 1 2

 0 2 3

 0 1 2

 0 2 3

 0 1 2

 0 2 3

 0 1 2

 0 2 3

 0 1 2

 0 2 3

 0 1 2

 0 2 3

 0 1 2

 0 2 3

 0 1 2

 0 2 3

 0 1 2

 0 2 3

 0 1 2

 0 2 3

 0 1 2

 0 2 3

 0 1 2

 0 2 3

 0 1 2

 0 2 3

 0 1 2

 0 2 3

 0 1 2

 0 2 3

 0 1 2

 0 2 3

 0 1 2

 0 2 3

 0 1 2

 0 2 3

 0 1 2

 0 2 3

 0 1 2

 0 2 3

 0 1 2

 0 2 3

 0 1 2

 0 2 3

 0 1 2

 0 2 3

 0 1 2

 0 2 3

 0 1 2

 0 2 3

 0 1 2

 0 2 3

 0 1 2

 0 2 3

 0 1 2

 0 2 3

 0 1 2

 0 2 3

 0 1 2

 0 2 3

 0 1 2

 0 2 3

 0 1 2

 0 2 3

 0 1 2

 0 2 3

 0 1 2

 0 2 3

 0 1 2

 0 2 3

 0 1 2

 0 2 3

 0 1 2

 0 2 3

 0 1 2

 0 2 3

 0 1 2

 0 2 3

 0 1 2

 0 2 3

 0 1 2

 0 2 3

 0 1 2

 0 2 3

 0 1 2

 0 2 3

 0 1 2

 0 2 3

 0 1 2

 0 2 3

 0 1 2

 0 2 3

 0 1 2

 0 2 3

 0 1 2

 0 2 3

 0 1 2

 0 2 3

 0 1 2

 0 2 3

 0 1 2

 0 2 3

 0 1 2

 0 2 3

 0 1 2

 0 2 3

 0 1 2

 0 2 3

 0 1 2

 0 2 3

 0 1 2

 0 2 3

 0 1 2

 0 2 3

 0 1 2

 0 2 3

 0 1 2

 0 2 3

 0 1 2

 0 2 3

 0 1 2

 0 2 3

 0 1 2

 0 2 3

 0 1 2

 0 2 3

 0 1 2

 0 2 3

 0 1 2

 0 2 3

 0 1 2

 0 2 3

 0 1 2

 0 2 3

 0 1 2

 0 2 3

 0 1 2

 0 2 3

 0 1 2

 0 2 3

 0 1 2

 0 2 3

 0 1 2

 0 2 3

 0 1 2

 0 2 3

 0 1 2

 0 2 3

 0 1 2

 0 2 3

 0 1 2

 0 2 3

 0 1 2

 0 2 3

 0 1 2

 0 2 3

 0 1 2

 0 2 3

 0 1 2

 0 2 3

 0 1 2

 0 2 3

 0 1 2

 0 2 3

 0 1 2

 0 2 3

 0 1 2

 0 2 3

 0 1 2

 0 2 3

 0 1 2

 0 2 3

 0 1 2

 0 2 3

 0 1 2

 0 2 3

 0 1 2

 0 2 3

 0 1 2

 0 2 3

 0 1 2

 0 2 3

 0 1 2

 0 2 3

 0 1 2

 0 2 3

 0 1 2

 0 2 3

 0 1 2

 0 2 3

 0 1 2

 0 2 3

 0 1 2

 0 2 3

 0 1 2

 0 2 3

 0 1 2

 0 2 3

 0 1 2

 0 2 3

 0 1 2

 0 2 3

 0 1 2

 0 2 3

 0 1 2

 0 2 3

 0 1 2

 0 2 3

 0 1 2

 0 2 3

 0 1 2

 0 2 3

 0 1 2

 0 2 3

 0 1 2

 0 2 3

 0 1 2

 0 2 3

 0 1 2

 0 2 3

 0 1 2

 0 2 3

 0 1 2

 0 2 3

 0 1 2

 0 2 3

 0 1 2

 0 2 3

 0 1 2

 0 2 3

 0 1 2

 0 2 3

 0 1 2

 0 2 3

 0 1 2

 0 2 3

 0 1 2

 0 2 3

 0 1 2

 0 2 3

 0 1 2

 0 2 3

 0 1 2

 0 2 3

 0 1 2

 0 2 3

 0 1 2

 0 2 3

 0 1 2

 0 2 3

 0 1 2

 0 2 3

 0 1 2

 0 2 3

 0 1 2

 0 2 3

 0 1 2

 0 2 3

 0 1 2

 0 2 3

 0 1 2

 0 2 3

 0 1 2

 0 2 3

 0 1 2

 0 2 3

 0 1 2

 0 2 3

 0 1 2

 0 2 3

 0 1 2

 0 2 3

 0 1 2

 0 2 3

 0 1 2

 0 2 3

 0 1 2

 0 2 3

 0 1 2

 0 2 3

 0 1 2

 0 2 3

 0 1 2

 0 2 3

 0 1 2

 0 2 3

 0 1 2

 0 2 3

 0 1 2

 0 2 3

 0 1 2

 0 2 3

 0 1 2

 0 2 3

 0 1 2

 0 2 3

 0 1 2

 0 2 3

 0 1 2

 0 2 3

 0 1 2

 0 2 3

 0 1 2

 0 2 3

 0 1 2

 0 2 3

 0 1 2

 0 2 3

 0 1 2

 0 2 3

 0 1 2

 0 2 3

 0 1 2

 0 2 3

 0 1 2

 0 2 3

 0 1 2

 0 2 3

 0 1 2

 0 2 3

 0 1 2

 0 2 3

 0 1 2

 0 2 3

 0 1 2

 0 2 3

 0 1 2

 0 2 3

 0 1 2

 0 2 3

 0 1 2

 0 2 3

 0 1 2

 0 2 3

 0 1 2

 0 2 3

 0 1 2

 0 2 3

 0 1 2

 0 2 3

 0 1 2

 0 2 3

 0 1 2

 0 2 3

 0 1 2

 0 2 3

 0 1 2

 0 2 3

 0 1 2

 0 2 3

 0 1 2

 0 2 3

 0 1 2

 0 2 3

 0 1 2

 0 2 3

 0 1 2

 0 2 3

 0 1 2

 0 2 3

 0 1 2

 0 2 3

 0 1 2

 0 2 3

 0 1 2

 0 2 3

 0 1 2

 0 2 3

 0 1 2

 0 2 3

 0 1 2

 0 2 3

 0 1 2

 0 2 3

 0 1 2

 0 2 3

 0 1 2

 0 2 3

 0 1 2

 0 2 3

 0 1 2

 0 2 3

 0 1 2

 0 2 3

 0 1 2

 0 2 3

 0 1 2

 0 2 3

 0 1 2

 0 2 3

 0 1 2

 0 2 3

 0 1 2

 0 2 3

 0 1 2

 0 2 3

 0 1 2

 0 2 3

 0 1 2

 0 2 3

 0 1 2

 0 2 3

 0 1 2

 0 2 3

 0 1 2

 0 2 3

 0 1 2

 0 2 3

 0 1 2

 0 2 3

 0 1 2

 0 2 3

 0 1 2

 0 2 3

 0 1 2

 0 2 3

 0 1 2

 0 2 3

 0 1 2

 0 2 3

 0 1 2

 0 2 3

 0 1 2

 0 2 3

 0 1 2

 0 2 3

 0 1 2

 0 2 3

 0 1 2

 0 2 3

 0 1 2

 0 2 3

 0 1 2

 0 2 3

 0 1 2

 0 2 3

 0 1 2

 0 2 3

 0 1 2

 0 2 3

 0 1 2

 0 2 3

 0 1 2

 0 2 3

 0 1 2

 0 2 3

 0 1 2

 0 2 3

 0 1 2

 0 2 3

 0 1 2

 0 2 3

 0 1 2

 0 2 3

 0 1 2

 0 2 3

 0 1 2

 0 2 3

 0 1 2

 0 2 3

 0 1 2

 0 2 3

 0 1 2

 0 2 3

 0 1 2

 0 2 3

 0 1 2

 0 2 3

 0 1 2

 0 2 3

 0 1 2

 0 2 3

 0 1 2

 0 2 3

 0 1 2

 0 2 3

 0 1 2

 0 2 3

 0 1 2

 0 2 3

 0 1 2

 0 2 3

 0 1 2

 0 2 3

 0 1 2

 0 2 3

 0 1 2

 0 2 3

 0 1 2

 0 2 3

 0 1 2

 0 2 3

 0 1 2

 0 2 3

 0 1 2

 0 2 3

 0 1 2

 0 2 3

 0 1 2

 0 2 3

 0 1 2

 0 2 3

 0 1 2

 0 2 3

 0 1 2

 0 2 3

 0 1 2

 0 2 3

 0 1 2

 0 2 3

 0 1 2

 0 2 3

 0 1 2

 0 2 3

 0 1 2

 0 2 3

 0 1 2

 0 2 3

 0 1 2

 0 2 3

 0 1 2

 0 2 3

 0 1 2

 0 2 3

 0 1 2

 0 2 3

 0 1 2

 0 2 3

 0 1 2

 0 2 3

 0 1 2

 0 2 3

 0 1 2

 0 2 3

 0 1 2

 0 2 3

 0 1 2

 0 2 3

 0 1 2

 0 2 3

 0 1 2

 0 2 3

 0 1 2

 0 2 3

 0 1 2

 0 2 3

 0 1 2

 0 2 3

 0 1 2

 0 2 3

 0 1 2

 0 2 3

 0 1 2

 0 2 3

 0 1 2

 0 2 3

 0 1 2

 0 2 3

 0 1 2

 0 2 3

 0 1 2

 0 2 3

 0 1 2

 0 2 3

 0 1 2

 0 2 3

 0 1 2

 0 2 3

 0 1 2

 0 2 3

 0 1 2

 0 2 3

 0 1 2

 0 2 3

 0 1 2

 0 2 3

 0 1 2

 0 2 3

 0 1 2

 0 2 3

 0 1 2

 0 2 3

 0 1 2

 0 2 3

 0 1 2

 0 2 3

 0 1 2

 0 2 3

 0 1 2

 0 2 3

 0 1 2

 0 2 3

 0 1 2

 0 2 3

 0 1 2

 0 2 3

 0 1 2

 0 2 3

 0 1 2

 0 2 3

 0 1 2

 0 2 3

 0 1 2

 0 2 3

 0 1 2

 0 2 3

 0 1 2

 0 2 3

 0 1 2

 0 2 3

 0 1 2

 0 2 3

 0 1 2

 0 2 3

 0 1 2

 0 2 3

 0 1 2

 0 2 3

 0 1 2

 0 2 3

 0 1 2

 0 2 3

 0 1 2

 0 2 3

 0 1 2

 0 2 3

 0 1 2

 0 2 3

 0 1 2

 0 2 3

 0 1 2

 0 2 3

 0 1 2

 0 2 3

 0 1 2

 0 2 3

 0 1 2

 0 2 3

 0 1 2

 0 2 3

 0 1 2

 0 2 3

 0 1 2

 0 2 3

 0 1 2

 0 2 3

 0 1 2

 0 2 3

 0 1 2

 0 2 3

 0 1 2

 0 2 3

 0 1 2

 0 2 3

 0 1 2

 0 2 3

 0 1 2

 0 2 3

 0 1 2

 0 2 3

 0 1 2

 0 2 3

 0 1 2

 0 2 3

 0 1 2

 0 2 3

 0 1 2

 0 2 3

 0 1 2

 0 2 3

 0 1 2

 0 2 3

 0 1 2

 0 2 3

 0 1 2

 0 2 3

 0 1 2

 0 2 3

 0 1 2

 0 2 3

 0 1 2

 0 2 3

 0 1 2

 0 2 3

 0 1 2

 0 2 3

 0 1 2

 0 2 3

 0 1 2

 0 2 3

 0 1 2

 0 2 3

 0 1 2

 0 2 3

 0 1 2

 0 2 3

 0 1 2

 0 2 3

 0 1 2

 0 2 3

 0 1 2

 0 2 3

 0 1 2

 0 2 3

 0 1 2

 0 2 3

 0 1 2

 0 2 3

 0 1 2

 0 2 3

 0 1 2

 0 2 3

 0 1 2

 0 2 3

 0 1 2

 0 2 3

 0 1 2

 0 2 3

 0 1 2

 0 2 3

 0 1 2

 0 2 3

 0 1 2

 0 2 3

 0 1 2

 0 2 3

 0 1 2

 0 2 3

 0 1 2

 0 2 3

 0 1 2

 0 2 3

 0 1 2

 0 2 3

 0 1 2

 0 2 3

 0 1 2

 0 2 3

 0 1 2

 0 2 3

 0 1 2

 0 2 3

 0 1 2

 0 2 3

 0 1 2

 0 2 3

 0 1 2

 0 2 3

 0 1 2

 0 2 3

 0 1 2

 0 2 3

 0 1 2

 0 2 3

 0 1 2

 0 2 3

 0 1 2

 0 2 3

 0 1 2

 0 2 3

 0 1 2

 0 2 3

 0 1 2

 0 2 3

 0 1 2

 0 2 3

 0 1 2

 0 2 3

 0 1 2

 0 2 3

 0 1 2

 0 2 3

 0 1 2

 0 2 3

 4 5 6

 4 6 7

 4 5 6

 4 6 7

 4 5 6

 4 6 7

 4 5 6

 4 6 7

 4 5 6

 4 6 7

 4 5 6

 4 6 7

 4 5 6

 4 6 7

 4 5 6

 4 6 7

 4 5 6

 4 6 7

 4 5 6

 4 6 7

 4 5 6

 4 6 7

 4 5 6

 4 6 7

 4 5 6

 4 6 7

 4 5 6

 4 6 7

 4 5 6

 4 6 7

 4 5 6

 4 6 7

 4 5 6

 4 6 7

 4 5 6

 4 6 7

 4 5 6

 4 6 7

 4 5 6

 4 6 7

 4 5 6

 4 6 7

 4 5 6

 4 6 7

 4 5 6

 4 6 7

 4 5 6

 4 6 7

 4 5 6

 4 6 7

 4 5 6

 4 6 7

 4 5 6

 4 6 7

 4 5 6

 4 6 7

 4 5 6

 4 6 7

 4 5 6

 4 6 7

 4 5 6

 4 6 7

 4 5 6

 4 6 7

 4 5 6

 4 6 7

 4 5 6

 4 6 7

 4 5 6

 4 6 7

 4 5 6

 4 6 7

 4 5 6

 4 6 7

 4 5 6

 4 6 7

 4 5 6

 4 6 7

 4 5 6

 4 6 7

 4 5 6

 4 6 7

 4 5 6

 4 6 7

 4 5 6

 4 6 7

 4 5 6

 4 6 7

 4 5 6

 4 6 7

 4 5 6

 4 6 7

 4 5 6

 4 6 7

 4 5 6

 4 6 7

 4 5 6

 4 6 7

 4 5 6

 4 6 7

 4 5 6

 4 6 7

 4 5 6

 4 6 7

 4 5 6

 4 6 7

 4 5 6

 4 6 7

 4 5 6

 4 6 7

 4 5 6

 4 6 7

 4 5 6

 4 6 7

 4 5 6

 4 6 7

 4 5 6

 4 6 7

 4 5 6

 4 6 7

 4 5 6

 4 6 7

 4 5 6

 4 6 7

 4 5 6

 4 6 7

 4 5 6

 4 6 7

 4 5 6

 4 6 7

 4 5 6

 4 6 7

 4 5 6

 4 6 7

 4 5 6

 4 6 7

 4 5 6

 4 6 7

 4 5 6

 4 6 7

 4 5 6

 4 6 7

 4 5 6

 4 6 7

 4 5 6

 4 6 7

 4 5 6

 4 6 7

 4 5 6

 4 6 7

 4 5 6

 4 6 7

 4 5 6

 4 6 7

 4 5 6

 4 6 7

 4 5 6

 4 6 7

 4 5 6

 4 6 7

 4 5 6

 4 6 7

 4 5 6

 4 6 7

 4 5 6

 4 6 7

 4 5 6

 4 6 7

 4 5 6

 4 6 7

 4 5 6

 4 6 7

 4 5 6

 4 6 7

 4 5 6

 4 6 7

 4 5 6

 4 6 7

 4 5 6

 4 6 7

 4 5 6

 4 6 7

 4 5 6

 4 6 7

 4 5 6

 4 6 7

 4 5 6

 4 6 7

 4 5 6

 4 6 7

 4 5 6

 4 6 7

 4 5 6

 4 6 7

 4 5 6

 4 6 7

 4 5 6

 4 6 7

 4 5 6

 4 6 7

 4 5 6

 4 6 7

 4 5 6

 4 6 7

 4 5 6

 4 6 7

 4 5 6

 4 6 7

 4 5 6

 4 6 7

 4 5 6

 4 6 7

 4 5 6

 4 6 7

 4 5 6

 4 6 7

 4 5 6

 4 6 7

 4 5 6

 4 6 7

 4 5 6

 4 6 7

 4 5 6

 4 6 7

 4 5 6

 4 6 7

 4 5 6

 4 6 7

 4 5 6

 4 6 7

 4 5 6

 4 6 7

 4 5 6

 4 6 7

 4 5 6

 4 6 7

 4 5 6

 4 6 7

 4 5 6

 4 6 7

 4 5 6

 4 6 7

 4 5 6

 4 6 7

 4 5 6

 4 6 7

 4 5 6

 4 6 7

 4 5 6

 4 6 7

 4 5 6

 4 6 7

 4 5 6

 4 6 7

 4 5 6

 4 6 7

 4 5 6

 4 6 7

 4 5 6

 4 6 7

 4 5 6

 4 6 7

 4 5 6

 4 6 7

 4 5 6

 4 6 7

 4 5 6

 4 6 7

 4 5 6

 4 6 7

 4 5 6

 4 6 7

 4 5 6

 4 6 7

 4 5 6

 4 6 7

 4 5 6

 4 6 7

 4 5 6

 4 6 7

 4 5 6

 4 6 7

 4 5 6

 4 6 7

 4 5 6

 4 6 7

 4 5 6

 4 6 7

 4 5 6

 4 6 7

 4 5 6

 4 6 7

 4 5 6

 4 6 7

 4 5 6

 4 6 7

 4 5 6

 4 6 7

 4 5 6

 4 6 7

 4 5 6

 4 6 7

 4 5 6

 4 6 7

 4 5 6

 4 6 7

 4 5 6

 4 6 7

 4 5 6

 4 6 7

 4 5 6

 4 6 7

 4 5 6

 4 6 7

 4 5 6

 4 6 7

 4 5 6

 4 6 7

 4 5 6

 4 6 7

 4 5 6

 4 6 7

 4 5 6

 4 6 7

 4 5 6

 4 6 7

 4 5 6

 4 6 7

 4 5 6

 4 6 7

 4 5 6

 4 6 7

 4 5 6

 4 6 7

 4 5 6

 4 6 7

 4 5 6

 4 6 7

 4 5 6

 4 6 7

 4 5 6

 4 6 7

 4 5 6

 4 6 7

 4 5 6

 4 6 7

 4 5 6

 4 6 7

 4 5 6

 4 6 7

 4 5 6

 4 6 7

 4 5 6

 4 6 7

 4 5 6

 4 6 7

 4 5 6

 4 6 7

 4 5 6

 4 6 7

 4 5 6

 4 6 7

 4 5 6

 4 6 7

 4 5 6

 4 6 7

 4 5 6

 4 6 7

 4 5 6

 4 6 7

 4 5 6

 4 6 7

 4 5 6

 4 6 7

 4 5 6

 4 6 7

 4 5 6

 4 6 7

 4 5 6

 4 6 7

 4 5 6

 4 6 7

 4 5 6

 4 6 7

 4 5 6

 4 6 7

 4 5 6

 4 6 7

 4 5 6

 4 6 7

 4 5 6

 4 6 7

 4 5 6

 4 6 7

 4 5 6

 4 6 7

 4 5 6

 4 6 7

 4 5 6

 4 6 7

 4 5 6

 4 6 7

 4 5 6

 4 6 7

 4 5 6

 4 6 7

 4 5 6

 4 6 7

 4 5 6

 4 6 7

 4 5 6

 4 6 7

 4 5 6

 4 6 7

 4 5 6

 4 6 7

 4 5 6

 4 6 7

 4 5 6

 4 6 7

 4 5 6

 4 6 7

 4 5 6

 4 6 7

 4 5 6

 4 6 7

 4 5 6

 4 6 7

 4 5 6

 4 6 7

 4 5 6

 4 6 7

 4 5 6

 4 6 7

 4 5 6

 4 6 7

 4 5 6

 4 6 7

 4 5 6

 4 6 7

 4 5 6

 4 6 7

 4 5 6

 4 6 7

 4 5 6

 4 6 7

 4 5 6

 4 6 7

 4 5 6

 4 6 7

 4 5 6

 4 6 7

 4 5 6

 4 6 7

 4 5 6

 4 6 7

 4 5 6

 4 6 7

 4 5 6

 4 6 7

 4 5 6

 4 6 7

 4 5 6

 4 6 7

 4 5 6

 4 6 7

 4 5 6

 4 6 7

 4 5 6

 4 6 7

 4 5 6

 4 6 7

 4 5 6

 4 6 7

 4 5 6

 4 6 7

 4 5 6

 4 6 7

 4 5 6

 4 6 7

 4 5 6

 4 6 7

 4 5 6

 4 6 7

 4 5 6

 4 6 7

 4 5 6

 4 6 7

 4 5 6

 4 6 7

 4 5 6

 4 6 7

 4 5 6

 4 6 7

 4 5 6

 4 6 7

 4 5 6

 4 6 7

 4 5 6

 4 6 7

 4 5 6

 4 6 7

 4 5 6

 4 6 7

 4 5 6

 4 6 7

 4 5 6

 4 6 7

 4 5 6

 4 6 7

 4 5 6

 4 6 7

 4 5 6

 4 6 7

 4 5 6

 4 6 7

 4 5 6

 4 6 7

 4 5 6

 4 6 7

 4 5 6

 4 6 7

 4 5 6

 4 6 7

 4 5 6

 4 6 7

 4 5 6

 4 6 7

 4 5 6

 4 6 7

 4 5 6

 4 6 7

 4 5 6

 4 6 7

 4 5 6

 4 6 7

 4 5 6

 4 6 7

 4 5 6

 4 6 7

 4 5 6

 4 6 7

 4 5 6

 4 6 7

 4 5 6

 4 6 7

 4 5 6

 4 6 7

 4 5 6

 4 6 7

 4 5 6

 4 6 7

 4 5 6

 4 6 7

 4 5 6

 4 6 7

 4 5 6

 4 6 7

 4 5 6

 4 6 7

 4 5 6

 4 6 7

 4 5 6

 4 6 7

 4 5 6

 4 6 7

 4 5 6

 4 6 7

 4 5 6

 4 6 7

 4 5 6

 4 6 7

 4 5 6

 4 6 7

 4 5 6

 4 6 7

 4 5 6

 4 6 7

 4 5 6

 4 6 7

 4 5 6

 4 6 7

 4 5 6

 4 6 7

 4 5 6

 4 6 7

 4 5 6

 4 6 7

 4 5 6

 4 6 7

 4 5 6

 4 6 7

 4 5 6

 4 6 7

 4 5 6

 4 6 7

 4 5 6

 4 6 7

 4 5 6

 4 6 7

 4 5 6

 4 6 7

 4 5 6

 4 6 7

 4 5 6

 4 6 7

 4 5 6

 4 6 7

 4 5 6

 4 6 7

 4 5 6

 4 6 7

 4 5 6

 4 6 7

 4 5 6

 4 6 7

 4 5 6

 4 6 7

 4 5 6

 4 6 7

 4 5 6

 4 6 7

 4 5 6

 4 6 7

 4 5 6

 4 6 7

 4 5 6

 4 6 7

 4 5 6

 4 6 7

 4 5 6

 4 6 7

 4 5 6

 4 6 7

 4 5 6

 4 6 7

 4 5 6

 4 6 7

 4 5 6

 4 6 7

 4 5 6

 4 6 7

 4 5 6

 4 6 7

 4 5 6

 4 6 7

 4 5 6

 4 6 7

 4 5 6

 4 6 7

 4 5 6

 4 6 7

 4 5 6

 4 6 7

 4 5 6

 4 6 7

 4 5 6

 4 6 7

 4 5 6

 4 6 7

 4 5 6

 4 6 7

 4 5 6

 4 6 7

 4 5 6

 4 6 7

 4 5 6

 4 6 7

 4 5 6

 4 6 7

 4 5 6

 4 6 7

 4 5 6

 4 6 7

 4 5 6

 4 6 7

 4 5 6

 4 6 7

 4 5 6

 4 6 7

 4 5 6

 4 6 7

 4 5 6

 4 6 7

 4 5 6

 4 6 7

 4 5 6

 4 6 7

 4 5 6

 4 6 7

 4 5 6

 4 6 7

 4 5 6

 4 6 7

 4 5 6

 4 6 7

 4 5 6

 4 6 7

 4 5 6

 4 6 7

 4 5 6

 4 6 7

 4 5 6

 4 6 7

 4 5 6

 4 6 7

 4 5 6

 4 6 7

 4 5 6

 4 6 7

 4 5 6

 4 6 7

 4 5 6

 4 6 7

 4 5 6

 4 6 7

 4 5 6

 4 6 7

 4 5 6

 4 6 7

 4 5 6

 4 6 7

 4 5 6

 4 6 7

 4 5 6

 4 6 7

 4 5 6

 4 6 7

 4 5 6

 4 6 7

 4 5 6

 4 6 7

 4 5 6

 4 6 7

 4 5 6

 4 6 7

 4 5 6

 4 6 7

 4 5 6

 4 6 7

 4 5 6

 4 6 7

 4 5 6

 4 6 7

 4 5 6

 4 6 7

 4 5 6

 4 6 7

 4 5 6

 4 6 7

 4 5 6

 4 6 7

 4 5 6

 4 6 7

 4 5 6

 4 6 7

 4 5 6

 4 6 7

 4 5 6

 4 6 7

palette:

 190 190 190 255

 166 166 166 255

 194 194 194 255

 220 220 220 255

 188 188 188 255

 179 179 179 255

 146 146 146 255

 144 144 144 255

 168 168 168 255

 141 141 141 255

 151 151 151 255

 186 186 186 255

 161 161 161 255

 130 130 130 255

 154 154 154 255

 163 163 163 255

 184 184 184 255

 204 204 204 255

 157 157 157 255

 183 183 183 255

 159 159 159 255

 152 152 152 255

 177 177 177 255

 208 208 208 255

 202 202 202 255

 175 175 175 255

 200 200 200 255

 139 139 139 255

 134 134 134 255

 181 181 181 255

 216 216 216 255

 142 142 142 255

 156 156 156 255

 136 136 136 255

 138 138 138 255

 198 198 198 255

 149 149 149 255

 173 173 173 255

 214 214 214 255

 212 212 212 255

 147 147 147 255

 170 170 170 255

 224 224 224 255

 0 246 255 255

 74 74 74 255

 78 78 78 255

 95 95 95 255

color:

 0 1 2

 0 2 3

 1 1 2

 1 2 2

 1 4 3

 1 3 2

 5 6 1

 5 1 0

 6 7 1

 6 1 1

 7 8 4

 7 4 1

 5 6 6

 5 6 5

 6 9 7

 6 7 6

 9 10 8

 9 8 7

 11 12 6

 11 6 5

 12 13 9

 12 9 6

 13 14 10

 13 10 9

 14 15 16

 14 16 10

 17 15 12

 17 12 11

 15 18 13

 15 13 12

 18 13 14

 18 14 13

 13 12 15

 13 15 14

 12 19 17

 12 17 15

 11 20 18

 11 18 15

 20 14 13

 20 13 18

 14 7 12

 14 12 13

 7 8 19

 7 19 12

 16 10 14

 16 14 20

 10 21 7

 10 7 14

 21 10 8

 21 8 7

 8 7 21

 8 21 10

 7 14 10

 7 10 21

 14 15 16

 14 16 10

 19 20 7

 19 7 8

 20 13 14

 20 14 7

 13 12 15

 13 15 14

 12 11 17

 12 17 15

 15 22 2

 15 2 23

 22 1 23

 22 23 2

 24 14 20

 24 20 19

 14 9 13

 14 13 20

 9 6 12

 9 12 13

 6 22 11

 6 11 12

 21 14 15

 21 15 16

 14 13 22

 14 22 15

 13 22 1

 13 1 22

 22 2 23

 22 23 1

 1 7 9

 1 9 14

 7 7 6

 7 6 9

 7 1 22

 7 22 6

 15 20 25

 15 25 26

 20 9 21

 20 21 25

 9 9 14

 9 14 21

 9 20 13

 9 13 14

 20 1 22

 20 22 13

 1 23 2

 1 2 22

 25 6 7

 25 7 1

 6 27 7

 6 7 7

 27 28 1

 27 1 7

 7 14 15

 7 15 19

 14 13 20

 14 20 15

 13 21 9

 13 9 20

 21 21 9

 21 9 9

 21 25 20

 21 20 9

 25 26 1

 25 1 20

 25 6 6

 25 6 25

 6 13 27

 6 27 6

 13 27 28

 13 28 27

 27 27 7

 27 7 28

 27 13 14

 27 14 7

 13 9 13

 13 13 14

 9 21 21

 9 21 13

 21 19 21

 21 21 21

 1 7 6

 1 6 25

 7 13 13

 7 13 6

 13 13 27

 13 27 13

 13 13 27

 13 27 27

 13 13 13

 13 13 27

 13 20 9

 13 9 13

 20 25 21

 20 21 9

 14 9 7

 14 7 1

 9 13 13

 9 13 7

 13 27 13

 13 13 13

 27 7 13

 27 13 13

 7 12 13

 7 13 13

 12 1 20

 12 20 13

 1 26 25

 1 25 20

 11 20 14

 11 14 24

 20 13 9

 20 9 14

 13 27 13

 13 13 9

 27 7 27

 27 27 13

 7 8 7

 7 7 27

 8 19 12

 8 12 7

 19 17 1

 19 1 12

 19 6 20

 19 20 11

 6 13 13

 6 13 20

 13 7 27

 13 27 13

 7 8 7

 7 7 27

 11 12 6

 11 6 19

 12 13 13

 12 13 6

 13 12 7

 13 7 13

 12 19 8

 12 8 7

 17 1 12

 17 12 11

 1 22 13

 1 13 12

 22 1 12

 22 12 13

 1 17 19

 1 19 12

 23 2 22

 23 22 1

 2 23 1

 2 1 22

 2 1 2

 2 2 3

 1 12 4

 1 4 2

 12 1 17

 12 17 4

 4 20 1

 4 1 2

 20 13 12

 20 12 1

 13 12 1

 13 1 12

 12 11 17

 12 17 1

 24 14 20

 24 20 4

 14 9 13

 14 13 20

 9 6 12

 9 12 13

 6 5 11

 6 11 12

 29 15 2

 29 2 30

 15 1 2

 15 2 2

 1 2 3

 1 3 2

 14 31 9

 14 9 14

 31 6 6

 31 6 9

 6 5 5

 6 5 6

 32 9 15

 32 15 29

 9 20 1

 9 1 15

 20 4 2

 20 2 1

 14 9 31

 14 31 14

 9 20 6

 9 6 31

 20 11 5

 20 5 6

 4 20 32

 4 32 24

 20 9 9

 20 9 32

 9 32 20

 9 20 9

 32 24 4

 32 4 20

 11 20 14

 11 14 24

 20 9 9

 20 9 14

 9 14 20

 9 20 9

 14 24 11

 14 11 20

 2 1 20

 2 20 4

 1 15 9

 1 9 20

 15 29 32

 15 32 9

 5 6 20

 5 20 11

 6 7 9

 6 9 20

 7 1 14

 7 14 9

 3 2 1

 3 1 2

 2 2 15

 2 15 1

 2 30 29

 2 29 15

 22 6 6

 22 6 5

 6 6 7

 6 7 6

 6 25 1

 6 1 7

 22 6 6

 22 6 22

 6 6 6

 6 6 6

 6 22 25

 6 25 6

 22 6 6

 22 6 22

 6 6 6

 6 6 6

 6 22 22

 6 22 6

 32 20 4

 32 4 24

 20 1 2

 20 2 4

 1 2 3

 1 3 2

 22 6 6

 22 6 22

 6 6 6

 6 6 6

 6 25 22

 6 22 6

 1 20 25

 1 25 26

 20 9 32

 20 32 25

 9 27 20

 9 20 32

 27 15 1

 27 1 20

 15 2 2

 15 2 1

 25 6 6

 25 6 22

 6 7 6

 6 6 6

 7 1 25

 7 25 6

 25 20 1

 25 1 26

 20 13 20

 20 20 1

 13 27 9

 13 9 20

 27 33 27

 27 27 9

 33 29 15

 33 15 27

 29 30 2

 29 2 15

 0 1 2

 0 2 3

 1 15 2

 1 2 2

 15 29 30

 15 30 2

 1 21 6

 1 6 25

 21 9 7

 21 7 6

 9 14 1

 9 1 7

 32 9 20

 32 20 25

 9 13 13

 9 13 20

 13 27 27

 13 27 13

 27 7 33

 27 33 27

 5 6 1

 5 1 0

 6 27 15

 6 15 1

 27 7 29

 27 29 15

 0 1 0

 0 0 3

 1 6 5

 1 5 0

 6 6 5

 6 5 5

 6 20 11

 6 11 5

 20 14 24

 20 24 11

 22 31 21

 22 21 1

 31 34 9

 31 9 21

 34 32 14

 34 14 9

 32 25 35

 32 35 14

 25 32 32

 25 32 35

 32 13 9

 32 9 32

 13 13 13

 13 13 9

 13 13 27

 13 27 13

 13 36 7

 13 7 27

 36 31 29

 36 29 7

 12 37 38

 12 38 39

 5 6 6

 5 6 5

 6 13 27

 6 27 6

 13 27 7

 13 7 27

 27 7 8

 27 8 7

 7 1 4

 7 4 8

 1 2 3

 1 3 4

 5 6 1

 5 1 0

 6 13 6

 6 6 1

 13 27 6

 13 6 6

 27 27 20

 27 20 6

 27 9 14

 27 14 20

 9 10 32

 9 32 14

 10 31 22

 10 22 32

 33 40 34

 33 34 31

 40 9 32

 40 32 34

 9 32 25

 9 25 32

 32 9 32

 32 32 25

 9 13 13

 9 13 32

 13 13 13

 13 13 13

 13 13 13

 13 13 13

 13 13 36

 13 36 13

 13 27 31

 13 31 36

 27 27 12

 27 12 31

 27 14 37

 27 37 12

 14 21 16

 14 16 37

 11 12 6

 11 6 5

 12 13 13

 12 13 6

 13 13 27

 13 27 13

 13 13 7

 13 7 27

 13 12 1

 13 1 7

 12 4 2

 12 2 1

 1 12 11

 1 11 17

 12 6 19

 12 19 11

 6 20 11

 6 11 19

 20 32 24

 20 24 11

 25 6 6

 25 6 5

 6 27 13

 6 13 6

 27 33 27

 27 27 13

 33 33 27

 33 27 27

 33 27 9

 33 9 27

 27 13 10

 27 10 9

 13 40 31

 13 31 10

 40 31 33

 40 33 31

 31 28 40

 31 40 33

 28 27 9

 28 9 40

 27 32 32

 27 32 9

 32 25 35

 32 35 32

 11 20 32

 11 32 24

 20 13 9

 20 9 32

 13 13 13

 13 13 9

 13 13 13

 13 13 13

 13 13 13

 13 13 13

 13 13 13

 13 13 13

 13 13 27

 13 27 13

 13 13 27

 13 27 27

 13 13 14

 13 14 27

 13 9 21

 13 21 14

 9 20 25

 9 25 21

 20 15 26

 20 26 25

 17 1 12

 17 12 11

 1 12 13

 1 13 12

 12 6 13

 12 13 13

 6 12 13

 6 13 13

 12 1 12

 12 12 13

 1 17 4

 1 4 12

 11 12 1

 11 1 17

 12 13 12

 12 12 1

 13 27 6

 13 6 12

 27 27 20

 27 20 6

 27 9 32

 27 32 20

 9 20 25

 9 25 32

 20 1 26

 20 26 25

 1 7 6

 1 6 25

 7 7 27

 7 27 6

 7 1 33

 7 33 27

 1 7 27

 1 27 33

 7 13 13

 7 13 27

 13 31 40

 13 40 13

 31 18 31

 31 31 40

 18 31 27

 18 27 28

 31 9 32

 31 32 27

 9 32 25

 9 25 32

 19 6 20

 19 20 11

 6 13 13

 6 13 20

 13 13 13

 13 13 13

 13 13 13

 13 13 13

 13 13 13

 13 13 13

 13 13 13

 13 13 13

 13 13 13

 13 13 13

 13 13 13

 13 13 13

 13 13 13

 13 13 13

 13 13 9

 13 9 13

 13 13 20

 13 20 9

 13 14 15

 13 15 20

 14 21 16

 14 16 15

 17 11 12

 17 12 1

 11 19 6

 11 6 12

 19 11 12

 19 12 6

 11 17 1

 11 1 12

 5 6 12

 5 12 11

 6 27 13

 6 13 12

 27 28 27

 27 27 13

 28 7 27

 28 27 27

 7 10 9

 7 9 27

 10 13 20

 10 20 9

 13 20 1

 13 1 20

 20 25 26

 20 26 1

 10 9 7

 10 7 1

 9 6 7

 9 7 7

 6 22 1

 6 1 7

 22 6 7

 22 7 1

 6 13 13

 6 13 7

 13 27 31

 13 31 13

 27 28 18

 27 18 31

 28 27 31

 28 31 18

 27 13 9

 27 9 31

 13 20 32

 13 32 9

 20 11 24

 20 24 32

 11 12 6

 11 6 19

 12 13 13

 12 13 6

 13 13 13

 13 13 13

 13 13 13

 13 13 13

 13 13 13

 13 13 13

 13 13 13

 13 13 13

 13 13 13

 13 13 13

 13 13 13

 13 13 13

 13 13 13

 13 13 13

 13 13 13

 13 13 13

 13 13 13

 13 13 13

 13 13 14

 13 14 13

 13 9 21

 13 21 14

 9 20 25

 9 25 21

 20 1 26

 20 26 25

 22 6 6

 22 6 5

 6 7 27

 6 27 6

 7 1 28

 7 28 27

 19 10 10

 19 10 7

 10 9 13

 10 13 10

 9 27 20

 9 20 13

 27 33 25

 27 25 20

 7 10 10

 7 10 19

 10 13 9

 10 9 10

 13 12 6

 13 6 9

 12 11 22

 12 22 6

 0 15 6

 0 6 22

 15 9 13

 15 13 6

 9 13 27

 9 27 13

 13 27 28

 13 28 27

 27 27 28

 27 28 28

 27 13 27

 27 27 28

 13 13 13

 13 13 27

 13 6 20

 13 20 13

 6 19 11

 6 11 20

 17 1 12

 17 12 11

 1 12 13

 1 13 12

 12 7 13

 12 13 13

 7 27 13

 7 13 13

 27 13 13

 27 13 13

 13 13 13

 13 13 13

 13 13 13

 13 13 13

 13 13 13

 13 13 13

 13 13 13

 13 13 13

 13 13 13

 13 13 13

 13 13 13

 13 13 13

 13 13 13

 13 13 13

 13 13 9

 13 9 13

 13 13 20

 13 20 9

 13 25 1

 13 1 20

 25 2 23

 25 23 1

 25 6 6

 25 6 22

 6 6 7

 6 7 6

 6 25 1

 6 1 7

 8 7 9

 8 9 10

 7 13 27

 7 27 9

 13 27 33

 13 33 27

 27 27 7

 27 7 33

 27 9 10

 27 10 7

 9 20 13

 9 13 10

 20 1 12

 20 12 13

 1 17 11

 1 11 12

 30 29 15

 30 15 0

 29 32 9

 29 9 15

 32 20 13

 32 13 9

 20 6 27

 20 27 13

 6 6 27

 6 27 27

 6 6 13

 6 13 27

 6 6 13

 6 13 13

 6 1 6

 6 6 13

 1 0 19

 1 19 6

 17 19 12

 17 12 1

 19 41 7

 19 7 12

 41 28 27

 41 27 7

 28 27 13

 28 13 27

 27 13 13

 27 13 13

 13 13 13

 13 13 13

 13 13 13

 13 13 13

 13 13 13

 13 13 13

 13 13 13

 13 13 13

 13 13 13

 13 13 13

 13 13 13

 13 13 13

 13 13 13

 13 13 13

 13 9 13

 13 13 13

 9 14 25

 9 25 13

 14 17 2

 14 2 25

 1 7 6

 1 6 25

 7 6 6

 7 6 6

 6 22 25

 6 25 6

 4 1 7

 4 7 8

 1 6 13

 1 13 7

 6 6 27

 6 27 13

 6 20 27

 6 27 27

 20 32 9

 20 9 27

 32 25 20

 32 20 9

 25 26 1

 25 1 20

 24 11 20

 24 20 32

 11 5 6

 11 6 20

 5 22 6

 5 6 6

 22 22 6

 22 6 6

 22 5 6

 22 6 6

 5 0 1

 5 1 6

 0 3 0

 0 0 1

 7 27 27

 7 27 28

 27 13 13

 27 13 27

 13 27 13

 13 13 13

 27 27 13

 27 13 13

 27 13 13

 27 13 13

 13 13 13

 13 13 13

 13 13 13

 13 13 13

 13 13 13

 13 13 13

 13 13 13

 13 13 13

 13 7 9

 13 9 13

 7 1 14

 7 14 9

 10 9 7

 10 7 1

 9 6 6

 9 6 7

 6 5 22

 6 22 6

 3 0 1

 3 1 4

 0 5 6

 0 6 1

 5 5 6

 5 6 6

 5 11 20

 5 20 6

 11 24 32

 11 32 20

 21 10 7

 21 7 19

 10 13 27

 10 27 7

 13 14 13

 13 13 27

 14 31 27

 14 27 13

 31 31 27

 31 27 27

 31 10 13

 31 13 27

 10 13 13

 10 13 13

 13 13 13

 13 13 13

 13 13 13

 13 13 13

 13 13 13

 13 13 13

 13 6 7

 13 7 13

 6 25 1

 6 1 7

 26 29 0

 26 0 42

 29 6 5

 29 5 0

 6 6 5

 6 5 5

 6 20 11

 6 11 5

 20 14 24

 20 24 11

 10 21 10

 10 10 19

 21 13 9

 21 9 10

 13 12 6

 13 6 9

 12 11 5

 12 5 6

 0 15 29

 0 29 30

 15 9 21

 15 21 29

 9 13 10

 9 10 21

 13 14 13

 13 13 10

 14 20 14

 14 14 13

 20 19 31

 20 31 14

 19 10 10

 19 10 31

 10 9 13

 10 13 10

 9 13 13

 9 13 13

 13 13 13

 13 13 13

 13 13 13

 13 13 13

 13 6 6

 13 6 13

 6 5 25

 6 25 6

 23 1 29

 23 29 26

 1 12 6

 1 6 29

 12 7 6

 12 6 6

 7 9 20

 7 20 6

 9 9 14

 9 14 20

 9 7 1

 9 1 14

 7 6 25

 7 25 1

 6 6 22

 6 22 25

 6 6 22

 6 22 22

 6 6 25

 6 25 22

 6 7 1

 6 1 25

 7 9 10

 7 10 1

 9 13 21

 9 21 10

 13 18 13

 13 13 21

 18 15 12

 18 12 13

 15 17 11

 15 11 12

 29 6 15

 29 15 0

 6 13 9

 6 9 15

 13 9 13

 13 13 9

 9 21 14

 9 14 13

 21 16 20

 21 20 14

 1 7 9

 1 9 10

 7 13 13

 7 13 9

 13 13 13

 13 13 13

 13 13 13

 13 13 13

 13 12 6

 13 6 13

 12 11 5

 12 5 6

 17 19 12

 17 12 1

 19 8 7

 19 7 12

 8 14 9

 8 9 7

 14 20 9

 14 9 9

 20 6 7

 20 7 9

 6 6 6

 6 6 7

 6 6 6

 6 6 6

 6 6 6

 6 6 6

 6 6 6

 6 6 6

 6 6 7

 6 7 6

 6 6 9

 6 9 7

 6 12 13

 6 13 9

 12 15 18

 12 18 13

 15 11 15

 15 15 18

 0 1 6

 0 6 29

 1 6 13

 1 13 6

 6 15 9

 6 9 13

 15 29 21

 15 21 9

 22 6 7

 22 7 1

 6 13 13

 6 13 7

 13 13 13

 13 13 13

 13 14 13

 13 13 13

 14 15 12

 14 12 13

 15 17 11

 15 11 12

 24 11 20

 24 20 14

 11 5 6

 11 6 20

 5 22 6

 5 6 6

 22 22 6

 22 6 6

 22 22 6

 22 6 6

 22 22 6

 22 6 6

 22 22 6

 22 6 6

 22 5 6

 22 6 6

 5 11 12

 5 12 6

 11 17 15

 11 15 12

 3 0 1

 3 1 0

 0 29 6

 0 6 1

 29 0 15

 29 15 6

 0 30 29

 0 29 15

 11 12 6

 11 6 22

 12 13 13

 12 13 6

 13 9 13

 13 13 13

 9 21 14

 9 14 13

 21 16 15

 21 15 14

 17 1 12

 17 12 11

 1 12 13

 1 13 12

 12 15 9

 12 9 13

 15 29 21

 15 21 9

 17 4 12

 17 12 1

 4 2 15

 4 15 12

 2 30 29

 2 29 15

 26 15 43

 26 43 43

 26 25 43

 26 43 43

 17 11 43

 17 43 43

 29 21 43

 29 43 43

 30 29 43

 30 43 43

 24 11 43

 24 43 43

 3 2 43

 3 43 43

 2 3 43

 2 43 43

 14 24 43

 14 43 43

 11 5 43

 11 43 43

 15 16 43

 15 43 43

 5 5 43

 5 43 43

 17 11 43

 17 43 43

 5 0 43

 5 43 43

 4 17 43

 4 43 43

 29 30 43

 29 43 43

 17 1 43

 17 43 43

 0 3 43

 0 43 43

 11 17 43

 11 43 43

 22 5 43

 22 43 43

 28 31 44

 28 44 44

 21 29 43

 21 43 43

 17 11 43

 17 43 43

 17 1 43

 17 43 43

 1 25 43

 1 43 43

 19 10 43

 19 43 43

 23 2 43

 23 43 43

 11 24 43

 11 43 43

 25 22 43

 25 43 43

 5 11 43

 5 43 43

 29 30 43

 29 43 43

 4 17 43

 4 43 43

 15 17 43

 15 43 43

 33 33 43

 33 43 43

 5 5 43

 5 43 43

 26 1 43

 26 43 43

 2 4 43

 2 43 43

 17 19 43

 17 43 43

 0 5 43

 0 43 43

 1 25 43

 1 43 43

 1 25 43

 1 43 43

 3 2 43

 3 43 43

 42 0 43

 42 43 43

 8 10 43

 8 43 43

 1 14 43

 1 43 43

 25 26 43

 25 43 43

 33 1 43

 33 43 43

 32 25 43

 32 43 43

 1 33 43

 1 43 43

 22 1 43

 22 43 43

 15 26 43

 15 43 43

 31 18 45

 31 45 44

 17 1 43

 17 43 43

 11 17 43

 11 43 43

 18 28 44

 18 44 45

 30 0 43

 30 43 43

 2 23 43

 2 43 43

 25 32 43

 25 43 43

 22 22 43

 22 43 43

 19 7 43

 19 43 43

 26 1 43

 26 43 43

 19 11 43

 19 43 43

 1 23 43

 1 43 43

 3 0 43

 3 43 43

 0 5 43

 0 43 43

 25 22 43

 25 43 43

 25 26 43

 25 43 43

 5 22 43

 5 43 43

 4 2 43

 4 43 43

 21 25 43

 21 43 43

 16 15 43

 16 43 43

 22 22 43

 22 43 43

 19 11 43

 19 43 43

 22 5 43

 22 43 43

 5 11 43

 5 43 43

 19 0 43

 19 43 43

 11 24 43

 11 43 43

 24 14 43

 24 43 43

 17 1 43

 17 43 43

 17 11 43

 17 43 43

 26 25 43

 26 43 43

 7 8 43

 7 43 43

 25 32 43

 25 43 43

 16 21 43

 16 43 43

 24 32 43

 24 43 43

 17 1 43

 17 43 43

 32 35 43

 32 43 43

 22 22 43

 22 43 43

 17 14 43

 17 43 43

 1 17 43

 1 43 43

 22 22 43

 22 43 43

 31 33 44

 31 44 46

 5 11 43

 5 43 43

 32 24 43

 32 43 43

 2 17 43

 2 43 43

 25 1 43

 25 43 43

 3 2 43

 3 43 43

 24 14 43

 24 43 43

 1 25 43

 1 43 43

 23 2 43

 23 43 43

 1 28 43

 1 43 43

 11 15 43

 11 43 43

 2 23 43

 2 43 43

 25 22 43

 25 43 43

 7 19 43

 7 43 43

 24 32 43

 24 43 43

 11 24 43

 11 43 43

 4 8 43

 4 43 43

 26 25 43

 26 43 43

 10 16 43

 10 43 43

 19 11 43

 19 43 43

 10 1 43

 10 43 43

 11 19 43

 11 43 43

 19 8 43

 19 43 43

 17 11 43

 17 43 43

 28 41 43

 28 43 43

 24 4 43

 24 43 43

 0 3 43

 0 43 43

 41 19 43

 41 43 43

 19 17 43

 19 43 43

 1 26 43

 1 43 43

 22 22 43

 22 43 43

 3 4 43

 3 43 43

 1 26 43

 1 43 43

 11 5 43

 11 43 43

 24 32 43

 24 43 43

 22 25 43

 22 43 43

 2 23 43

 2 43 43

 1 26 43

 1 43 43

 23 2 43

 23 43 43

 37 16 43

 37 43 43

 15 17 43

 15 43 43

 11 19 43

 11 43 43

 31 12 43

 31 43 43

 32 29 43

 32 43 43

 29 30 43

 29 43 43

 2 2 43

 2 43 43

 17 1 43

 17 43 43

 8 19 43

 8 43 43

 0 3 43

 0 43 43

 7 28 43

 7 43 43

 31 22 43

 31 43 46

 32 22 43

 32 43 43

 25 22 43

 25 43 43

 14 32 43

 14 43 43

 25 1 43

 25 43 43

 14 1 43

 14 43 43

 25 26 43

 25 43 43

 10 1 43

 10 43 43

 29 30 43

 29 43 43

 24 14 43

 24 43 43

 22 5 43

 22 43 43

 25 25 43

 25 43 43

 3 4 43

 3 43 43

 3 2 43

 3 43 43

 2 30 43

 2 43 43

 14 14 43

 14 43 43

 30 2 43

 30 43 43

 17 1 43

 17 43 43

 0 3 43

 0 43 43

 24 32 43

 24 43 43

 4 3 43

 4 43 43

 2 4 43

 2 43 43

 8 4 43

 8 43 43

 4 17 43

 4 43 43

 5 5 43

 5 43 43

 7 8 43

 7 43 43

 1 17 43

 1 43 43

 32 24 43

 32 43 43

 30 29 43

 30 43 43

 16 20 43

 16 43 43

 5 0 43

 5 43 43

 21 19 43

 21 43 43

 21 19 43

 21 43 43

 1 17 43

 1 43 43

 8 10 43

 8 43 43

 39 38 43

 39 43 43

 4 8 43

 4 43 43

 1 17 43

 1 43 43

 16 21 43

 16 43 43

 7 29 43

 7 43 43

 10 16 43

 10 43 43

 1 25 43

 1 43 43

 10 16 43

 10 43 43

 19 21 43

 19 43 43

 30 0 43

 30 43 43

 35 32 43

 35 43 43

 17 11 43

 17 43 43

 0 29 43

 0 43 43

 14 35 43

 14 43 43

 29 0 43

 29 43 43

 1 14 43

 1 43 43

 0 3 43

 0 43 43

 32 25 43

 32 43 43

 17 11 43

 17 43 43

 1 25 43

 1 43 43

 19 17 43

 19 43 43

 11 5 43

 11 43 43

 26 42 43

 26 43 43

 11 24 43

 11 43 43

 5 22 43

 5 43 43

 5 11 43

 5 43 43

 22 22 43

 22 43 43

 33 7 43

 33 43 43

 5 5 43

 5 43 43

 22 22 43

 22 43 43

 5 0 43

 5 43 43

 0 5 43

 0 43 43

 33 7 43

 33 43 43

 22 22 43

 22 43 43

 3 0 43

 3 43 43

 22 22 43

 22 43 43

 24 14 43

 24 43 43

 22 5 43

 22 43 43

 10 19 43

 10 43 43

 29 7 43

 29 43 43

 5 11 43

 5 43 43

 32 29 43

 32 43 43

 10 19 43

 10 43 43

 11 24 43

 11 43 43

 17 15 43

 17 43 43

 5 11 43

 5 43 43

 2 4 43

 2 43 43

 0 30 43

 0 43 43

 14 14 43

 14 43 43

 1 23 43

 1 43 43

 0 3 43

 0 43 43

 5 11 43

 5 43 43

 30 29 43

 30 43 43

 29 33 43

 29 43 43

 1 25 43

 1 43 43

 31 19 43

 31 43 43

 19 31 43

 19 43 43

 24 14 43

 24 43 43

 11 15 43

 11 43 43

 22 1 43

 22 43 43

 8 10 43

 8 43 43

 16 15 43

 16 43 43

 21 25 43

 21 43 43

 35 25 43

 35 43 43

 25 35 43

 25 43 43

 25 5 43

 25 43 43

 5 5 43

 5 43 43

 23 26 43

 23 43 43

 8 10 43

 8 43 43

 26 25 43

 26 43 43

 25 21 43

 25 43 43

 14 8 43

 14 43 43

 29 31 43

 29 43 43

 2 30 43

 2 43 43

 8 19 43

 8 43 43

 12 39 43

 12 43 43

 2 2 43

 2 43 43

 20 11 43

 20 43 43

 28 28 44

 28 44 44

 19 17 43

 19 43 43

 38 37 43

 38 43 43

 3 2 43

 3 43 43

 23 1 43

 23 43 43

 5 5 43

 5 43 43

 28 7 43

 28 43 43

 1 23 43

 1 43 43

 14 24 43

 14 43 43

 2 3 43

 2 43 43

 2 2 43

 2 43 43

 30 2 43

 30 43 43

 4 24 43

 4 43 43

 26 1 43

 26 43 43

 16 21 43

 16 43 43

 3 2 43

 3 43 43

 19 10 43

 19 43 43

 5 0 43

 5 43 43

 11 17 43

 11 43 43

 4 24 43

 4 43 43

 29 0 43

 29 43 43

 11 24 43

 11 43 43

 17 15 43

 17 43 43

 1 22 43

 1 43 43

 7 28 43

 7 43 43

 22 1 43

 22 43 43

 22 31 46

 22 46 43

 11 24 43

 11 43 43

 20 16 43

 20 43 43

 33 31 46

 33 46 44

 17 11 43

 17 43 43

 1 10 43

 1 43 43

 18 28 44

 18 44 45

 11 19 43

 11 43 43

 28 18 45

 28 45 44

 19 11 43

 19 43 43

 25 32 43

 25 43 43

 19 8 43

 19 43 43

 11 17 43

 11 43 43

 32 25 43

 32 43 43

 25 26 43

 25 43 43

 2 3 43

 2 43 43

 21 25 43

 21 43 43

 2 2 43

 2 43 43

 14 1 43

 14 43 43

 24 11 43

 24 43 43

 3 2 43

 3 43 43

 5 11 43

 5 43 43

 11 19 43

 11 43 43

 17 11 43

 17 43 43

 25 32 43

 25 43 43

 17 1 43

 17 43 43

 15 23 43

 15 43 43

 26 25 43

 26 43 43

 23 1 43

 23 43 43

 1 23 43

 1 43 43

 25 26 43

 25 43 43

 16 21 43

 16 43 43

 11 5 43

 11 43 43

 23 1 43

 23 43 43

 10 19 43

 10 43 43

 11 5 43

 11 43 43

 19 20 43

 19 43 43

 32 24 43

 32 43 43

 2 4 43

 2 43 43

 19 15 43

 19 43 43

 1 17 43

 1 43 43

 15 11 43

 15 43 43

 26 1 43

 26 43 43

 16 15 43

 16 43 43

 2 3 43

 2 43 43

 0 29 43

 0 43 43

 22 5 43

 22 43 43

 4 2 43

 4 43 43

 24 4 43

 24 43 43

 24 32 43

 24 43 43

 2 4 43

 2 43 43

 15 17 43

 15 43 43

 28 1 43

 28 43 43

 25 5 43

 25 43 43

 21 29 43

 21 43 43

 19 7 43

 19 43 43

 22 1 43

 22 43 43

 32 29 43

 32 43 43

 1 10 43

 1 43 43

 5 11 43

 5 43 43

 25 1 43

 25 43 43

 1 26 43

 1 43 43

 22 25 43

 22 43 43

 25 33 43

 25 43 43

 22 22 43

 22 43 43

 7 19 43

 7 43 43

 14 1 43

 14 43 43

 25 22 43

 25 43 43

 1 25 43

 1 43 43

 11 17 43

 11 43 43

 14 1 43

 14 43 43

 24 14 43

 24 43 43

 22 11 43

 22 43 43

 24 19 43

 24 43 43

 0 22 43

 0 43 43

 35 25 43

 35 43 43

 17 1 43

 17 43 43

 11 24 43

 11 43 43

 1 17 43

 1 43 43

 17 19 43

 17 43 43

 11 22 43

 11 43 43

 19 8 43

 19 43 43

 21 16 43

 21 43 43

 8 7 43

 8 43 43

 1 17 43

 1 43 43

 11 24 43

 11 43 43

 15 16 43

 15 43 43

 15 17 43

 15 43 43

 23 2 43

 23 43 43

 30 2 43

 30 43 43

 3 0 43

 3 43 43

 11 19 43

 11 43 43

 2 2 43

 2 43 43

 17 11 43

 17 43 43

 2 3 43

 2 43 43

 31 31 43

 31 43 43

 29 30 43

 29 43 43

 25 21 43

 25 43 43

 11 22 43

 11 43 43

 1 17 43

 1 43 43

