vectors:

 -14.525473 2.196030 -14.525473

 14.525473 2.196030 -14.525473

 -14.525473 2.196030 14.525473

 14.525473 2.196030 14.525473

 -14.525473 2.196030 11.297590

 -14.525473 2.196030 8.069708

 -14.525473 2.196030 4.841825

 -14.525473 2.196030 1.613941

 -14.525473 2.196030 -1.613941

 -14.525473 2.196030 -4.841825

 -14.525473 2.196030 -8.069708

 -14.525473 2.196030 -11.297590

 14.525473 2.196030 -11.297590

 14.525473 2.196030 -8.069708

 14.525473 2.196030 -4.841825

 14.525473 2.196030 -1.613941

 14.525473 2.196030 1.613941

 14.525473 2.196030 4.841825

 14.525473 2.196030 8.069708

 14.525473 2.196030 11.297590

 -11.297590 2.196030 -14.525473

 -8.069708 2.196030 -14.525473

 -4.841825 2.196030 -14.525473

 -1.613941 2.196030 -14.525473

 1.613941 2.196030 -14.525473

 4.841825 2.196030 -14.525473

 8.069708 2.196030 -14.525473

 11.297590 2.196030 -14.525473

 11.297590 2.196030 14.525473

 8.069708 2.196030 14.525473

 4.841825 2.196030 14.525473

 1.613941 2.196030 14.525473

 -1.613941 2.196030 14.525473

 -4.841825 2.196030 14.525473

 -8.069708 2.196030 14.525473

 -11.297590 2.196030 14.525473

 11.297590 2.196030 -11.297590

 8.069708 2.196030 -11.297590

 4.841825 2.196030 -11.297590

 1.613941 2.196030 -11.297590

 -1.613941 2.196030 -11.297590

 -4.841825 2.196030 -11.297590

 -8.069708 2.196030 -11.297590

 -11.297590 2.196030 -11.297590

 11.297590 2.196030 -8.069708

 8.069708 2.196030 -8.069708

 4.841825 2.196030 -8.069708

 1.613941 2.196030 -8.069708

 -1.613941 2.196030 -8.069708

 -4.841825 2.196030 -8.069708

 -8.069708 2.196030 -8.069708

 -11.297590 2.196030 -8.069708

 11.297590 2.196030 -4.841825

 8.069708 3.170760 -4.841825

 4.841825 2.196030 -4.841825

 1.613941 -3.046441 -4.841825

 -1.613941 2.196030 -4.841825

 -4.841825 2.196030 -4.841825

 -8.069708 2.196030 -4.841825

 -11.297590 2.196030 -4.841825

 11.297590 2.196030 -1.613941

 8.069708 2.196030 -1.613941

 4.841825 2.196030 -1.613941

 1.613941 2.196030 -1.613941

 -1.613941 2.196030 -1.613941

 -4.841825 2.196030 -1.613941

 -8.069708 2.196030 -1.613941

 -11.297590 2.196030 -1.613941

 11.297590 1.342574 1.613941

 8.069708 1.342574 1.613941

 4.841825 2.196030 1.613941

 1.613941 2.196030 1.613941

 -1.613941 2.196030 1.613941

 -4.841825 2.196030 1.613941

 -8.069708 2.196030 1.613941

 -11.297590 2.196030 1.613941

 11.297590 1.342574 4.841825

 8.069708 0.296726 4.841825

 4.841825 2.196030 4.841825

 1.613941 2.196030 4.841825

 -1.613941 2.196030 4.841825

 -4.841825 2.196030 4.841825

 -8.069708 2.196030 4.841825

 -11.297590 2.196030 4.841825

 11.297590 1.342574 8.069708

 8.069708 1.342574 8.069708

 4.841825 2.196030 8.069708

 1.613941 2.196030 8.069708

 -1.613941 2.196030 8.069708

 -4.841825 2.196030 8.069708

 -8.069708 2.196030 8.069708

 -11.297590 2.196030 8.069708

 11.297590 2.196030 11.297590

 8.069708 2.196030 11.297590

 4.841825 2.196030 11.297590

 1.613941 2.196030 11.297590

 -1.613941 2.196030 11.297590

 -4.841825 2.196030 11.297590

 -8.069708 2.196030 11.297590

 -11.297590 2.196030 11.297590

 -14.525473 2.196030 -12.911531

 12.911531 2.196030 -14.525473

 14.525473 2.196030 12.911531

 -12.911531 2.196030 14.525473

 -14.525473 2.196030 12.911531

 -14.525473 2.196030 9.683649

 -14.525473 2.196030 6.455766

 -14.525473 2.196030 3.227883

 -14.525473 2.196030 0.000000

 -14.525473 2.196030 -3.227883

 -14.525473 2.196030 -6.455766

 -14.525473 2.196030 -9.683649

 14.525473 2.196030 -12.911531

 14.525473 2.196030 -9.683649

 14.525473 2.196030 -6.455766

 14.525473 2.196030 -3.227883

 14.525473 2.196030 0.000000

 14.525473 2.196030 3.227883

 14.525473 2.196030 6.455766

 14.525473 2.196030 9.683649

 -12.911531 2.196030 -11.297590

 -12.911531 2.196030 -8.069708

 -12.911531 2.196030 -4.841825

 -12.911531 2.196030 -1.613941

 -12.911531 2.196030 1.613941

 -12.911531 2.196030 4.841825

 -12.911531 2.196030 8.069708

 -12.911531 2.196030 11.297590

 -12.911531 2.196030 -14.525473

 -9.683649 2.196030 -14.525473

 -6.455766 2.196030 -14.525473

 -3.227883 2.196030 -14.525473

 0.000000 2.196030 -14.525473

 3.227883 2.196030 -14.525473

 6.455766 2.196030 -14.525473

 9.683649 2.196030 -14.525473

 12.911531 2.196030 14.525473

 9.683649 2.196030 14.525473

 6.455766 2.196030 14.525473

 3.227883 2.196030 14.525473

 0.000000 2.196030 14.525473

 -3.227883 2.196030 14.525473

 -6.455766 2.196030 14.525473

 -9.683649 2.196030 14.525473

 12.911531 2.196030 -11.297590

 9.683649 2.196030 -11.297590

 6.455766 2.196030 -11.297590

 3.227883 2.196030 -11.297590

 0.000000 2.196030 -11.297590

 -3.227883 2.196030 -11.297590

 -6.455766 2.196030 -11.297590

 -9.683649 2.196030 -11.297590

 12.911531 2.196030 -8.069708

 9.683649 2.196030 -8.069708

 6.455766 2.196030 -8.069708

 3.227883 2.196030 -8.069708

 0.000000 2.196030 -8.069708

 -3.227883 2.196030 -8.069708

 -6.455766 2.196030 -8.069708

 -9.683649 2.196030 -8.069708

 12.911531 2.196030 -4.841825

 9.683649 3.170760 -4.841825

 6.455766 2.196030 -4.841825

 3.227883 -3.046441 -4.841825

 0.000000 2.196030 -4.841825

 -3.227883 2.196030 -4.841825

 -6.455766 2.196030 -4.841825

 -9.683649 2.196030 -4.841825

 12.911531 2.196030 -1.613941

 9.683649 2.196030 -1.613941

 6.455766 2.196030 -1.613941

 3.227883 2.196030 -1.613941

 0.000000 2.196030 -1.613941

 -3.227883 2.196030 -1.613941

 -6.455766 2.196030 -1.613941

 -9.683649 2.196030 -1.613941

 12.911531 2.196030 1.613941

 9.683649 1.342574 1.613941

 6.455766 1.342574 1.613941

 3.227883 2.196030 1.613941

 0.000000 2.196030 1.613941

 -3.227883 2.196030 1.613941

 -6.455766 2.196030 1.613941

 -9.683649 2.196030 1.613941

 12.911531 2.196030 4.841825

 9.683649 0.296726 4.841825

 6.455766 1.342574 4.841825

 3.227883 2.196030 4.841825

 0.000000 2.196030 4.841825

 -3.227883 2.196030 4.841825

 -6.455766 2.196030 4.841825

 -9.683649 2.196030 4.841825

 12.911531 2.196030 8.069708

 9.683649 1.342574 8.069708

 6.455766 1.342574 8.069708

 3.227883 2.196030 8.069708

 0.000000 2.196030 8.069708

 -3.227883 2.196030 8.069708

 -6.455766 2.196030 8.069708

 -9.683649 2.196030 8.069708

 12.911531 2.196030 11.297590

 9.683649 2.196030 11.297590

 6.455766 2.196030 11.297590

 3.227883 2.196030 11.297590

 0.000000 2.196030 11.297590

 -3.227883 2.196030 11.297590

 -6.455766 2.196030 11.297590

 -9.683649 2.196030 11.297590

 -11.297590 2.196030 9.683649

 -8.069708 2.196030 9.683649

 -4.841825 2.196030 9.683649

 -1.613941 2.196030 9.683649

 1.613941 2.196030 9.683649

 4.841825 2.196030 9.683649

 8.069708 2.196030 9.683649

 11.297590 2.196030 9.683649

 -11.297590 2.196030 6.455766

 -8.069708 2.196030 6.455766

 -4.841825 2.196030 6.455766

 -1.613941 2.196030 6.455766

 1.613941 2.196030 6.455766

 4.841825 2.196030 6.455766

 8.069708 0.296726 6.455766

 11.297590 1.342574 6.455766

 -11.297590 2.196030 3.227883

 -8.069708 2.196030 3.227883

 -4.841825 2.196030 3.227883

 -1.613941 2.196030 3.227883

 1.613941 2.196030 3.227883

 4.841825 2.196030 3.227883

 8.069708 1.342574 3.227883

 11.297590 1.342574 3.227883

 -11.297590 2.196030 0.000000

 -8.069708 2.196030 0.000000

 -4.841825 2.196030 0.000000

 -1.613941 2.196030 0.000000

 1.613941 2.196030 0.000000

 4.841825 2.196030 0.000000

 8.069708 2.196030 0.000000

 11.297590 2.196030 0.000000

 -11.297590 2.196030 -3.227883

 -8.069708 2.196030 -3.227883

 -4.841825 2.196030 -3.227883

 -1.613941 2.196030 -3.227883

 1.613941 -3.046441 -3.227883

 4.841825 2.196030 -3.227883

 8.069708 3.170760 -3.227883

 11.297590 2.196030 -3.227883

 -11.297590 2.196030 -6.455766

 -8.069708 2.196030 -6.455766

 -4.841825 2.196030 -6.455766

 -1.613941 2.196030 -6.455766

 1.613941 2.196030 -6.455766

 4.841825 2.196030 -6.455766

 8.069708 2.196030 -6.455766

 11.297590 2.196030 -6.455766

 -11.297590 2.196030 -9.683649

 -8.069708 2.196030 -9.683649

 -4.841825 2.196030 -9.683649

 -1.613941 2.196030 -9.683649

 1.613941 2.196030 -9.683649

 4.841825 2.196030 -9.683649

 8.069708 2.196030 -9.683649

 11.297590 2.196030 -9.683649

 -11.297590 2.196030 -12.911531

 -8.069708 2.196030 -12.911531

 -4.841825 2.196030 -12.911531

 -1.613941 2.196030 -12.911531

 1.613941 2.196030 -12.911531

 4.841825 2.196030 -12.911531

 8.069708 2.196030 -12.911531

 11.297590 2.196030 -12.911531

 -11.297590 2.196030 12.911531

 -8.069708 2.196030 12.911531

 -4.841825 2.196030 12.911531

 -1.613941 2.196030 12.911531

 1.613941 2.196030 12.911531

 4.841825 2.196030 12.911531

 8.069708 2.196030 12.911531

 11.297590 2.196030 12.911531

 9.683649 2.196030 12.911531

 6.455766 2.196030 12.911531

 3.227883 2.196030 12.911531

 0.000000 2.196030 12.911531

 -3.227883 2.196030 12.911531

 -6.455766 2.196030 12.911531

 -9.683649 2.196030 12.911531

 -12.911531 2.196030 12.911531

 9.683649 2.196030 -12.911531

 6.455766 2.196030 -12.911531

 3.227883 2.196030 -12.911531

 0.000000 2.196030 -12.911531

 -3.227883 2.196030 -12.911531

 -6.455766 2.196030 -12.911531

 -9.683649 2.196030 -12.911531

 -12.911531 2.196030 -12.911531

 9.683649 2.196030 -9.683649

 6.455766 2.196030 -9.683649

 3.227883 2.196030 -9.683649

 0.000000 2.196030 -9.683649

 -3.227883 2.196030 -9.683649

 -6.455766 2.196030 -9.683649

 -9.683649 2.196030 -9.683649

 -12.911531 2.196030 -9.683649

 9.683649 2.196030 -6.455766

 6.455766 2.196030 -6.455766

 3.227883 2.196030 -6.455766

 0.000000 2.196030 -6.455766

 -3.227883 2.196030 -6.455766

 -6.455766 2.196030 -6.455766

 -9.683649 2.196030 -6.455766

 -12.911531 2.196030 -6.455766

 9.683649 3.170760 -3.227883

 6.455766 2.196030 -3.227883

 3.227883 -3.046441 -3.227883

 0.000000 2.196030 -3.227883

 -3.227883 2.196030 -3.227883

 -6.455766 2.196030 -3.227883

 -9.683649 2.196030 -3.227883

 -12.911531 2.196030 -3.227883

 9.683649 2.196030 0.000000

 6.455766 2.196030 0.000000

 3.227883 2.196030 0.000000

 0.000000 2.196030 0.000000

 -3.227883 2.196030 0.000000

 -6.455766 2.196030 0.000000

 -9.683649 2.196030 0.000000

 -12.911531 2.196030 0.000000

 9.683649 1.342574 3.227883

 6.455766 1.342574 3.227883

 3.227883 2.196030 3.227883

 0.000000 2.196030 3.227883

 -3.227883 2.196030 3.227883

 -6.455766 2.196030 3.227883

 -9.683649 2.196030 3.227883

 -12.911531 2.196030 3.227883

 9.683649 0.296726 6.455766

 6.455766 1.342574 6.455766

 3.227883 2.196030 6.455766

 0.000000 2.196030 6.455766

 -3.227883 2.196030 6.455766

 -6.455766 2.196030 6.455766

 -9.683649 2.196030 6.455766

 -12.911531 2.196030 6.455766

 9.683649 2.196030 9.683649

 6.455766 2.196030 9.683649

 3.227883 2.196030 9.683649

 0.000000 2.196030 9.683649

 -3.227883 2.196030 9.683649

 -6.455766 2.196030 9.683649

 -9.683649 2.196030 9.683649

 -12.911531 2.196030 9.683649

 12.911531 2.196030 9.683649

 12.911531 2.196030 6.455766

 12.911531 2.196030 3.227883

 12.911531 2.196030 0.000000

 12.911531 2.196030 -3.227883

 12.911531 2.196030 -6.455766

 12.911531 2.196030 -9.683649

 12.911531 2.196030 -12.911531

 12.911531 2.196030 12.911531

tris:

 360 102 3

 360 3 136

 359 112 12

 359 12 144

 358 113 13

 358 13 152

 357 114 14

 357 14 160

 356 115 15

 356 15 168

 355 116 16

 355 16 176

 354 117 17

 354 17 184

 353 118 18

 353 18 192

 352 119 19

 352 19 200

 351 208 99

 351 99 127

 350 209 98

 350 98 207

 349 210 97

 349 97 206

 348 211 96

 348 96 205

 347 212 95

 347 95 204

 346 213 94

 346 94 203

 345 214 93

 345 93 202

 344 215 92

 344 92 201

 343 216 91

 343 91 126

 342 217 90

 342 90 199

 341 218 89

 341 89 198

 340 219 88

 340 88 197

 339 220 87

 339 87 196

 338 221 86

 338 86 195

 337 222 85

 337 85 194

 336 223 84

 336 84 193

 335 224 83

 335 83 125

 334 225 82

 334 82 191

 333 226 81

 333 81 190

 332 227 80

 332 80 189

 331 228 79

 331 79 188

 330 229 78

 330 78 187

 329 230 77

 329 77 186

 328 231 76

 328 76 185

 327 232 75

 327 75 124

 326 233 74

 326 74 183

 325 234 73

 325 73 182

 324 235 72

 324 72 181

 323 236 71

 323 71 180

 322 237 70

 322 70 179

 321 238 69

 321 69 178

 320 239 68

 320 68 177

 319 240 67

 319 67 123

 318 241 66

 318 66 175

 317 242 65

 317 65 174

 316 243 64

 316 64 173

 315 244 63

 315 63 172

 314 245 62

 314 62 171

 313 246 61

 313 61 170

 312 247 60

 312 60 169

 311 248 59

 311 59 122

 310 249 58

 310 58 167

 309 250 57

 309 57 166

 308 251 56

 308 56 165

 307 252 55

 307 55 164

 306 253 54

 306 54 163

 305 254 53

 305 53 162

 304 255 52

 304 52 161

 303 256 51

 303 51 121

 302 257 50

 302 50 159

 301 258 49

 301 49 158

 300 259 48

 300 48 157

 299 260 47

 299 47 156

 298 261 46

 298 46 155

 297 262 45

 297 45 154

 296 263 44

 296 44 153

 295 264 43

 295 43 120

 294 265 42

 294 42 151

 293 266 41

 293 41 150

 292 267 40

 292 40 149

 291 268 39

 291 39 148

 290 269 38

 290 38 147

 289 270 37

 289 37 146

 288 271 36

 288 36 145

 287 272 35

 287 35 103

 286 273 34

 286 34 143

 285 274 33

 285 33 142

 284 275 32

 284 32 141

 283 276 31

 283 31 140

 282 277 30

 282 30 139

 281 278 29

 281 29 138

 280 279 28

 280 28 137

 278 280 137

 278 137 29

 93 201 280

 93 280 278

 201 92 279

 201 279 280

 277 281 138

 277 138 30

 94 202 281

 94 281 277

 202 93 278

 202 278 281

 276 282 139

 276 139 31

 95 203 282

 95 282 276

 203 94 277

 203 277 282

 275 283 140

 275 140 32

 96 204 283

 96 283 275

 204 95 276

 204 276 283

 274 284 141

 274 141 33

 97 205 284

 97 284 274

 205 96 275

 205 275 284

 273 285 142

 273 142 34

 98 206 285

 98 285 273

 206 97 274

 206 274 285

 272 286 143

 272 143 35

 99 207 286

 99 286 272

 207 98 273

 207 273 286

 104 287 103

 104 103 2

 4 127 287

 4 287 104

 127 99 272

 127 272 287

 270 288 145

 270 145 37

 26 135 288

 26 288 270

 135 27 271

 135 271 288

 269 289 146

 269 146 38

 25 134 289

 25 289 269

 134 26 270

 134 270 289

 268 290 147

 268 147 39

 24 133 290

 24 290 268

 133 25 269

 133 269 290

 267 291 148

 267 148 40

 23 132 291

 23 291 267

 132 24 268

 132 268 291

 266 292 149

 266 149 41

 22 131 292

 22 292 266

 131 23 267

 131 267 292

 265 293 150

 265 150 42

 21 130 293

 21 293 265

 130 22 266

 130 266 293

 264 294 151

 264 151 43

 20 129 294

 20 294 264

 129 21 265

 129 265 294

 100 295 120

 100 120 11

 0 128 295

 0 295 100

 128 20 264

 128 264 295

 262 296 153

 262 153 45

 37 145 296

 37 296 262

 145 36 263

 145 263 296

 261 297 154

 261 154 46

 38 146 297

 38 297 261

 146 37 262

 146 262 297

 260 298 155

 260 155 47

 39 147 298

 39 298 260

 147 38 261

 147 261 298

 259 299 156

 259 156 48

 40 148 299

 40 299 259

 148 39 260

 148 260 299

 258 300 157

 258 157 49

 41 149 300

 41 300 258

 149 40 259

 149 259 300

 257 301 158

 257 158 50

 42 150 301

 42 301 257

 150 41 258

 150 258 301

 256 302 159

 256 159 51

 43 151 302

 43 302 256

 151 42 257

 151 257 302

 111 303 121

 111 121 10

 11 120 303

 11 303 111

 120 43 256

 120 256 303

 254 304 161

 254 161 53

 45 153 304

 45 304 254

 153 44 255

 153 255 304

 253 305 162

 253 162 54

 46 154 305

 46 305 253

 154 45 254

 154 254 305

 252 306 163

 252 163 55

 47 155 306

 47 306 252

 155 46 253

 155 253 306

 251 307 164

 251 164 56

 48 156 307

 48 307 251

 156 47 252

 156 252 307

 250 308 165

 250 165 57

 49 157 308

 49 308 250

 157 48 251

 157 251 308

 249 309 166

 249 166 58

 50 158 309

 50 309 249

 158 49 250

 158 250 309

 248 310 167

 248 167 59

 51 159 310

 51 310 248

 159 50 249

 159 249 310

 110 311 122

 110 122 9

 10 121 311

 10 311 110

 121 51 248

 121 248 311

 246 312 169

 246 169 61

 53 161 312

 53 312 246

 161 52 247

 161 247 312

 245 313 170

 245 170 62

 54 162 313

 54 313 245

 162 53 246

 162 246 313

 244 314 171

 244 171 63

 55 163 314

 55 314 244

 163 54 245

 163 245 314

 243 315 172

 243 172 64

 56 164 315

 56 315 243

 164 55 244

 164 244 315

 242 316 173

 242 173 65

 57 165 316

 57 316 242

 165 56 243

 165 243 316

 241 317 174

 241 174 66

 58 166 317

 58 317 241

 166 57 242

 166 242 317

 240 318 175

 240 175 67

 59 167 318

 59 318 240

 167 58 241

 167 241 318

 109 319 123

 109 123 8

 9 122 319

 9 319 109

 122 59 240

 122 240 319

 238 320 177

 238 177 69

 61 169 320

 61 320 238

 169 60 239

 169 239 320

 237 321 178

 237 178 70

 62 170 321

 62 321 237

 170 61 238

 170 238 321

 236 322 179

 236 179 71

 63 171 322

 63 322 236

 171 62 237

 171 237 322

 235 323 180

 235 180 72

 64 172 323

 64 323 235

 172 63 236

 172 236 323

 234 324 181

 234 181 73

 65 173 324

 65 324 234

 173 64 235

 173 235 324

 233 325 182

 233 182 74

 66 174 325

 66 325 233

 174 65 234

 174 234 325

 232 326 183

 232 183 75

 67 175 326

 67 326 232

 175 66 233

 175 233 326

 108 327 124

 108 124 7

 8 123 327

 8 327 108

 123 67 232

 123 232 327

 230 328 185

 230 185 77

 69 177 328

 69 328 230

 177 68 231

 177 231 328

 229 329 186

 229 186 78

 70 178 329

 70 329 229

 178 69 230

 178 230 329

 228 330 187

 228 187 79

 71 179 330

 71 330 228

 179 70 229

 179 229 330

 227 331 188

 227 188 80

 72 180 331

 72 331 227

 180 71 228

 180 228 331

 226 332 189

 226 189 81

 73 181 332

 73 332 226

 181 72 227

 181 227 332

 225 333 190

 225 190 82

 74 182 333

 74 333 225

 182 73 226

 182 226 333

 224 334 191

 224 191 83

 75 183 334

 75 334 224

 183 74 225

 183 225 334

 107 335 125

 107 125 6

 7 124 335

 7 335 107

 124 75 224

 124 224 335

 222 336 193

 222 193 85

 77 185 336

 77 336 222

 185 76 223

 185 223 336

 221 337 194

 221 194 86

 78 186 337

 78 337 221

 186 77 222

 186 222 337

 220 338 195

 220 195 87

 79 187 338

 79 338 220

 187 78 221

 187 221 338

 219 339 196

 219 196 88

 80 188 339

 80 339 219

 188 79 220

 188 220 339

 218 340 197

 218 197 89

 81 189 340

 81 340 218

 189 80 219

 189 219 340

 217 341 198

 217 198 90

 82 190 341

 82 341 217

 190 81 218

 190 218 341

 216 342 199

 216 199 91

 83 191 342

 83 342 216

 191 82 217

 191 217 342

 106 343 126

 106 126 5

 6 125 343

 6 343 106

 125 83 216

 125 216 343

 214 344 201

 214 201 93

 85 193 344

 85 344 214

 193 84 215

 193 215 344

 213 345 202

 213 202 94

 86 194 345

 86 345 213

 194 85 214

 194 214 345

 212 346 203

 212 203 95

 87 195 346

 87 346 212

 195 86 213

 195 213 346

 211 347 204

 211 204 96

 88 196 347

 88 347 211

 196 87 212

 196 212 347

 210 348 205

 210 205 97

 89 197 348

 89 348 210

 197 88 211

 197 211 348

 209 349 206

 209 206 98

 90 198 349

 90 349 209

 198 89 210

 198 210 349

 208 350 207

 208 207 99

 91 199 350

 91 350 208

 199 90 209

 199 209 350

 105 351 127

 105 127 4

 5 126 351

 5 351 105

 126 91 208

 126 208 351

 215 352 200

 215 200 92

 84 192 352

 84 352 215

 192 18 119

 192 119 352

 223 353 192

 223 192 84

 76 184 353

 76 353 223

 184 17 118

 184 118 353

 231 354 184

 231 184 76

 68 176 354

 68 354 231

 176 16 117

 176 117 354

 239 355 176

 239 176 68

 60 168 355

 60 355 239

 168 15 116

 168 116 355

 247 356 168

 247 168 60

 52 160 356

 52 356 247

 160 14 115

 160 115 356

 255 357 160

 255 160 52

 44 152 357

 44 357 255

 152 13 114

 152 114 357

 263 358 152

 263 152 44

 36 144 358

 36 358 263

 144 12 113

 144 113 358

 271 359 144

 271 144 36

 27 101 359

 27 359 271

 101 1 112

 101 112 359

 279 360 136

 279 136 28

 92 200 360

 92 360 279

 200 19 102

 200 102 360

vector2s:

 0.944444 0.944444

 1.000000 0.944444

 1.000000 1.000000

 0.944444 1.000000

 0.944444 0.055556

 1.000000 0.055556

 1.000000 0.111111

 0.944444 0.111111

 0.944444 0.166667

 1.000000 0.166667

 1.000000 0.222222

 0.944444 0.222222

 0.944444 0.277778

 1.000000 0.277778

 1.000000 0.333333

 0.944444 0.333333

 0.944444 0.388889

 1.000000 0.388889

 1.000000 0.444444

 0.944444 0.444444

 0.944444 0.500000

 1.000000 0.500000

 1.000000 0.555556

 0.944444 0.555556

 0.944444 0.611111

 1.000000 0.611111

 1.000000 0.666667

 0.944444 0.666667

 0.944444 0.722222

 1.000000 0.722222

 1.000000 0.777778

 0.944444 0.777778

 0.944444 0.833333

 1.000000 0.833333

 1.000000 0.888889

 0.944444 0.888889

 0.055556 0.833333

 0.111111 0.833333

 0.111111 0.888889

 0.055556 0.888889

 0.166667 0.833333

 0.222222 0.833333

 0.222222 0.888889

 0.166667 0.888889

 0.277778 0.833333

 0.333333 0.833333

 0.333333 0.888889

 0.277778 0.888889

 0.388889 0.833333

 0.444444 0.833333

 0.444444 0.888889

 0.388889 0.888889

 0.500000 0.833333

 0.555556 0.833333

 0.555556 0.888889

 0.500000 0.888889

 0.611111 0.833333

 0.666667 0.833333

 0.666667 0.888889

 0.611111 0.888889

 0.722222 0.833333

 0.777778 0.833333

 0.777778 0.888889

 0.722222 0.888889

 0.833333 0.833333

 0.888889 0.833333

 0.888889 0.888889

 0.833333 0.888889

 0.055556 0.722222

 0.111111 0.722222

 0.111111 0.777778

 0.055556 0.777778

 0.166667 0.722222

 0.222222 0.722222

 0.222222 0.777778

 0.166667 0.777778

 0.277778 0.722222

 0.333333 0.722222

 0.333333 0.777778

 0.277778 0.777778

 0.388889 0.722222

 0.444444 0.722222

 0.444444 0.777778

 0.388889 0.777778

 0.500000 0.722222

 0.555556 0.722222

 0.555556 0.777778

 0.500000 0.777778

 0.611111 0.722222

 0.666667 0.722222

 0.666667 0.777778

 0.611111 0.777778

 0.722222 0.722222

 0.777778 0.722222

 0.777778 0.777778

 0.722222 0.777778

 0.833333 0.722222

 0.888889 0.722222

 0.888889 0.777778

 0.833333 0.777778

 0.055556 0.611111

 0.111111 0.611111

 0.111111 0.666667

 0.055556 0.666667

 0.166667 0.611111

 0.222222 0.611111

 0.222222 0.666667

 0.166667 0.666667

 0.277778 0.611111

 0.333333 0.611111

 0.333333 0.666667

 0.277778 0.666667

 0.388889 0.611111

 0.444444 0.611111

 0.444444 0.666667

 0.388889 0.666667

 0.500000 0.611111

 0.555556 0.611111

 0.555556 0.666667

 0.500000 0.666667

 0.611111 0.611111

 0.666667 0.611111

 0.666667 0.666667

 0.611111 0.666667

 0.722222 0.611111

 0.777778 0.611111

 0.777778 0.666667

 0.722222 0.666667

 0.833333 0.611111

 0.888889 0.611111

 0.888889 0.666667

 0.833333 0.666667

 0.055556 0.500000

 0.111111 0.500000

 0.111111 0.555556

 0.055556 0.555556

 0.166667 0.500000

 0.222222 0.500000

 0.222222 0.555556

 0.166667 0.555556

 0.277778 0.500000

 0.333333 0.500000

 0.333333 0.555556

 0.277778 0.555556

 0.388889 0.500000

 0.444444 0.500000

 0.444444 0.555556

 0.388889 0.555556

 0.500000 0.500000

 0.555556 0.500000

 0.555556 0.555556

 0.500000 0.555556

 0.611111 0.500000

 0.666667 0.500000

 0.666667 0.555556

 0.611111 0.555556

 0.722222 0.500000

 0.777778 0.500000

 0.777778 0.555556

 0.722222 0.555556

 0.833333 0.500000

 0.888889 0.500000

 0.888889 0.555556

 0.833333 0.555556

 0.055556 0.388889

 0.111111 0.388889

 0.111111 0.444444

 0.055556 0.444444

 0.166667 0.388889

 0.222222 0.388889

 0.222222 0.444444

 0.166667 0.444444

 0.277778 0.388889

 0.333333 0.388889

 0.333333 0.444444

 0.277778 0.444444

 0.388889 0.388889

 0.444444 0.388889

 0.444444 0.444444

 0.388889 0.444444

 0.500000 0.388889

 0.555556 0.388889

 0.555556 0.444444

 0.500000 0.444444

 0.611111 0.388889

 0.666667 0.388889

 0.666667 0.444444

 0.611111 0.444444

 0.722222 0.388889

 0.777778 0.388889

 0.777778 0.444444

 0.722222 0.444444

 0.833333 0.388889

 0.888889 0.388889

 0.888889 0.444444

 0.833333 0.444444

 0.055556 0.277778

 0.111111 0.277778

 0.111111 0.333333

 0.055556 0.333333

 0.166667 0.277778

 0.222222 0.277778

 0.222222 0.333333

 0.166667 0.333333

 0.277778 0.277778

 0.333333 0.277778

 0.333333 0.333333

 0.277778 0.333333

 0.388889 0.277778

 0.444444 0.277778

 0.444444 0.333333

 0.388889 0.333333

 0.500000 0.277778

 0.555556 0.277778

 0.555556 0.333333

 0.500000 0.333333

 0.611111 0.277778

 0.666667 0.277778

 0.666667 0.333333

 0.611111 0.333333

 0.722222 0.277778

 0.777778 0.277778

 0.777778 0.333333

 0.722222 0.333333

 0.833333 0.277778

 0.888889 0.277778

 0.888889 0.333333

 0.833333 0.333333

 0.055556 0.166667

 0.111111 0.166667

 0.111111 0.222222

 0.055556 0.222222

 0.166667 0.166667

 0.222222 0.166667

 0.222222 0.222222

 0.166667 0.222222

 0.277778 0.166667

 0.333333 0.166667

 0.333333 0.222222

 0.277778 0.222222

 0.388889 0.166667

 0.444444 0.166667

 0.444444 0.222222

 0.388889 0.222222

 0.500000 0.166667

 0.555556 0.166667

 0.555556 0.222222

 0.500000 0.222222

 0.611111 0.166667

 0.666667 0.166667

 0.666667 0.222222

 0.611111 0.222222

 0.722222 0.166667

 0.777778 0.166667

 0.777778 0.222222

 0.722222 0.222222

 0.833333 0.166667

 0.888889 0.166667

 0.888889 0.222222

 0.833333 0.222222

 0.055556 0.055556

 0.111111 0.055556

 0.111111 0.111111

 0.055556 0.111111

 0.166667 0.055556

 0.222222 0.055556

 0.222222 0.111111

 0.166667 0.111111

 0.277778 0.055556

 0.333333 0.055556

 0.333333 0.111111

 0.277778 0.111111

 0.388889 0.055556

 0.444444 0.055556

 0.444444 0.111111

 0.388889 0.111111

 0.500000 0.055556

 0.555556 0.055556

 0.555556 0.111111

 0.500000 0.111111

 0.611111 0.055556

 0.666667 0.055556

 0.666667 0.111111

 0.611111 0.111111

 0.722222 0.055556

 0.777778 0.055556

 0.777778 0.111111

 0.722222 0.111111

 0.833333 0.055556

 0.888889 0.055556

 0.888889 0.111111

 0.833333 0.111111

 0.055556 0.944444

 0.111111 0.944444

 0.111111 1.000000

 0.055556 1.000000

 0.166667 0.944444

 0.222222 0.944444

 0.222222 1.000000

 0.166667 1.000000

 0.277778 0.944444

 0.333333 0.944444

 0.333333 1.000000

 0.277778 1.000000

 0.388889 0.944444

 0.444444 0.944444

 0.444444 1.000000

 0.388889 1.000000

 0.500000 0.944444

 0.555556 0.944444

 0.555556 1.000000

 0.500000 1.000000

 0.611111 0.944444

 0.666667 0.944444

 0.666667 1.000000

 0.611111 1.000000

 0.722222 0.944444

 0.777778 0.944444

 0.777778 1.000000

 0.722222 1.000000

 0.833333 0.944444

 0.888889 0.944444

 0.888889 1.000000

 0.833333 1.000000

 0.000000 0.944444

 0.000000 1.000000

 0.000000 0.888889

 0.777778 0.000000

 0.833333 0.000000

 0.888889 0.000000

 0.666667 0.000000

 0.722222 0.000000

 0.555556 0.000000

 0.611111 0.000000

 0.444444 0.000000

 0.500000 0.000000

 0.333333 0.000000

 0.388889 0.000000

 0.222222 0.000000

 0.277778 0.000000

 0.111111 0.000000

 0.166667 0.000000

 0.000000 0.055556

 0.000000 0.111111

 0.000000 0.000000

 0.055556 0.000000

 0.000000 0.166667

 0.000000 0.222222

 0.000000 0.277778

 0.000000 0.333333

 0.000000 0.388889

 0.000000 0.444444

 0.000000 0.500000

 0.000000 0.555556

 0.000000 0.611111

 0.000000 0.666667

 0.000000 0.722222

 0.000000 0.777778

 0.000000 0.833333

 0.944444 0.000000

 1.000000 0.000000

uv:

 0 1 2

 0 2 3

 4 5 6

 4 6 7

 8 9 10

 8 10 11

 12 13 14

 12 14 15

 16 17 18

 16 18 19

 20 21 22

 20 22 23

 24 25 26

 24 26 27

 28 29 30

 28 30 31

 32 33 34

 32 34 35

 36 37 38

 36 38 39

 40 41 42

 40 42 43

 44 45 46

 44 46 47

 48 49 50

 48 50 51

 52 53 54

 52 54 55

 56 57 58

 56 58 59

 60 61 62

 60 62 63

 64 65 66

 64 66 67

 68 69 70

 68 70 71

 72 73 74

 72 74 75

 76 77 78

 76 78 79

 80 81 82

 80 82 83

 84 85 86

 84 86 87

 88 89 90

 88 90 91

 92 93 94

 92 94 95

 96 97 98

 96 98 99

 100 101 102

 100 102 103

 104 105 106

 104 106 107

 108 109 110

 108 110 111

 112 113 114

 112 114 115

 116 117 118

 116 118 119

 120 121 122

 120 122 123

 124 125 126

 124 126 127

 128 129 130

 128 130 131

 132 133 134

 132 134 135

 136 137 138

 136 138 139

 140 141 142

 140 142 143

 144 145 146

 144 146 147

 148 149 150

 148 150 151

 152 153 154

 152 154 155

 156 157 158

 156 158 159

 160 161 162

 160 162 163

 164 165 166

 164 166 167

 168 169 170

 168 170 171

 172 173 174

 172 174 175

 176 177 178

 176 178 179

 180 181 182

 180 182 183

 184 185 186

 184 186 187

 188 189 190

 188 190 191

 192 193 194

 192 194 195

 196 197 198

 196 198 199

 200 201 202

 200 202 203

 204 205 206

 204 206 207

 208 209 210

 208 210 211

 212 213 214

 212 214 215

 216 217 218

 216 218 219

 220 221 222

 220 222 223

 224 225 226

 224 226 227

 228 229 230

 228 230 231

 232 233 234

 232 234 235

 236 237 238

 236 238 239

 240 241 242

 240 242 243

 244 245 246

 244 246 247

 248 249 250

 248 250 251

 252 253 254

 252 254 255

 256 257 258

 256 258 259

 260 261 262

 260 262 263

 264 265 266

 264 266 267

 268 269 270

 268 270 271

 272 273 274

 272 274 275

 276 277 278

 276 278 279

 280 281 282

 280 282 283

 284 285 286

 284 286 287

 288 289 290

 288 290 291

 292 293 294

 292 294 295

 296 297 298

 296 298 299

 300 301 302

 300 302 303

 304 305 306

 304 306 307

 308 309 310

 308 310 311

 312 313 314

 312 314 315

 316 317 318

 316 318 319

 320 321 322

 320 322 323

 317 320 323

 317 323 318

 62 67 320

 62 320 317

 67 66 321

 67 321 320

 313 316 319

 313 319 314

 58 63 316

 58 316 313

 63 62 317

 63 317 316

 309 312 315

 309 315 310

 54 59 312

 54 312 309

 59 58 313

 59 313 312

 305 308 311

 305 311 306

 50 55 308

 50 308 305

 55 54 309

 55 309 308

 301 304 307

 301 307 302

 46 51 304

 46 304 301

 51 50 305

 51 305 304

 297 300 303

 297 303 298

 42 47 300

 42 300 297

 47 46 301

 47 301 300

 293 296 299

 293 299 294

 38 43 296

 38 296 293

 43 42 297

 43 297 296

 324 292 295

 324 295 325

 326 39 292

 326 292 324

 39 38 293

 39 293 292

 285 288 291

 285 291 286

 327 328 288

 327 288 285

 328 329 289

 328 289 288

 281 284 287

 281 287 282

 330 331 284

 330 284 281

 331 327 285

 331 285 284

 277 280 283

 277 283 278

 332 333 280

 332 280 277

 333 330 281

 333 281 280

 273 276 279

 273 279 274

 334 335 276

 334 276 273

 335 332 277

 335 277 276

 269 272 275

 269 275 270

 336 337 272

 336 272 269

 337 334 273

 337 273 272

 265 268 271

 265 271 266

 338 339 268

 338 268 265

 339 336 269

 339 269 268

 261 264 267

 261 267 262

 340 341 264

 340 264 261

 341 338 265

 341 265 264

 342 260 263

 342 263 343

 344 345 260

 344 260 342

 345 340 261

 345 261 260

 253 256 259

 253 259 254

 286 291 256

 286 256 253

 291 290 257

 291 257 256

 249 252 255

 249 255 250

 282 287 252

 282 252 249

 287 286 253

 287 253 252

 245 248 251

 245 251 246

 278 283 248

 278 248 245

 283 282 249

 283 249 248

 241 244 247

 241 247 242

 274 279 244

 274 244 241

 279 278 245

 279 245 244

 237 240 243

 237 243 238

 270 275 240

 270 240 237

 275 274 241

 275 241 240

 233 236 239

 233 239 234

 266 271 236

 266 236 233

 271 270 237

 271 237 236

 229 232 235

 229 235 230

 262 267 232

 262 232 229

 267 266 233

 267 233 232

 346 228 231

 346 231 347

 343 263 228

 343 228 346

 263 262 229

 263 229 228

 221 224 227

 221 227 222

 254 259 224

 254 224 221

 259 258 225

 259 225 224

 217 220 223

 217 223 218

 250 255 220

 250 220 217

 255 254 221

 255 221 220

 213 216 219

 213 219 214

 246 251 216

 246 216 213

 251 250 217

 251 217 216

 209 212 215

 209 215 210

 242 247 212

 242 212 209

 247 246 213

 247 213 212

 205 208 211

 205 211 206

 238 243 208

 238 208 205

 243 242 209

 243 209 208

 201 204 207

 201 207 202

 234 239 204

 234 204 201

 239 238 205

 239 205 204

 197 200 203

 197 203 198

 230 235 200

 230 200 197

 235 234 201

 235 201 200

 348 196 199

 348 199 349

 347 231 196

 347 196 348

 231 230 197

 231 197 196

 189 192 195

 189 195 190

 222 227 192

 222 192 189

 227 226 193

 227 193 192

 185 188 191

 185 191 186

 218 223 188

 218 188 185

 223 222 189

 223 189 188

 181 184 187

 181 187 182

 214 219 184

 214 184 181

 219 218 185

 219 185 184

 177 180 183

 177 183 178

 210 215 180

 210 180 177

 215 214 181

 215 181 180

 173 176 179

 173 179 174

 206 211 176

 206 176 173

 211 210 177

 211 177 176

 169 172 175

 169 175 170

 202 207 172

 202 172 169

 207 206 173

 207 173 172

 165 168 171

 165 171 166

 198 203 168

 198 168 165

 203 202 169

 203 169 168

 350 164 167

 350 167 351

 349 199 164

 349 164 350

 199 198 165

 199 165 164

 157 160 163

 157 163 158

 190 195 160

 190 160 157

 195 194 161

 195 161 160

 153 156 159

 153 159 154

 186 191 156

 186 156 153

 191 190 157

 191 157 156

 149 152 155

 149 155 150

 182 187 152

 182 152 149

 187 186 153

 187 153 152

 145 148 151

 145 151 146

 178 183 148

 178 148 145

 183 182 149

 183 149 148

 141 144 147

 141 147 142

 174 179 144

 174 144 141

 179 178 145

 179 145 144

 137 140 143

 137 143 138

 170 175 140

 170 140 137

 175 174 141

 175 141 140

 133 136 139

 133 139 134

 166 171 136

 166 136 133

 171 170 137

 171 137 136

 352 132 135

 352 135 353

 351 167 132

 351 132 352

 167 166 133

 167 133 132

 125 128 131

 125 131 126

 158 163 128

 158 128 125

 163 162 129

 163 129 128

 121 124 127

 121 127 122

 154 159 124

 154 124 121

 159 158 125

 159 125 124

 117 120 123

 117 123 118

 150 155 120

 150 120 117

 155 154 121

 155 121 120

 113 116 119

 113 119 114

 146 151 116

 146 116 113

 151 150 117

 151 117 116

 109 112 115

 109 115 110

 142 147 112

 142 112 109

 147 146 113

 147 113 112

 105 108 111

 105 111 106

 138 143 108

 138 108 105

 143 142 109

 143 109 108

 101 104 107

 101 107 102

 134 139 104

 134 104 101

 139 138 105

 139 105 104

 354 100 103

 354 103 355

 353 135 100

 353 100 354

 135 134 101

 135 101 100

 93 96 99

 93 99 94

 126 131 96

 126 96 93

 131 130 97

 131 97 96

 89 92 95

 89 95 90

 122 127 92

 122 92 89

 127 126 93

 127 93 92

 85 88 91

 85 91 86

 118 123 88

 118 88 85

 123 122 89

 123 89 88

 81 84 87

 81 87 82

 114 119 84

 114 84 81

 119 118 85

 119 85 84

 77 80 83

 77 83 78

 110 115 80

 110 80 77

 115 114 81

 115 81 80

 73 76 79

 73 79 74

 106 111 76

 106 76 73

 111 110 77

 111 77 76

 69 72 75

 69 75 70

 102 107 72

 102 72 69

 107 106 73

 107 73 72

 356 68 71

 356 71 357

 355 103 68

 355 68 356

 103 102 69

 103 69 68

 61 64 67

 61 67 62

 94 99 64

 94 64 61

 99 98 65

 99 65 64

 57 60 63

 57 63 58

 90 95 60

 90 60 57

 95 94 61

 95 61 60

 53 56 59

 53 59 54

 86 91 56

 86 56 53

 91 90 57

 91 57 56

 49 52 55

 49 55 50

 82 87 52

 82 52 49

 87 86 53

 87 53 52

 45 48 51

 45 51 46

 78 83 48

 78 48 45

 83 82 49

 83 49 48

 41 44 47

 41 47 42

 74 79 44

 74 44 41

 79 78 45

 79 45 44

 37 40 43

 37 43 38

 70 75 40

 70 40 37

 75 74 41

 75 41 40

 358 36 39

 358 39 326

 357 71 36

 357 36 358

 71 70 37

 71 37 36

 65 32 35

 65 35 66

 98 31 32

 98 32 65

 31 30 33

 31 33 32

 97 28 31

 97 31 98

 130 27 28

 130 28 97

 27 26 29

 27 29 28

 129 24 27

 129 27 130

 162 23 24

 162 24 129

 23 22 25

 23 25 24

 161 20 23

 161 23 162

 194 19 20

 194 20 161

 19 18 21

 19 21 20

 193 16 19

 193 19 194

 226 15 16

 226 16 193

 15 14 17

 15 17 16

 225 12 15

 225 15 226

 258 11 12

 258 12 225

 11 10 13

 11 13 12

 257 8 11

 257 11 258

 290 7 8

 290 8 257

 7 6 9

 7 9 8

 289 4 7

 289 7 290

 329 359 4

 329 4 289

 359 360 5

 359 5 4

 321 0 3

 321 3 322

 66 35 0

 66 0 321

 35 34 1

 35 1 0

palette:

 255 255 255 255

color:

 0 0 0

 0 0 0

 0 0 0

 0 0 0

 0 0 0

 0 0 0

 0 0 0

 0 0 0

 0 0 0

 0 0 0

 0 0 0

 0 0 0

 0 0 0

 0 0 0

 0 0 0

 0 0 0

 0 0 0

 0 0 0

 0 0 0

 0 0 0

 0 0 0

 0 0 0

 0 0 0

 0 0 0

 0 0 0

 0 0 0

 0 0 0

 0 0 0

 0 0 0

 0 0 0

 0 0 0

 0 0 0

 0 0 0

 0 0 0

 0 0 0

 0 0 0

 0 0 0

 0 0 0

 0 0 0

 0 0 0

 0 0 0

 0 0 0

 0 0 0

 0 0 0

 0 0 0

 0 0 0

 0 0 0

 0 0 0

 0 0 0

 0 0 0

 0 0 0

 0 0 0

 0 0 0

 0 0 0

 0 0 0

 0 0 0

 0 0 0

 0 0 0

 0 0 0

 0 0 0

 0 0 0

 0 0 0

 0 0 0

 0 0 0

 0 0 0

 0 0 0

 0 0 0

 0 0 0

 0 0 0

 0 0 0

 0 0 0

 0 0 0

 0 0 0

 0 0 0

 0 0 0

 0 0 0

 0 0 0

 0 0 0

 0 0 0

 0 0 0

 0 0 0

 0 0 0

 0 0 0

 0 0 0

 0 0 0

 0 0 0

 0 0 0

 0 0 0

 0 0 0

 0 0 0

 0 0 0

 0 0 0

 0 0 0

 0 0 0

 0 0 0

 0 0 0

 0 0 0

 0 0 0

 0 0 0

 0 0 0

 0 0 0

 0 0 0

 0 0 0

 0 0 0

 0 0 0

 0 0 0

 0 0 0

 0 0 0

 0 0 0

 0 0 0

 0 0 0

 0 0 0

 0 0 0

 0 0 0

 0 0 0

 0 0 0

 0 0 0

 0 0 0

 0 0 0

 0 0 0

 0 0 0

 0 0 0

 0 0 0

 0 0 0

 0 0 0

 0 0 0

 0 0 0

 0 0 0

 0 0 0

 0 0 0

 0 0 0

 0 0 0

 0 0 0

 0 0 0

 0 0 0

 0 0 0

 0 0 0

 0 0 0

 0 0 0

 0 0 0

 0 0 0

 0 0 0

 0 0 0

 0 0 0

 0 0 0

 0 0 0

 0 0 0

 0 0 0

 0 0 0

 0 0 0

 0 0 0

 0 0 0

 0 0 0

 0 0 0

 0 0 0

 0 0 0

 0 0 0

 0 0 0

 0 0 0

 0 0 0

 0 0 0

 0 0 0

 0 0 0

 0 0 0

 0 0 0

 0 0 0

 0 0 0

 0 0 0

 0 0 0

 0 0 0

 0 0 0

 0 0 0

 0 0 0

 0 0 0

 0 0 0

 0 0 0

 0 0 0

 0 0 0

 0 0 0

 0 0 0

 0 0 0

 0 0 0

 0 0 0

 0 0 0

 0 0 0

 0 0 0

 0 0 0

 0 0 0

 0 0 0

 0 0 0

 0 0 0

 0 0 0

 0 0 0

 0 0 0

 0 0 0

 0 0 0

 0 0 0

 0 0 0

 0 0 0

 0 0 0

 0 0 0

 0 0 0

 0 0 0

 0 0 0

 0 0 0

 0 0 0

 0 0 0

 0 0 0

 0 0 0

 0 0 0

 0 0 0

 0 0 0

 0 0 0

 0 0 0

 0 0 0

 0 0 0

 0 0 0

 0 0 0

 0 0 0

 0 0 0

 0 0 0

 0 0 0

 0 0 0

 0 0 0

 0 0 0

 0 0 0

 0 0 0

 0 0 0

 0 0 0

 0 0 0

 0 0 0

 0 0 0

 0 0 0

 0 0 0

 0 0 0

 0 0 0

 0 0 0

 0 0 0

 0 0 0

 0 0 0

 0 0 0

 0 0 0

 0 0 0

 0 0 0

 0 0 0

 0 0 0

 0 0 0

 0 0 0

 0 0 0

 0 0 0

 0 0 0

 0 0 0

 0 0 0

 0 0 0

 0 0 0

 0 0 0

 0 0 0

 0 0 0

 0 0 0

 0 0 0

 0 0 0

 0 0 0

 0 0 0

 0 0 0

 0 0 0

 0 0 0

 0 0 0

 0 0 0

 0 0 0

 0 0 0

 0 0 0

 0 0 0

 0 0 0

 0 0 0

 0 0 0

 0 0 0

 0 0 0

 0 0 0

 0 0 0

 0 0 0

 0 0 0

 0 0 0

 0 0 0

 0 0 0

 0 0 0

 0 0 0

 0 0 0

 0 0 0

 0 0 0

 0 0 0

 0 0 0

 0 0 0

 0 0 0

 0 0 0

 0 0 0

 0 0 0

 0 0 0

 0 0 0

 0 0 0

 0 0 0

 0 0 0

 0 0 0

 0 0 0

 0 0 0

 0 0 0

 0 0 0

 0 0 0

 0 0 0

 0 0 0

 0 0 0

 0 0 0

 0 0 0

 0 0 0

 0 0 0

 0 0 0

 0 0 0

 0 0 0

 0 0 0

 0 0 0

 0 0 0

 0 0 0

 0 0 0

 0 0 0

 0 0 0

 0 0 0

 0 0 0

 0 0 0

 0 0 0

 0 0 0

 0 0 0

 0 0 0

 0 0 0

 0 0 0

 0 0 0

 0 0 0

 0 0 0

 0 0 0

 0 0 0

 0 0 0

 0 0 0

 0 0 0

 0 0 0

 0 0 0

 0 0 0

 0 0 0

 0 0 0

 0 0 0

 0 0 0

 0 0 0

 0 0 0

 0 0 0

 0 0 0

 0 0 0

 0 0 0

 0 0 0

 0 0 0

 0 0 0

 0 0 0

 0 0 0

 0 0 0

 0 0 0

 0 0 0

 0 0 0

 0 0 0

 0 0 0

 0 0 0

 0 0 0

 0 0 0

 0 0 0

 0 0 0

 0 0 0

 0 0 0

 0 0 0

 0 0 0

 0 0 0

 0 0 0

 0 0 0

 0 0 0

 0 0 0

 0 0 0

 0 0 0

 0 0 0

 0 0 0

 0 0 0

 0 0 0

 0 0 0

 0 0 0

 0 0 0

 0 0 0

 0 0 0

 0 0 0

 0 0 0

 0 0 0

 0 0 0

 0 0 0

 0 0 0

 0 0 0

 0 0 0

 0 0 0

 0 0 0

 0 0 0

 0 0 0

 0 0 0

 0 0 0

 0 0 0

 0 0 0

 0 0 0

 0 0 0

 0 0 0

 0 0 0

 0 0 0

 0 0 0

 0 0 0

 0 0 0

 0 0 0

 0 0 0

 0 0 0

 0 0 0

 0 0 0

 0 0 0

 0 0 0

 0 0 0

 0 0 0

 0 0 0

 0 0 0

 0 0 0

 0 0 0

 0 0 0

 0 0 0

 0 0 0

 0 0 0

 0 0 0

 0 0 0

 0 0 0

 0 0 0

 0 0 0

 0 0 0

 0 0 0

 0 0 0

 0 0 0

 0 0 0

 0 0 0

 0 0 0

 0 0 0

 0 0 0

 0 0 0

 0 0 0

 0 0 0

 0 0 0

 0 0 0

 0 0 0

 0 0 0

 0 0 0

 0 0 0

 0 0 0

 0 0 0

 0 0 0

 0 0 0

 0 0 0

 0 0 0

 0 0 0

 0 0 0

 0 0 0

 0 0 0

 0 0 0

 0 0 0

 0 0 0

 0 0 0

 0 0 0

 0 0 0

 0 0 0

 0 0 0

 0 0 0

 0 0 0

 0 0 0

 0 0 0

 0 0 0

 0 0 0

 0 0 0

 0 0 0

 0 0 0

 0 0 0

 0 0 0

 0 0 0

 0 0 0

 0 0 0

 0 0 0

 0 0 0

 0 0 0

 0 0 0

 0 0 0

 0 0 0

 0 0 0

 0 0 0

 0 0 0

 0 0 0

 0 0 0

 0 0 0

 0 0 0

 0 0 0

 0 0 0

 0 0 0

 0 0 0

 0 0 0

 0 0 0

 0 0 0

 0 0 0

 0 0 0

 0 0 0

 0 0 0

 0 0 0

 0 0 0

 0 0 0

 0 0 0

 0 0 0

 0 0 0

 0 0 0

 0 0 0

 0 0 0

 0 0 0

 0 0 0

 0 0 0

 0 0 0

 0 0 0

 0 0 0

 0 0 0

 0 0 0

 0 0 0

 0 0 0

 0 0 0

 0 0 0

 0 0 0

 0 0 0

 0 0 0

 0 0 0

 0 0 0

 0 0 0

 0 0 0

 0 0 0

 0 0 0

 0 0 0

 0 0 0

 0 0 0

 0 0 0

 0 0 0

 0 0 0

 0 0 0

 0 0 0

 0 0 0

 0 0 0

 0 0 0

 0 0 0

 0 0 0

 0 0 0

 0 0 0

 0 0 0

 0 0 0

 0 0 0

 0 0 0

 0 0 0

 0 0 0

 0 0 0

 0 0 0

 0 0 0

 0 0 0

 0 0 0

 0 0 0

 0 0 0

 0 0 0

 0 0 0

 0 0 0

 0 0 0

 0 0 0

 0 0 0

 0 0 0

 0 0 0

 0 0 0

 0 0 0

 0 0 0

 0 0 0

 0 0 0

 0 0 0

 0 0 0

 0 0 0

 0 0 0

 0 0 0

 0 0 0

 0 0 0

 0 0 0

 0 0 0

 0 0 0

 0 0 0

 0 0 0

 0 0 0

 0 0 0

 0 0 0

 0 0 0

 0 0 0

 0 0 0

 0 0 0

 0 0 0

 0 0 0

 0 0 0

 0 0 0

 0 0 0

 0 0 0

 0 0 0

 0 0 0

 0 0 0

 0 0 0

 0 0 0

 0 0 0

 0 0 0

 0 0 0

 0 0 0

 0 0 0

 0 0 0

 0 0 0

 0 0 0

 0 0 0

 0 0 0

 0 0 0

 0 0 0

 0 0 0

 0 0 0

 0 0 0

 0 0 0

 0 0 0

 0 0 0

 0 0 0

 0 0 0

 0 0 0

 0 0 0

 0 0 0

 0 0 0

 0 0 0

 0 0 0

 0 0 0

 0 0 0

 0 0 0

 0 0 0

 0 0 0

 0 0 0

 0 0 0

 0 0 0

 0 0 0

 0 0 0

 0 0 0

