vectors:

 0.014669 -0.689440 -0.150597

 0.128544 -1.228532 -0.079432

 0.014669 -0.689440 0.197583

 0.118194 -1.228532 0.138381

 0.268913 -1.037528 0.194835

 0.181571 -0.942656 0.194835

 0.268913 -1.037528 -0.141581

 0.181571 -0.942656 -0.141581

 0.240093 -1.234986 0.172085

 0.240093 -1.234986 -0.079432

 0.294188 -1.039814 0.192084

 0.294188 -1.039814 -0.119467

 0.604308 -1.363274 0.118571

 0.604308 -1.363274 -0.079432

 0.498238 -1.088413 0.245323

 0.498238 -1.088413 -0.230480

 0.259478 -0.689440 0.197583

 0.259478 -0.689440 -0.137437

 0.188350 0.004410 -0.050681

 0.130219 0.004410 0.054311

 0.345949 -0.505349 0.025530

 0.345949 -0.608466 -0.231118

 0.597972 -0.528063 0.030490

 0.597972 -0.631179 -0.226157

 0.337719 0.002632 -0.060849

 0.273118 0.004410 0.092601

 0.115783 -1.320896 0.119674

 0.122664 -1.278877 -0.090535

 0.172262 -1.315919 -0.234864

 0.105099 -1.342257 0.105762

 0.321144 -0.437298 -0.229943

 0.321144 -0.437298 0.047532

 0.062748 -0.437298 -0.229943

 0.062748 -0.437298 0.047532

 0.295607 -0.228068 -0.060849

 0.152707 -0.228068 -0.099139

 0.111590 -0.228068 0.054311

 0.254490 -0.228068 0.092601

 0.294126 -0.005331 -0.461628

 0.389848 -0.005331 -0.435979

 0.389848 -0.044858 -0.435979

 0.294126 -0.044858 -0.461628

 0.299800 -0.498828 0.054151

 0.299800 -0.570658 -0.188492

 0.033422 -0.570658 -0.188492

 0.033422 -0.498828 0.054151

 0.299754 -0.398187 0.052029

 0.299754 -0.314337 -0.163791

 0.084138 -0.314337 -0.163791

 0.084138 -0.398187 0.052029

 0.562884 -0.791023 0.077414

 0.408156 -0.776620 0.074802

 0.562884 -0.848583 -0.071353

 0.408156 -0.834180 -0.073965

 0.573831 -0.732838 0.120717

 0.573831 -0.835955 -0.135930

 0.324969 -0.655659 0.103680

 0.324969 -0.758775 -0.152967

 0.382710 -0.911929 0.164285

 0.382899 -0.911099 -0.006355

 0.550281 -0.955585 0.164285

 0.550469 -0.942598 -0.006355

 0.033771 -1.240316 -0.242000

 0.030880 -1.250861 -0.156663

 0.209485 -1.503909 -0.250480

 0.247820 -1.294756 0.111663

 0.195090 -1.424687 -0.265431

 0.208687 -1.335180 -0.023331

 0.601930 -1.698493 0.207389

 0.257337 -1.419083 -0.003270

 0.169989 -1.300399 -0.118929

 0.224514 -1.568884 -0.260897

 0.577848 -0.890199 0.158252

 0.575900 -0.910442 -0.028397

 0.376760 -0.848825 0.158289

 0.377471 -0.877790 -0.028375

 0.362407 -0.939623 0.167251

 0.371000 -0.933940 -0.019888

 0.542296 -0.982796 0.154761

 0.545676 -0.965239 -0.019888

 0.327579 -1.040634 0.157385

 0.328604 -1.039237 -0.079966

 0.519696 -1.079324 0.118958

 0.520098 -1.077952 -0.079966

 0.551176 -1.043509 0.151395

 0.553518 -1.035530 -0.066023

 0.334151 -0.995439 0.180044

 0.340105 -0.987318 -0.066023

 0.332990 -0.299682 -0.207612

 0.055047 -0.299682 -0.215410

 0.046673 -0.396453 0.064917

 0.324616 -0.396453 0.072715

 0.149245 0.004410 -0.199777

 0.177456 -0.157428 -0.192336

 0.324790 -0.157428 -0.168929

 0.390258 0.004410 -0.161488

 0.216659 -1.918947 0.151574

 0.230985 -1.941159 0.004588

 0.218398 -1.915535 -0.180738

 0.300067 -1.797977 -0.317412

 0.286973 -1.619424 0.239171

 0.278412 -1.462373 0.181150

 0.285007 -1.502304 -0.274794

 0.253184 -1.613958 -0.302696

 0.303563 -1.857234 -0.268190

 0.370117 -1.817352 0.017886

 0.395624 -1.754777 0.011230

 0.273134 -1.272653 0.147738

 0.259192 -1.412712 0.084628

 0.344564 -1.627232 0.004330

 0.260943 -1.448199 0.000453

 0.279482 -1.486518 -0.017420

 0.340214 -1.539826 -0.022735

 0.295289 -1.440827 0.014008

 0.300350 -1.495503 0.064082

 0.326608 -1.596992 0.005119

 0.406994 -1.517431 0.142038

 0.362833 -1.637622 0.094134

 0.399286 -1.535166 0.044243

 0.432117 -1.452342 0.094369

 0.243862 -1.365744 0.173403

 0.243259 -1.855813 -0.224989

 0.248160 -1.793835 -0.265487

 0.292428 -1.799822 0.228756

 0.311027 -1.732772 0.247893

 0.320699 -1.761730 0.019863

 0.295204 -1.824366 0.027060

 0.352993 -1.798260 0.265196

 0.366285 -1.731241 0.291253

 0.062329 -1.546095 -0.316159

 0.064154 -1.562116 -0.343875

 0.160179 -1.521706 -0.305907

 0.281092 -1.457971 -0.173585

 0.264361 -1.454870 -0.165874

 0.298601 -1.464390 -0.087415

 0.279340 -1.462682 -0.096444

 0.209234 -1.280359 -0.226308

 0.250995 -1.332507 -0.107095

 0.299143 -1.364038 -0.032030

 0.032307 -1.396958 -0.304300

 0.340442 -1.416076 0.032948

 0.723981 -1.100618 0.014561

 0.126341 -1.880338 -0.369715

 0.089592 -1.823146 -0.396172

 0.015181 -1.989268 -0.340927

 0.015210 -1.713121 -0.407488

 -0.014669 -0.689440 -0.150597

 -0.128544 -1.228532 -0.079432

 -0.014669 -0.689440 0.197583

 -0.118194 -1.228532 0.138381

 0.000000 -0.689440 0.079432

 0.000000 -1.228532 0.161093

 0.000000 -0.689440 -0.153783

 0.000000 -1.155260 -0.079432

 -0.268913 -1.037528 0.194835

 -0.181571 -0.942656 0.194835

 -0.268913 -1.037528 -0.141581

 -0.181571 -0.942656 -0.141581

 0.000000 -1.052017 -0.194835

 0.000000 -0.942336 -0.194835

 0.000000 -1.052017 0.194835

 0.000000 -0.942336 0.194835

 -0.240093 -1.234986 0.172085

 -0.240093 -1.234986 -0.079432

 -0.294188 -1.039814 0.192084

 -0.294188 -1.039814 -0.119467

 -0.604308 -1.363274 0.118571

 -0.604308 -1.363274 -0.079432

 -0.498238 -1.088413 0.245323

 -0.498238 -1.088413 -0.230480

 -0.259478 -0.689440 0.197583

 -0.259478 -0.689440 -0.137437

 -0.188350 0.004410 -0.050681

 -0.130219 0.004410 0.054311

 -0.345949 -0.505349 0.025530

 -0.345949 -0.608466 -0.231118

 -0.597972 -0.528063 0.030490

 -0.597972 -0.631179 -0.226157

 -0.337719 0.002632 -0.060849

 -0.273118 0.004410 0.092601

 0.000000 -1.321955 0.144113

 -0.115783 -1.320896 0.119674

 -0.122664 -1.278877 -0.090535

 0.000000 -1.256625 -0.120935

 0.000000 -1.370294 0.147810

 -0.172262 -1.315919 -0.234864

 -0.105099 -1.342257 0.105762

 0.000000 -1.323998 -0.323563

 -0.321144 -0.437298 -0.229943

 -0.321144 -0.437298 0.047532

 -0.062748 -0.437298 -0.229943

 -0.062748 -0.437298 0.047532

 -0.295607 -0.228068 -0.060849

 -0.152707 -0.228068 -0.099139

 -0.111590 -0.228068 0.054311

 -0.254490 -0.228068 0.092601

 -0.294126 -0.005331 -0.461628

 -0.389848 -0.005331 -0.435979

 -0.389848 -0.044858 -0.435979

 -0.294126 -0.044858 -0.461628

 -0.299800 -0.498828 0.054151

 -0.299800 -0.570658 -0.188492

 -0.033422 -0.570658 -0.188492

 -0.033422 -0.498828 0.054151

 -0.299754 -0.398187 0.052029

 -0.299754 -0.314337 -0.163791

 -0.084138 -0.314337 -0.163791

 -0.084138 -0.398187 0.052029

 -0.562884 -0.791023 0.077414

 -0.408156 -0.776620 0.074802

 -0.562884 -0.848583 -0.071353

 -0.408156 -0.834180 -0.073965

 -0.573831 -0.732838 0.120717

 -0.573831 -0.835955 -0.135930

 -0.324969 -0.655659 0.103680

 -0.324969 -0.758775 -0.152967

 -0.382710 -0.911929 0.164285

 -0.382899 -0.911099 -0.006355

 -0.550281 -0.955585 0.164285

 -0.550469 -0.942598 -0.006355

 0.000000 -1.238395 -0.258526

 -0.033771 -1.240316 -0.242000

 -0.030880 -1.250861 -0.156663

 -0.209485 -1.503909 -0.250480

 0.000000 -1.503341 -0.324725

 -0.247820 -1.294756 0.111663

 0.000000 -1.403422 -0.386965

 0.000000 -1.189871 0.164223

 -0.195090 -1.424687 -0.265431

 -0.208687 -1.335180 -0.023331

 -0.601930 -1.698493 0.207389

 -0.257337 -1.419083 -0.003270

 -0.169989 -1.300399 -0.118929

 0.000000 -1.596477 -0.341696

 -0.224514 -1.568884 -0.260897

 -0.577848 -0.890199 0.158252

 -0.575900 -0.910442 -0.028397

 -0.376760 -0.848825 0.158289

 -0.377471 -0.877790 -0.028375

 -0.362407 -0.939623 0.167251

 -0.371000 -0.933940 -0.019888

 -0.542296 -0.982796 0.154761

 -0.545676 -0.965239 -0.019888

 -0.327579 -1.040634 0.157385

 -0.328604 -1.039237 -0.079966

 -0.519696 -1.079324 0.118958

 -0.520098 -1.077952 -0.079966

 -0.551176 -1.043509 0.151395

 -0.553518 -1.035530 -0.066023

 -0.334151 -0.995439 0.180044

 -0.340105 -0.987318 -0.066023

 -0.332990 -0.299682 -0.207612

 -0.055047 -0.299682 -0.215410

 -0.046673 -0.396453 0.064917

 -0.324616 -0.396453 0.072715

 -0.149245 0.004410 -0.199777

 -0.177456 -0.157428 -0.192336

 -0.324790 -0.157428 -0.168929

 -0.390258 0.004410 -0.161488

 0.000000 -1.890826 -0.396504

 0.000000 -1.954531 0.209354

 -0.216659 -1.918947 0.151574

 -0.230985 -1.941159 0.004588

 -0.218398 -1.915535 -0.180738

 0.000000 -1.952160 -0.259482

 0.000000 -1.988857 0.003409

 -0.300067 -1.797977 -0.317412

 0.000000 -1.189850 0.206736

 0.000000 -1.442458 0.228029

 -0.286973 -1.619424 0.239171

 -0.278412 -1.462373 0.181150

 -0.285007 -1.502304 -0.274794

 0.000000 -1.593617 0.347861

 -0.253184 -1.613958 -0.302696

 -0.303563 -1.857234 -0.268190

 -0.370117 -1.817352 0.017886

 -0.395624 -1.754777 0.011230

 -0.273134 -1.272653 0.147738

 -0.259192 -1.412712 0.084628

 -0.344564 -1.627232 0.004330

 0.000000 -1.614140 -0.377835

 -0.260943 -1.448199 0.000453

 -0.279482 -1.486518 -0.017420

 -0.340214 -1.539826 -0.022735

 -0.295289 -1.440827 0.014008

 -0.300350 -1.495503 0.064082

 -0.326608 -1.596992 0.005119

 -0.406994 -1.517431 0.142038

 -0.362833 -1.637622 0.094134

 -0.399286 -1.535166 0.044243

 -0.432117 -1.452342 0.094369

 0.000000 -1.355787 0.226342

 -0.243862 -1.365744 0.173403

 0.000000 -1.785464 0.329864

 0.000000 -1.716732 0.355075

 -0.243259 -1.855813 -0.224989

 -0.248160 -1.793835 -0.265487

 -0.292428 -1.799822 0.228756

 -0.311027 -1.732772 0.247893

 0.000000 -1.809830 -0.346936

 0.000000 -1.874337 -0.311445

 -0.320699 -1.761730 0.019863

 -0.295204 -1.824366 0.027060

 0.000000 -1.807260 -0.415314

 0.000000 -1.711219 0.420650

 0.000000 -1.779951 0.395439

 -0.352993 -1.798260 0.265196

 -0.366285 -1.731241 0.291253

 -0.062329 -1.546095 -0.316159

 -0.064154 -1.562116 -0.343875

 0.000000 -1.562236 -0.393699

 0.000000 -1.550524 -0.349981

 0.000000 -1.505833 -0.350929

 -0.160179 -1.521706 -0.305907

 -0.281092 -1.457971 -0.173585

 -0.264361 -1.454870 -0.165874

 -0.298601 -1.464390 -0.087415

 -0.279340 -1.462682 -0.096444

 -0.209234 -1.280359 -0.226308

 -0.250995 -1.332507 -0.107095

 -0.299143 -1.364038 -0.032030

 0.000000 -1.363483 -0.353081

 -0.032307 -1.396958 -0.304300

 0.000000 -1.457914 -0.330282

 -0.340442 -1.416076 0.032948

 -0.723981 -1.100618 0.014561

 -0.126341 -1.880338 -0.369715

 -0.089592 -1.823146 -0.396172

 -0.015181 -1.989268 -0.340927

 0.000000 -2.041413 -0.326540

 0.000000 -2.039858 -0.305789

 0.000000 -1.701771 -0.419450

 0.000000 -1.655093 -0.391139

 -0.015210 -1.713121 -0.407488

 0.073408 -1.387610 -0.336500

 0.047298 -1.542246 -0.344272

 0.128324 -1.387610 -0.320154

 0.133744 -1.553841 -0.318540

 0.057664 -1.489161 -0.341187

 0.125659 -1.477494 -0.320947

 0.187418 -1.422852 -0.302563

 0.230581 -1.581578 -0.289715

 0.201951 -1.490376 -0.298237

 -0.073408 -1.387610 -0.336500

 -0.047298 -1.542246 -0.344272

 -0.128324 -1.387610 -0.320154

 -0.133744 -1.553841 -0.318540

 -0.057664 -1.489161 -0.341187

 -0.125659 -1.477494 -0.320947

 -0.187418 -1.422852 -0.302563

 -0.230581 -1.581578 -0.289715

 -0.201951 -1.490376 -0.298237

 0.126348 -1.810435 -0.387405

 0.089537 -1.873939 -0.383084

 0.041334 -2.011679 -0.321104

 0.000000 -2.006349 -0.351557

 0.000000 -1.658021 -0.411201

 0.041359 -1.684879 -0.399926

 -0.126348 -1.810435 -0.387405

 -0.089537 -1.873939 -0.383084

 -0.041334 -2.011679 -0.321104

 -0.041359 -1.684879 -0.399926

tris:

 160 151 3

 160 3 4

 4 3 8

 4 8 10

 150 2 0

 150 0 152

 6 1 153

 6 153 158

 0 7 159

 0 159 152

 7 6 158

 7 158 159

 2 5 16

 5 4 6

 5 6 7

 150 161 2

 161 5 2

 161 160 4

 161 4 5

 9 11 15

 9 15 13

 6 4 10

 6 10 11

 3 9 8

 1 6 11

 1 11 9

 13 15 141

 13 12 140

 56 54 22

 56 22 20

 10 8 12

 10 12 14

 7 0 17

 37 34 24

 37 24 25

 21 20 22

 21 22 23

 18 19 25

 18 25 24

 93 92 38

 93 38 41

 54 55 23

 54 23 22

 35 36 19

 35 19 18

 57 56 20

 57 20 21

 55 57 21

 55 21 23

 36 37 25

 36 25 19

 5 7 17

 5 17 16

 153 1 27

 153 27 183

 3 151 180

 3 180 26

 26 180 184

 26 184 29

 45 42 31

 45 31 33

 44 45 33

 44 33 32

 43 44 32

 43 32 30

 42 43 30

 42 30 31

 90 91 37

 90 37 36

 89 90 36

 89 36 35

 88 89 35

 88 35 34

 91 88 34

 91 34 37

 40 41 38

 40 38 39

 95 94 40

 95 40 39

 92 95 39

 92 39 38

 94 93 41

 94 41 40

 16 17 43

 16 43 42

 17 0 44

 17 44 43

 0 2 45

 0 45 44

 2 16 42

 2 42 45

 31 30 47

 31 47 46

 30 32 48

 30 48 47

 32 33 49

 32 49 48

 33 31 46

 33 46 49

 73 75 53

 73 53 52

 75 74 51

 75 51 53

 72 73 52

 72 52 50

 52 53 57

 52 57 55

 53 51 56

 53 56 57

 50 52 55

 50 55 54

 51 50 54

 51 54 56

 76 78 60

 76 60 58

 78 79 61

 78 61 60

 77 76 58

 77 58 59

 79 77 59

 79 59 61

 27 70 63

 27 63 183

 28 187 220

 28 220 62

 226 139 323

 29 184 227

 29 227 65

 9 3 1

 28 67 69

 28 69 66

 71 64 102

 71 102 103

 70 28 62

 70 62 63

 119 116 68

 65 227 267

 65 267 107

 27 26 29

 1 3 26

 1 26 27

 67 70 27

 67 27 29

 70 67 28

 63 62 220

 63 220 183

 116 117 68

 71 103 131

 224 71 233

 69 65 107

 69 107 108

 58 60 72

 58 72 74

 60 61 73

 60 73 72

 59 58 74

 59 74 75

 61 59 75

 61 75 73

 85 87 77

 85 77 79

 87 86 76

 87 76 77

 84 85 79

 84 79 78

 86 84 78

 86 78 76

 10 14 82

 10 82 80

 14 15 83

 14 83 82

 11 10 80

 11 80 81

 15 11 81

 15 81 83

 80 82 84

 80 84 86

 82 83 85

 82 85 84

 81 80 86

 81 86 87

 83 81 87

 83 87 85

 74 72 50

 74 50 51

 46 47 88

 46 88 91

 47 48 89

 47 89 88

 48 49 90

 48 90 89

 49 46 91

 49 91 90

 34 35 93

 34 93 94

 18 24 95

 18 95 92

 24 34 94

 24 94 95

 35 18 92

 35 92 93

 126 121 104

 126 104 105

 97 265 264

 97 264 98

 124 294 304

 124 304 128

 104 142 352

 104 352 99

 120 291 268

 120 268 101

 123 126 105

 123 105 127

 121 300 142

 121 142 104

 127 105 106

 127 106 128

 105 104 99

 105 99 106

 305 127 128

 305 128 304

 96 260 265

 96 265 97

 118 119 68

 101 268 272

 101 272 100

 117 118 68

 112 111 110

 112 110 113

 132 102 136

 108 114 69

 64 66 69

 69 110 111

 69 111 64

 109 115 114

 114 101 100

 114 100 109

 108 101 114

 103 102 112

 112 115 109

 112 109 103

 115 112 118

 115 118 117

 112 113 119

 112 119 118

 114 115 117

 114 117 116

 113 114 116

 113 116 119

 107 267 291

 107 291 120

 108 107 120

 120 101 108

 114 113 69

 113 110 69

 65 69 29

 69 67 29

 122 125 106

 122 106 99

 299 352 357

 299 357 332

 125 124 128

 125 128 106

 293 123 127

 293 127 305

 123 293 260

 123 260 96

 100 272 294

 100 294 124

 121 126 97

 121 97 98

 280 103 122

 280 122 299

 300 121 98

 300 98 264

 103 109 125

 103 125 122

 126 123 96

 126 96 97

 109 100 124

 109 124 125

 130 310 312

 103 280 310

 103 310 130

 233 71 129

 233 129 311

 311 129 312

 129 130 312

 103 130 131

 130 129 131

 129 71 131

 134 132 137

 112 102 132

 112 132 134

 135 111 138

 64 111 135

 64 135 133

 135 134 137

 102 64 136

 64 133 136

 133 132 136

 134 135 138

 133 135 137

 132 133 137

 112 134 138

 111 112 138

 321 139 226

 28 66 139

 66 64 224

 12 13 141

 9 13 140

 8 9 140

 12 8 140

 15 14 141

 14 12 141

 143 353 259

 143 259 303

 352 299 122

 352 122 99

 142 300 330

 142 330 354

 354 330 329

 259 353 144

 259 144 355

 332 357 356

 143 303 331

 143 331 145

 160 154 149

 160 149 151

 154 164 162

 154 162 149

 150 152 146

 150 146 148

 156 158 153

 156 153 147

 146 152 159

 146 159 157

 157 159 158

 157 158 156

 148 170 155

 155 157 156

 155 156 154

 150 148 161

 148 155 161

 161 155 154

 161 154 160

 163 167 169

 163 169 165

 156 165 164

 156 164 154

 149 162 163

 147 163 165

 147 165 156

 167 325 169

 167 324 166

 214 174 176

 214 176 212

 164 168 166

 164 166 162

 157 171 146

 195 179 178

 195 178 192

 175 177 176

 175 176 174

 172 178 179

 172 179 173

 256 199 196

 256 196 255

 212 176 177

 212 177 213

 193 172 173

 193 173 194

 215 175 174

 215 174 214

 213 177 175

 213 175 215

 194 173 179

 194 179 195

 155 170 171

 155 171 157

 153 183 182

 153 182 147

 149 181 180

 149 180 151

 181 186 184

 181 184 180

 203 191 189

 203 189 200

 202 190 191

 202 191 203

 201 188 190

 201 190 202

 200 189 188

 200 188 201

 253 194 195

 253 195 254

 252 193 194

 252 194 253

 251 192 193

 251 193 252

 254 195 192

 254 192 251

 198 197 196

 198 196 199

 258 197 198

 258 198 257

 255 196 197

 255 197 258

 257 198 199

 257 199 256

 170 200 201

 170 201 171

 171 201 202

 171 202 146

 146 202 203

 146 203 148

 148 203 200

 148 200 170

 189 204 205

 189 205 188

 188 205 206

 188 206 190

 190 206 207

 190 207 191

 191 207 204

 191 204 189

 236 210 211

 236 211 238

 238 211 209

 238 209 237

 235 208 210

 235 210 236

 210 213 215

 210 215 211

 211 215 214

 211 214 209

 208 212 213

 208 213 210

 209 214 212

 209 212 208

 239 216 218

 239 218 241

 241 218 219

 241 219 242

 240 217 216

 240 216 239

 242 219 217

 242 217 240

 182 183 222

 182 222 232

 185 221 220

 185 220 187

 226 323 322

 186 225 227

 186 227 184

 163 147 149

 185 228 231

 185 231 229

 234 273 271

 234 271 223

 232 222 221

 232 221 185

 290 230 287

 225 277 267

 225 267 227

 182 186 181

 147 182 181

 147 181 149

 229 186 182

 229 182 232

 232 185 229

 222 183 220

 222 220 221

 287 230 288

 234 313 273

 224 234 223

 231 278 277

 231 277 225

 216 237 235

 216 235 218

 218 235 236

 218 236 219

 217 238 237

 217 237 216

 219 236 238

 219 238 217

 248 242 240

 248 240 250

 250 240 239

 250 239 249

 247 241 242

 247 242 248

 249 239 241

 249 241 247

 164 243 245

 164 245 168

 168 245 246

 168 246 169

 165 244 243

 165 243 164

 169 246 244

 169 244 165

 243 249 247

 243 247 245

 245 247 248

 245 248 246

 244 250 249

 244 249 243

 246 248 250

 246 250 244

 237 209 208

 237 208 235

 204 254 251

 204 251 205

 205 251 252

 205 252 206

 206 252 253

 206 253 207

 207 253 254

 207 254 204

 192 257 256

 192 256 193

 172 255 258

 172 258 178

 178 258 257

 178 257 192

 193 256 255

 193 255 172

 302 275 274

 302 274 295

 262 263 264

 262 264 265

 298 307 304

 298 304 294

 274 266 358

 274 358 326

 292 270 268

 292 268 291

 297 306 275

 297 275 302

 295 274 326

 295 326 300

 306 307 276

 306 276 275

 275 276 266

 275 266 274

 305 304 307

 305 307 306

 261 262 265

 261 265 260

 289 230 290

 270 269 272

 270 272 268

 288 230 289

 283 284 281

 283 281 282

 314 318 271

 278 231 285

 231 228 223

 223 282 281

 223 281 231

 285 286 279

 279 269 270

 279 270 285

 278 285 270

 283 271 273

 273 279 286

 273 286 283

 286 288 289

 286 289 283

 283 289 290

 283 290 284

 285 287 288

 285 288 286

 284 290 287

 284 287 285

 277 292 291

 277 291 267

 278 292 277

 292 278 270

 285 231 284

 231 281 284

 225 186 231

 231 186 229

 296 266 276

 296 276 301

 299 332 361

 299 361 358

 301 276 307

 301 307 298

 293 305 306

 293 306 297

 297 261 260

 297 260 293

 269 298 294

 269 294 272

 295 263 262

 295 262 302

 280 299 296

 280 296 273

 300 264 263

 300 263 295

 273 296 301

 273 301 279

 302 262 261

 302 261 297

 279 301 298

 279 298 269

 309 312 310

 273 309 310

 273 310 280

 233 311 308

 233 308 234

 311 312 308

 308 312 309

 273 313 309

 309 313 308

 308 313 234

 316 319 314

 283 316 314

 283 314 271

 317 320 282

 223 315 317

 223 317 282

 317 319 316

 271 318 223

 223 318 315

 315 318 314

 316 320 317

 315 319 317

 314 319 315

 283 320 316

 282 320 283

 321 226 322

 322 228 185

 224 228 322

 166 325 167

 163 324 167

 162 324 163

 166 324 162

 169 325 168

 168 325 166

 327 303 259

 327 259 359

 358 266 296

 358 296 299

 326 360 330

 326 330 300

 360 329 330

 259 355 328

 259 328 359

 332 356 361

 327 333 331

 327 331 303

 321 187 139

 187 28 139

 185 187 322

 187 321 322

 224 64 71

 224 323 139

 139 66 224

 224 233 234

 322 323 224

 224 223 228

 339 337 335

 339 335 338

 336 339 338

 336 338 334

 337 339 342

 337 342 341

 339 336 340

 339 340 342

 348 347 344

 348 344 346

 345 343 347

 345 347 348

 346 350 351

 346 351 348

 348 351 349

 348 349 345

 353 143 352

 353 352 142

 355 144 354

 355 354 329

 144 353 142

 144 142 354

 145 331 356

 145 356 357

 143 145 357

 143 357 352

 327 359 326

 327 326 358

 328 355 329

 328 329 360

 359 328 360

 359 360 326

 331 333 361

 331 361 356

 333 327 358

 333 358 361

vector2s:

 0.541123 0.669829

 0.574505 0.669829

 0.574505 0.703210

 0.541123 0.703210

 0.163407 0.661716

 0.196789 0.661716

 0.196789 0.695098

 0.163407 0.695098

 0.306748 0.544829

 0.340130 0.544829

 0.340130 0.578210

 0.306748 0.578210

 0.039138 0.666022

 0.072520 0.666022

 0.072520 0.699404

 0.039138 0.699404

 0.282755 0.307978

 0.316137 0.307978

 0.316137 0.341360

 0.282755 0.341360

 0.038523 0.792137

 0.071904 0.792137

 0.071904 0.825519

 0.038523 0.825519

 0.298174 0.547881

 0.331556 0.547881

 0.331556 0.581263

 0.298174 0.581263

 0.923174 0.917022

 0.956556 0.917022

 0.956556 0.950404

 0.923174 0.950404

 0.523545 0.670805

 0.556926 0.670805

 0.556926 0.704187

 0.523545 0.704187

 0.277219 0.552826

 0.310600 0.552826

 0.310600 0.586208

 0.421006 0.307036

 0.454387 0.307036

 0.454387 0.340417

 0.421006 0.340417

 0.298991 0.569730

 0.314865 0.581263

 0.330739 0.569730

 0.324676 0.551069

 0.305054 0.551069

 0.923991 0.938871

 0.939865 0.950404

 0.955739 0.938871

 0.949676 0.920210

 0.930054 0.920210

 0.277219 0.586208

 0.168165 0.307338

 0.418076 0.289946

 0.451458 0.289946

 0.451458 0.323328

 0.159287 0.297270

 0.181763 0.294813

 0.168634 0.321058

 0.158105 0.321939

 0.899186 0.053556

 0.921184 0.057036

 0.922108 0.080428

 0.912414 0.079394

 0.183606 0.180850

 0.293718 0.051603

 0.306946 0.077441

 0.316639 0.078475

 0.315716 0.055083

 0.935547 0.199219

 0.076172 0.552734

 0.443482 0.304579

 0.432390 0.303556

 0.419823 0.331705

 0.430353 0.330823

 0.445617 0.329394

 0.455311 0.330428

uv:

 0 1 2

 0 2 3

 0 1 2

 0 2 3

 4 5 6

 4 6 7

 0 1 2

 0 2 3

 4 5 6

 4 6 7

 0 1 2

 0 2 3

 4 5 6

 8 9 10

 8 10 11

 4 5 7

 5 6 7

 0 1 2

 0 2 3

 12 13 14

 12 14 15

 8 9 10

 8 10 11

 8 9 10

 0 1 2

 0 2 3

 12 13 14

 12 13 14

 8 9 10

 8 10 11

 12 13 14

 12 14 15

 4 5 6

 16 17 18

 16 18 19

 8 9 10

 8 10 11

 20 21 22

 20 22 23

 16 17 18

 16 18 19

 8 9 10

 8 10 11

 16 17 18

 16 18 19

 8 9 10

 8 10 11

 8 9 10

 8 10 11

 16 17 18

 16 18 19

 4 5 6

 4 6 7

 24 25 26

 24 26 27

 24 25 26

 24 26 27

 28 29 30

 28 30 31

 4 5 6

 4 6 7

 4 5 6

 4 6 7

 4 5 6

 4 6 7

 4 5 6

 4 6 7

 16 17 18

 16 18 19

 16 17 18

 16 18 19

 16 17 18

 16 18 19

 16 17 18

 16 18 19

 16 17 18

 16 18 19

 16 17 18

 16 18 19

 20 21 22

 20 22 23

 16 17 18

 16 18 19

 4 5 6

 4 6 7

 4 5 6

 4 6 7

 4 5 6

 4 6 7

 4 5 6

 4 6 7

 4 5 6

 4 6 7

 4 5 6

 4 6 7

 4 5 6

 4 6 7

 4 5 6

 4 6 7

 32 33 34

 32 34 35

 32 33 34

 32 34 35

 32 33 34

 32 34 35

 8 9 10

 8 10 11

 8 9 10

 8 10 11

 8 9 10

 8 10 11

 8 9 10

 8 10 11

 8 9 10

 8 10 11

 8 9 10

 8 10 11

 8 9 10

 8 10 11

 8 9 10

 8 10 11

 24 25 26

 24 26 27

 24 25 26

 24 26 27

 24 25 26

 28 29 30

 28 30 31

 8 9 10

 24 25 26

 24 26 27

 28 29 30

 28 30 31

 24 25 26

 24 26 27

 36 37 38

 28 29 30

 28 30 31

 24 25 26

 24 25 26

 24 26 27

 24 25 26

 24 26 27

 24 25 26

 24 25 26

 24 26 27

 36 37 38

 28 29 30

 24 26 27

 28 29 30

 28 30 31

 32 33 34

 32 34 35

 32 33 34

 32 34 35

 32 33 34

 32 34 35

 32 33 34

 32 34 35

 8 9 10

 8 10 11

 8 9 10

 8 10 11

 8 9 10

 8 10 11

 8 9 10

 8 10 11

 12 13 14

 12 14 15

 12 13 14

 12 14 15

 12 13 14

 12 14 15

 12 13 14

 12 14 15

 8 9 10

 8 10 11

 8 9 10

 8 10 11

 8 9 10

 8 10 11

 8 9 10

 8 10 11

 32 33 34

 32 34 35

 16 17 18

 16 18 19

 16 17 18

 16 18 19

 16 17 18

 16 18 19

 16 17 18

 16 18 19

 16 17 18

 16 18 19

 20 21 22

 20 22 23

 16 17 18

 16 18 19

 16 17 18

 16 18 19

 39 40 41

 39 41 42

 28 29 30

 28 30 31

 39 40 41

 39 41 42

 39 40 41

 39 41 42

 28 29 30

 28 30 31

 39 40 41

 39 41 42

 39 40 41

 39 41 42

 39 40 41

 39 41 42

 39 40 41

 39 41 42

 39 40 41

 39 41 42

 28 29 30

 28 30 31

 36 37 38

 28 29 30

 28 30 31

 36 37 38

 28 29 30

 28 30 31

 28 29 30

 28 29 30

 43 44 45

 45 46 47

 45 47 43

 48 49 50

 50 51 52

 50 52 48

 28 29 30

 48 49 50

 50 51 52

 50 52 48

 36 37 38

 36 38 53

 36 37 38

 36 38 53

 36 37 38

 36 38 53

 36 37 38

 36 38 53

 28 29 30

 28 30 31

 28 29 30

 28 29 30

 28 29 31

 29 30 31

 28 29 30

 24 25 26

 39 40 41

 39 41 42

 39 40 41

 39 41 42

 39 40 41

 39 41 42

 39 40 41

 39 41 42

 28 29 30

 28 30 31

 28 29 30

 28 30 31

 28 29 30

 28 30 31

 28 29 30

 28 30 31

 28 29 30

 28 30 31

 28 29 30

 28 30 31

 28 29 30

 28 30 31

 28 29 30

 28 30 31

 28 29 30

 28 29 30

 28 30 31

 28 29 30

 28 30 31

 28 29 30

 28 29 30

 28 29 30

 28 29 30

 28 29 30

 28 29 30

 28 29 30

 28 30 31

 28 29 30

 28 29 30

 28 30 31

 28 29 30

 28 29 30

 28 29 30

 28 29 30

 28 29 30

 28 29 30

 28 29 30

 28 29 30

 28 29 30

 24 25 26

 45 46 47

 46 47 43

 12 13 14

 12 13 14

 8 9 10

 12 13 14

 12 13 14

 12 13 14

 54 54 54

 54 54 54

 39 40 41

 39 41 42

 39 40 41

 39 41 42

 55 56 57

 58 59 60

 58 60 61

 55 56 57

 62 63 64

 62 64 65

 0 3 2

 0 2 1

 0 3 2

 0 2 1

 4 7 6

 4 6 5

 0 3 2

 0 2 1

 4 7 6

 4 6 5

 0 3 2

 0 2 1

 4 6 5

 8 11 10

 8 10 9

 4 7 5

 7 6 5

 0 3 2

 0 2 1

 12 15 14

 12 14 13

 8 11 10

 8 10 9

 8 10 9

 0 3 2

 0 2 1

 12 14 13

 12 14 13

 8 11 10

 8 10 9

 12 15 14

 12 14 13

 4 6 5

 16 19 18

 16 18 17

 8 11 10

 8 10 9

 20 23 22

 20 22 21

 16 19 18

 16 18 17

 8 11 10

 8 10 9

 16 19 18

 16 18 17

 8 11 10

 8 10 9

 8 11 10

 8 10 9

 16 19 18

 16 18 17

 4 7 6

 4 6 5

 24 27 26

 24 26 25

 24 27 26

 24 26 25

 28 31 30

 28 30 29

 4 7 6

 4 6 5

 4 7 6

 4 6 5

 4 7 6

 4 6 5

 4 7 6

 4 6 5

 16 19 18

 16 18 17

 16 19 18

 16 18 17

 16 19 18

 16 18 17

 16 19 18

 16 18 17

 16 19 18

 16 18 17

 16 19 18

 16 18 17

 20 23 22

 20 22 21

 16 19 18

 16 18 17

 4 7 6

 4 6 5

 4 7 6

 4 6 5

 4 7 6

 4 6 5

 4 7 6

 4 6 5

 4 7 6

 4 6 5

 4 7 6

 4 6 5

 4 7 6

 4 6 5

 4 7 6

 4 6 5

 32 35 34

 32 34 33

 32 35 34

 32 34 33

 32 35 34

 32 34 33

 8 11 10

 8 10 9

 8 11 10

 8 10 9

 8 11 10

 8 10 9

 8 11 10

 8 10 9

 8 11 10

 8 10 9

 8 11 10

 8 10 9

 8 11 10

 8 10 9

 8 11 10

 8 10 9

 24 27 26

 24 26 25

 24 27 26

 24 26 25

 24 26 25

 28 31 30

 28 30 29

 8 10 9

 24 27 26

 24 26 25

 28 31 30

 28 30 29

 24 27 26

 24 26 25

 36 38 37

 28 31 30

 28 30 29

 24 26 25

 24 27 26

 24 26 25

 24 27 26

 24 26 25

 24 26 25

 24 27 26

 24 26 25

 36 38 37

 28 30 29

 24 26 25

 28 31 30

 28 30 29

 32 35 34

 32 34 33

 32 35 34

 32 34 33

 32 35 34

 32 34 33

 32 35 34

 32 34 33

 8 11 10

 8 10 9

 8 11 10

 8 10 9

 8 11 10

 8 10 9

 8 11 10

 8 10 9

 12 15 14

 12 14 13

 12 15 14

 12 14 13

 12 15 14

 12 14 13

 12 15 14

 12 14 13

 8 11 10

 8 10 9

 8 11 10

 8 10 9

 8 11 10

 8 10 9

 8 11 10

 8 10 9

 32 35 34

 32 34 33

 16 19 18

 16 18 17

 16 19 18

 16 18 17

 16 19 18

 16 18 17

 16 19 18

 16 18 17

 16 19 18

 16 18 17

 20 23 22

 20 22 21

 16 19 18

 16 18 17

 16 19 18

 16 18 17

 39 42 41

 39 41 40

 28 31 30

 28 30 29

 39 42 41

 39 41 40

 39 42 41

 39 41 40

 28 31 30

 28 30 29

 39 42 41

 39 41 40

 39 42 41

 39 41 40

 39 42 41

 39 41 40

 39 42 41

 39 41 40

 39 42 41

 39 41 40

 28 31 30

 28 30 29

 36 38 37

 28 31 30

 28 30 29

 36 38 37

 28 31 30

 28 30 29

 28 30 29

 28 30 29

 45 44 43

 43 47 46

 43 46 45

 50 49 48

 48 52 51

 48 51 50

 28 30 29

 50 49 48

 48 52 51

 48 51 50

 36 53 38

 36 38 37

 36 53 38

 36 38 37

 36 53 38

 36 38 37

 36 53 38

 36 38 37

 28 31 30

 28 30 29

 28 30 29

 28 30 29

 28 31 29

 31 30 29

 28 30 29

 24 26 25

 39 42 41

 39 41 40

 39 42 41

 39 41 40

 39 42 41

 39 41 40

 39 42 41

 39 41 40

 28 31 30

 28 30 29

 28 31 30

 28 30 29

 28 31 30

 28 30 29

 28 31 30

 28 30 29

 28 31 30

 28 30 29

 28 31 30

 28 30 29

 28 31 30

 28 30 29

 28 31 30

 28 30 29

 28 30 29

 28 31 30

 28 30 29

 28 31 30

 28 30 29

 28 30 29

 28 30 29

 28 30 29

 28 30 29

 28 30 29

 28 30 29

 28 31 30

 28 30 29

 28 30 29

 28 31 30

 28 30 29

 28 30 29

 28 30 29

 28 30 29

 28 30 29

 28 30 29

 28 30 29

 28 30 29

 28 30 29

 28 30 29

 24 26 25

 47 46 45

 43 46 45

 12 14 13

 12 14 13

 8 10 9

 12 14 13

 12 14 13

 12 14 13

 66 66 66

 66 66 66

 39 42 41

 39 41 40

 39 42 41

 39 41 40

 55 57 56

 66 66 66

 66 66 66

 55 57 56

 67 68 69

 67 69 70

 43 44 47

 44 45 47

 45 44 47

 44 43 47

 24 25 26

 43 44 45

 45 46 43

 24 27 26

 45 44 43

 43 47 46

 71 71 71

 71 71 71

 71 71 71

 71 71 71

 71 71 71

 71 71 71

 72 72 72

 72 72 72

 71 71 71

 71 71 71

 71 71 71

 71 71 71

 71 71 71

 71 71 71

 72 72 72

 72 72 72

 73 74 39

 73 39 40

 75 76 41

 75 41 42

 76 73 40

 76 40 41

 77 78 41

 77 41 42

 74 77 42

 74 42 39

 74 73 40

 74 40 39

 76 75 42

 76 42 41

 73 76 41

 73 41 40

 78 77 42

 78 42 41

 77 74 39

 77 39 42

palette:

 255 255 255 255

 255 179 109 255

 62 45 255 255

 255 204 156 255

 66 49 255 255

 255 208 164 255

 255 216 179 255

 255 188 127 255

color:

 0 0 1

 0 1 0

 0 1 1

 0 1 0

 2 0 0

 2 0 0

 0 1 1

 0 1 0

 0 2 2

 0 2 0

 2 0 0

 2 0 2

 0 2 0

 2 0 0

 2 0 2

 2 2 0

 2 2 0

 2 0 0

 2 0 2

 0 0 0

 0 0 0

 0 0 0

 0 0 0

 1 0 1

 1 0 0

 1 0 0

 0 0 0

 0 0 3

 0 0 0

 0 0 0

 0 1 0

 0 0 0

 2 0 0

 0 0 0

 0 0 0

 0 0 0

 0 0 0

 0 0 0

 0 0 0

 0 0 0

 0 0 0

 0 0 0

 0 0 0

 0 0 0

 0 0 0

 0 0 0

 0 0 0

 0 0 0

 0 0 0

 0 0 0

 0 0 0

 2 2 0

 2 0 0

 1 1 1

 1 1 1

 1 0 0

 1 0 1

 1 0 0

 1 0 0

 4 0 0

 4 0 0

 0 4 0

 0 0 0

 0 0 0

 0 0 2

 0 0 2

 0 2 0

 0 0 0

 0 0 0

 0 0 0

 0 0 0

 0 0 0

 0 0 0

 0 0 0

 0 0 0

 0 0 0

 0 0 0

 0 0 0

 0 0 0

 0 0 0

 0 0 0

 0 0 0

 0 0 0

 0 0 0

 0 0 0

 0 0 0

 0 0 0

 0 0 4

 0 4 0

 0 0 0

 0 0 4

 0 2 0

 0 0 0

 2 0 0

 2 0 0

 0 0 0

 0 0 0

 0 0 0

 0 0 0

 0 0 0

 0 0 0

 0 0 0

 0 0 0

 0 0 0

 0 0 0

 0 0 0

 0 0 0

 0 0 0

 0 0 0

 0 0 0

 0 0 0

 0 0 0

 0 0 0

 0 0 0

 0 0 0

 0 0 0

 0 0 0

 0 0 0

 0 0 0

 0 0 0

 0 0 0

 1 5 1

 1 1 1

 0 0 0

 0 0 0

 0 0 0

 0 0 0

 0 0 1

 0 1 1

 0 0 0

 0 0 0

 0 0 0

 0 0 0

 5 0 0

 5 0 1

 0 0 1

 1 0 0

 1 0 1

 1 1 0

 1 1 1

 1 1 1

 0 5 1

 0 1 0

 5 0 0

 1 0 0

 1 0 1

 0 0 1

 0 0 0

 0 0 0

 0 1 1

 0 1 0

 0 0 0

 0 0 0

 0 0 0

 0 0 0

 0 0 0

 0 0 0

 0 0 0

 0 0 0

 0 0 0

 0 0 0

 0 0 0

 0 0 0

 0 0 0

 0 0 0

 0 0 0

 0 0 0

 0 0 0

 0 0 0

 0 0 0

 0 0 0

 0 0 0

 0 0 0

 0 0 0

 0 0 0

 0 0 0

 0 0 0

 0 0 0

 0 0 0

 0 0 0

 0 0 0

 0 0 0

 0 0 0

 0 0 0

 0 0 0

 0 0 0

 0 0 0

 0 0 0

 0 0 0

 0 0 0

 0 0 0

 0 0 0

 0 0 0

 0 0 0

 0 0 0

 0 0 0

 0 0 0

 0 0 0

 0 0 0

 0 0 0

 0 0 0

 0 0 0

 0 0 0

 0 0 0

 0 0 0

 0 0 0

 0 0 0

 0 0 0

 0 0 0

 0 0 0

 0 0 0

 0 0 0

 0 0 0

 0 0 0

 0 0 0

 0 0 0

 0 0 0

 0 0 0

 0 0 0

 0 0 0

 0 0 0

 0 0 0

 0 0 0

 1 0 1

 0 0 0

 0 0 0

 0 1 1

 1 0 0

 1 0 6

 0 0 0

 0 7 0

 0 0 0

 0 0 0

 0 0 0

 0 0 7

 7 0 0

 7 0 0

 0 0 7

 0 0 1

 1 0 0

 1 0 0

 0 1 1

 0 1 0

 1 6 0

 1 0 1

 7 0 0

 7 0 0

 6 7 0

 6 0 0

 1 0 0

 1 0 0

 0 1 0

 0 0 0

 7 6 0

 6 0 0

 1 0 0

 0 0 0

 0 0 0

 0 0 0

 0 0 0

 0 0 0

 0 0 0

 0 0 0

 0 0 0

 0 0 0

 0 0 0

 0 0 0

 0 0 0

 0 0 0

 0 0 0

 0 0 0

 0 0 0

 0 0 0

 0 0 0

 0 0 0

 0 0 0

 0 0 0

 0 0 0

 0 0 0

 0 0 0

 0 0 0

 0 0 0

 0 0 0

 0 0 0

 0 0 0

 0 0 0

 0 0 0

 0 0 0

 0 0 0

 0 0 0

 0 0 0

 0 0 0

 1 0 0

 1 0 0

 0 0 0

 0 0 0

 0 0 0

 0 0 0

 0 0 0

 0 0 0

 0 0 0

 0 0 0

 0 0 0

 0 0 0

 1 0 0

 0 1 0

 0 0 0

 0 0 0

 0 0 0

 0 0 0

 0 0 3

 1 0 3

 0 1 3

 0 0 0

 0 0 0

 0 0 0

 0 0 0

 0 0 0

 0 0 0

 0 0 0

 0 0 0

 0 0 0

 0 0 0

 0 0 0

 0 0 0

 0 0 0

 0 0 0

 0 0 1

 0 1 0

 0 0 1

 0 1 1

 2 0 0

 2 0 0

 0 0 1

 0 1 1

 0 0 2

 0 2 2

 2 2 0

 2 0 0

 0 0 2

 2 2 0

 2 0 0

 2 0 2

 0 2 2

 2 2 0

 2 0 0

 0 0 0

 0 0 0

 0 0 0

 0 0 0

 1 1 0

 1 0 0

 1 0 0

 0 0 0

 0 3 0

 0 0 0

 0 0 0

 0 0 0

 0 0 1

 2 0 0

 0 0 0

 0 0 0

 0 0 0

 0 0 0

 0 0 0

 0 0 0

 0 0 0

 0 0 0

 0 0 0

 0 0 0

 0 0 0

 0 0 0

 0 0 0

 0 0 0

 0 0 0

 0 0 0

 0 0 0

 0 0 0

 2 0 0

 2 0 2

 1 1 1

 1 1 1

 1 1 0

 1 0 0

 1 0 0

 1 0 0

 4 0 0

 4 0 0

 0 0 0

 0 0 4

 0 2 0

 0 0 0

 0 0 2

 0 2 0

 0 0 0

 0 0 0

 0 0 0

 0 0 0

 0 0 0

 0 0 0

 0 0 0

 0 0 0

 0 0 0

 0 0 0

 0 0 0

 0 0 0

 0 0 0

 0 0 0

 0 0 0

 0 0 0

 0 0 0

 0 0 0

 0 0 0

 0 0 0

 0 0 4

 0 4 0

 0 4 0

 0 0 0

 0 0 0

 0 0 2

 2 0 0

 2 0 0

 0 0 0

 0 0 0

 0 0 0

 0 0 0

 0 0 0

 0 0 0

 0 0 0

 0 0 0

 0 0 0

 0 0 0

 0 0 0

 0 0 0

 0 0 0

 0 0 0

 0 0 0

 0 0 0

 0 0 0

 0 0 0

 0 0 0

 0 0 0

 0 0 0

 0 0 0

 0 0 0

 0 0 0

 0 0 0

 0 0 0

 1 1 1

 1 1 5

 0 0 0

 0 0 0

 0 0 0

 0 1 0

 0 0 0

 0 1 1

 0 0 0

 0 0 0

 0 0 0

 0 0 0

 5 1 0

 5 0 0

 0 1 0

 1 1 0

 1 0 0

 1 0 1

 1 1 1

 1 1 1

 0 0 1

 0 1 5

 5 0 0

 1 1 0

 1 0 0

 0 1 0

 0 0 0

 0 0 0

 0 0 1

 0 1 1

 0 0 0

 0 0 0

 0 0 0

 0 0 0

 0 0 0

 0 0 0

 0 0 0

 0 0 0

 0 0 0

 0 0 0

 0 0 0

 0 0 0

 0 0 0

 0 0 0

 0 0 0

 0 0 0

 0 0 0

 0 0 0

 0 0 0

 0 0 0

 0 0 0

 0 0 0

 0 0 0

 0 0 0

 0 0 0

 0 0 0

 0 0 0

 0 0 0

 0 0 0

 0 0 0

 0 0 0

 0 0 0

 0 0 0

 0 0 0

 0 0 0

 0 0 0

 0 0 0

 0 0 0

 0 0 0

 0 0 0

 0 0 0

 0 0 0

 0 0 0

 0 0 0

 0 0 0

 0 0 0

 0 0 0

 0 0 0

 0 0 0

 0 0 0

 0 0 0

 0 0 0

 0 0 0

 0 0 0

 0 0 0

 0 0 0

 0 0 0

 0 0 0

 0 0 0

 0 0 0

 0 0 0

 0 0 0

 0 0 0

 0 0 0

 0 0 0

 0 0 0

 0 0 0

 0 0 0

 0 0 0

 0 0 0

 0 0 0

 0 0 0

 1 1 0

 0 0 0

 0 0 0

 0 1 1

 1 6 0

 1 0 0

 0 0 0

 0 0 7

 0 0 0

 0 0 0

 0 0 0

 7 0 0

 0 0 0

 0 0 7

 0 7 0

 1 0 0

 0 0 0

 0 0 1

 0 0 1

 0 1 1

 1 1 0

 1 0 6

 7 0 0

 7 0 0

 6 0 0

 6 0 7

 1 0 0

 1 0 0

 0 0 1

 0 0 0

 7 0 6

 0 0 6

 1 0 0

 0 0 0

 0 0 0

 0 0 0

 0 0 0

 0 0 0

 0 0 0

 0 0 0

 0 0 0

 0 0 0

 0 0 0

 0 0 0

 0 0 0

 0 0 0

 0 0 0

 0 0 0

 0 0 0

 0 0 0

 0 0 0

 0 0 0

 0 0 0

 0 0 0

 0 0 0

 0 0 0

 0 0 0

 0 0 0

 0 0 0

 0 0 0

 0 0 0

 0 0 0

 0 0 0

 0 0 0

 0 0 0

 0 0 0

 0 0 0

 0 0 0

 0 0 0

 1 0 0

 1 0 0

 0 0 0

 0 0 0

 0 0 0

 0 0 0

 0 0 0

 0 0 0

 0 0 0

 0 0 0

 0 0 0

 0 0 0

 1 0 0

 0 0 1

 0 0 0

 0 0 0

 0 0 0

 0 0 0

 0 3 0

 1 3 0

 0 3 1

 0 0 0

 0 0 0

 0 0 0

 0 0 0

 0 0 0

 0 0 0

 0 0 0

 0 0 0

 0 0 0

 0 0 0

 0 0 0

 0 0 0

 0 0 0

 0 0 0

 0 0 0

 0 0 0

 0 0 0

 0 0 0

 0 0 0

 0 0 0

 0 0 0

 0 0 0

 0 0 0

 0 0 0

 0 0 0

 0 0 0

 0 0 0

 0 0 0

 0 0 0

 0 0 0

 0 0 0

 0 0 0

 0 0 0

 0 0 0

 0 0 0

 0 0 0

 0 0 0

 0 0 0

 0 0 0

 0 0 0

 0 0 0

 0 0 0

 0 0 0

 0 0 0

 0 0 0

 0 0 0

 0 0 0

 0 0 0

 0 0 0

 0 0 0

 0 0 0

 0 0 0

 0 0 0

 0 0 0

 0 0 0

 0 0 0

 0 0 0

 0 0 0

 0 0 0

 0 0 0

