vectors:

 -0.471126 0.016148 -0.471125

 -0.275990 -1.091508 -0.275988

 -0.471126 0.016148 0.471127

 -0.275990 -1.091508 0.275992

 0.471126 0.016148 -0.471125

 0.275990 -1.091508 -0.275988

 0.471126 0.016148 0.471127

 0.275990 -1.091508 0.275992

 -0.816594 -1.539324 -0.816594

 -0.816594 -1.539324 0.816594

 0.816594 -1.539324 0.816594

 0.816594 -1.539324 -0.816594

 -0.533201 -2.868839 -0.533201

 -0.533201 -2.868839 0.533201

 0.533201 -2.868839 0.533201

 0.533201 -2.868839 -0.533201

 -0.000000 -3.648025 -0.000000

 -0.151682 -0.402277 -0.151680

 -0.151682 -0.402277 0.151684

 0.151682 -0.402277 0.151684

 0.151682 -0.402277 -0.151680

 -0.266601 -3.258432 -0.266601

 -0.196025 -0.934735 -0.196023

 -0.196025 -0.934735 0.196027

 0.196025 -0.934735 0.196027

 0.196025 -0.934735 -0.196023

 -0.099920 -0.668506 0.099922

 0.099919 -0.668506 0.099922

 0.099919 -0.668506 -0.099917

 -0.099920 -0.668506 -0.099917

 -0.258007 -0.193064 0.258008

 0.258007 -0.193064 0.258008

 0.258007 -0.193064 -0.258005

 -0.258007 -0.193064 -0.258005

tris:

 22 1 3

 22 3 23

 23 3 7

 23 7 24

 24 7 5

 24 5 25

 25 5 1

 25 1 22

 28 25 22

 28 22 29

 1 5 11

 1 11 8

 11 10 14

 11 14 15

 7 3 9

 7 9 10

 5 7 10

 5 10 11

 3 1 8

 3 8 9

 15 14 16

 9 8 12

 9 12 13

 8 11 15

 8 15 12

 10 9 13

 10 13 14

 13 12 21

 13 21 16

 12 15 16

 12 16 21

 14 13 16

 32 20 17

 32 17 33

 31 19 20

 31 20 32

 30 18 19

 30 19 31

 33 17 18

 33 18 30

 27 24 25

 27 25 28

 26 23 24

 26 24 27

 29 22 23

 29 23 26

 17 29 26

 17 26 18

 18 26 27

 18 27 19

 19 27 28

 19 28 20

 20 28 29

 20 29 17

 0 33 30

 0 30 2

 2 30 31

 2 31 6

 6 31 32

 6 32 4

 4 32 33

 4 33 0

vector2s:

 0.930068 0.669040

 0.930068 0.677010

 0.904458 0.677010

 0.904458 0.669040

 0.930068 0.655504

 0.904458 0.655504

 0.836711 0.852336

 0.944539 0.852336

 0.944539 0.960164

 0.836711 0.960164

 0.944539 0.906250

 0.890625 0.906250

 0.930068 0.624447

 0.930068 0.641968

 0.904458 0.641968

 0.904458 0.624447

 0.930068 0.606926

 0.904458 0.606926

uv:

 0 1 2

 0 2 3

 0 1 2

 0 2 3

 0 1 2

 0 2 3

 0 1 2

 0 2 3

 4 0 3

 4 3 5

 6 7 8

 6 8 9

 6 7 8

 6 8 9

 6 7 8

 6 8 9

 6 7 8

 6 8 9

 6 7 8

 6 8 9

 6 7 8

 6 7 8

 6 8 9

 6 7 8

 6 8 9

 6 7 8

 6 8 9

 6 7 10

 6 10 8

 6 7 8

 6 8 11

 6 7 8

 12 13 14

 12 14 15

 12 13 14

 12 14 15

 12 13 14

 12 14 15

 12 13 14

 12 14 15

 4 0 3

 4 3 5

 4 0 3

 4 3 5

 4 0 3

 4 3 5

 13 4 5

 13 5 14

 13 4 5

 13 5 14

 13 4 5

 13 5 14

 13 4 5

 13 5 14

 16 12 15

 16 15 17

 16 12 15

 16 15 17

 16 12 15

 16 15 17

 16 12 15

 16 15 17

palette:

 41 53 25 255

 255 255 255 255

 131 138 115 255

 244 255 214 255

 246 246 246 255

color:

 0 0 0

 0 0 0

 0 0 0

 0 0 0

 0 0 0

 0 0 0

 0 0 0

 0 0 0

 1 0 0

 1 0 1

 0 0 2

 0 2 2

 2 2 3

 2 3 3

 0 0 2

 0 2 2

 0 0 2

 0 2 2

 0 0 2

 0 2 2

 3 3 3

 2 2 3

 2 3 3

 2 2 3

 2 3 3

 2 2 3

 2 3 3

 3 3 3

 3 3 3

 3 3 3

 3 3 3

 3 3 3

 4 1 1

 4 1 4

 4 1 1

 4 1 4

 4 1 1

 4 1 4

 4 1 1

 4 1 4

 1 0 0

 1 0 1

 1 0 0

 1 0 1

 1 0 0

 1 0 1

 1 1 1

 1 1 1

 1 1 1

 1 1 1

 1 1 1

 1 1 1

 1 1 1

 1 1 1

 0 4 4

 0 4 0

 0 4 4

 0 4 0

 0 4 4

 0 4 0

 0 4 4

 0 4 0

