vectors:

 0.000000 -1.000000 0.000000

 0.000000 -0.831470 0.555570

 0.000000 -0.555570 0.831470

 0.000000 -0.195090 0.980785

 0.000000 -0.000000 1.000000

 0.000000 0.195090 0.980785

 0.000000 0.555570 0.831470

 0.000000 1.000000 0.000000

 0.038060 -0.980785 0.191342

 0.074658 -0.923880 0.375330

 0.108386 -0.831470 0.544895

 0.137950 -0.707107 0.693520

 0.162212 -0.555570 0.815493

 0.180240 -0.382683 0.906127

 0.191342 -0.195090 0.961940

 0.195090 -0.000000 0.980785

 0.191342 0.195090 0.961940

 0.180240 0.382683 0.906127

 0.162212 0.555570 0.815493

 0.137950 0.707107 0.693520

 0.108386 0.831470 0.544895

 0.074658 0.923880 0.375330

 0.038060 0.980785 0.191342

 0.074658 -0.980785 0.180240

 0.146447 -0.923880 0.353553

 0.212608 -0.831470 0.513280

 0.270598 -0.707107 0.653281

 0.318190 -0.555570 0.768178

 0.353553 -0.382683 0.853553

 0.375330 -0.195090 0.906127

 0.382683 -0.000000 0.923879

 0.375330 0.195090 0.906127

 0.353553 0.382683 0.853553

 0.318190 0.555570 0.768178

 0.270598 0.707107 0.653281

 0.212608 0.831470 0.513280

 0.146447 0.923880 0.353553

 0.074658 0.980785 0.180240

 0.108386 -0.980785 0.162212

 0.212608 -0.923880 0.318190

 0.308658 -0.831470 0.461940

 0.392847 -0.707107 0.587938

 0.461940 -0.555570 0.691342

 0.513280 -0.382683 0.768178

 0.544895 -0.195090 0.815493

 0.555570 -0.000000 0.831469

 0.544895 0.195090 0.815493

 0.513280 0.382683 0.768178

 0.461940 0.555570 0.691342

 0.392847 0.707107 0.587938

 0.308658 0.831470 0.461940

 0.212608 0.923880 0.318190

 0.108386 0.980785 0.162212

 0.137950 -0.980785 0.137950

 0.270598 -0.923880 0.270598

 0.392847 -0.831470 0.392847

 0.500000 -0.707107 0.500000

 0.587938 -0.555570 0.587938

 0.653281 -0.382683 0.653281

 0.693520 -0.195090 0.693520

 0.707107 -0.000000 0.707107

 0.693520 0.195090 0.693520

 0.653281 0.382683 0.653281

 0.587938 0.555570 0.587938

 0.500000 0.707107 0.500000

 0.392847 0.831470 0.392847

 0.270598 0.923880 0.270598

 0.137950 0.980785 0.137950

 0.162212 -0.980785 0.108386

 0.318190 -0.923880 0.212608

 0.461940 -0.831470 0.308658

 0.587938 -0.707107 0.392847

 0.691342 -0.555570 0.461940

 0.768178 -0.382683 0.513280

 0.815493 -0.195090 0.544895

 0.831470 -0.000000 0.555570

 0.815493 0.195090 0.544895

 0.768178 0.382683 0.513280

 0.691342 0.555570 0.461940

 0.587938 0.707107 0.392847

 0.461940 0.831470 0.308658

 0.318190 0.923880 0.212608

 0.162212 0.980785 0.108386

 0.180240 -0.980785 0.074658

 0.353553 -0.923880 0.146447

 0.513280 -0.831470 0.212607

 0.653281 -0.707107 0.270598

 0.768178 -0.555570 0.318190

 0.853553 -0.382683 0.353553

 0.906127 -0.195090 0.375330

 0.923879 -0.000000 0.382683

 0.906127 0.195090 0.375330

 0.853553 0.382683 0.353553

 0.768178 0.555570 0.318190

 0.653281 0.707107 0.270598

 0.513280 0.831470 0.212607

 0.353553 0.923880 0.146447

 0.180240 0.980785 0.074658

 0.191342 -0.980785 0.038060

 0.375330 -0.923880 0.074658

 0.544895 -0.831470 0.108386

 0.693520 -0.707107 0.137950

 0.815493 -0.555570 0.162212

 0.906127 -0.382683 0.180240

 0.961940 -0.195090 0.191342

 0.980785 -0.000000 0.195090

 0.961940 0.195090 0.191342

 0.906127 0.382683 0.180240

 0.815493 0.555570 0.162212

 0.693520 0.707107 0.137950

 0.544895 0.831470 0.108386

 0.375330 0.923880 0.074658

 0.191342 0.980785 0.038060

 0.195090 -0.980785 -0.000000

 0.382683 -0.923880 -0.000000

 0.555570 -0.831470 -0.000000

 0.707107 -0.707107 0.000000

 0.831469 -0.555570 -0.000000

 0.923879 -0.382683 0.000000

 0.980785 -0.195090 -0.000000

 1.000000 -0.000000 -0.000000

 0.980785 0.195090 -0.000000

 0.923879 0.382683 0.000000

 0.831469 0.555570 -0.000000

 0.707107 0.707107 0.000000

 0.555570 0.831470 -0.000000

 0.382683 0.923880 -0.000000

 0.195090 0.980785 -0.000000

 0.191342 -0.980785 -0.038060

 0.375330 -0.923880 -0.074658

 0.544895 -0.831470 -0.108386

 0.693520 -0.707107 -0.137950

 0.815493 -0.555570 -0.162212

 0.906127 -0.382683 -0.180240

 0.961940 -0.195090 -0.191342

 0.980785 -0.000000 -0.195090

 0.961940 0.195090 -0.191342

 0.906127 0.382683 -0.180240

 0.815493 0.555570 -0.162212

 0.693520 0.707107 -0.137950

 0.544895 0.831470 -0.108386

 0.375330 0.923880 -0.074658

 0.191342 0.980785 -0.038060

 0.180240 -0.980785 -0.074658

 0.353553 -0.923880 -0.146447

 0.513280 -0.831470 -0.212608

 0.653281 -0.707107 -0.270598

 0.768178 -0.555570 -0.318190

 0.853553 -0.382683 -0.353553

 0.906127 -0.195090 -0.375330

 0.923879 -0.000000 -0.382683

 0.906127 0.195090 -0.375330

 0.853553 0.382683 -0.353553

 0.768178 0.555570 -0.318190

 0.653281 0.707107 -0.270598

 0.513280 0.831470 -0.212608

 0.353553 0.923880 -0.146447

 0.180240 0.980785 -0.074658

 0.162212 -0.980785 -0.108386

 0.318190 -0.923880 -0.212608

 0.461940 -0.831470 -0.308658

 0.587938 -0.707107 -0.392847

 0.691341 -0.555570 -0.461940

 0.768178 -0.382683 -0.513280

 0.815493 -0.195090 -0.544895

 0.831469 -0.000000 -0.555570

 0.815493 0.195090 -0.544895

 0.768178 0.382683 -0.513280

 0.691341 0.555570 -0.461940

 0.587938 0.707107 -0.392847

 0.461940 0.831470 -0.308658

 0.318190 0.923880 -0.212608

 0.162212 0.980785 -0.108386

 0.137950 -0.980785 -0.137950

 0.270598 -0.923880 -0.270598

 0.392847 -0.831470 -0.392847

 0.500000 -0.707107 -0.500000

 0.587938 -0.555570 -0.587938

 0.653281 -0.382683 -0.653281

 0.693520 -0.195090 -0.693520

 0.707106 -0.000000 -0.707107

 0.693520 0.195090 -0.693520

 0.653281 0.382683 -0.653281

 0.587938 0.555570 -0.587938

 0.500000 0.707107 -0.500000

 0.392847 0.831470 -0.392847

 0.270598 0.923880 -0.270598

 0.137950 0.980785 -0.137950

 0.108386 -0.980785 -0.162212

 0.212607 -0.923880 -0.318190

 0.308658 -0.831470 -0.461940

 0.392847 -0.707107 -0.587938

 0.461940 -0.555570 -0.691342

 0.513280 -0.382683 -0.768178

 0.544895 -0.195090 -0.815493

 0.555570 -0.000000 -0.831469

 0.544895 0.195090 -0.815493

 0.513280 0.382683 -0.768178

 0.461940 0.555570 -0.691342

 0.392847 0.707107 -0.587938

 0.308658 0.831470 -0.461940

 0.212607 0.923880 -0.318190

 0.108386 0.980785 -0.162212

 0.074658 -0.980785 -0.180240

 0.146447 -0.923880 -0.353553

 0.212607 -0.831470 -0.513280

 0.270598 -0.707107 -0.653281

 0.318189 -0.555570 -0.768178

 0.353553 -0.382683 -0.853553

 0.375330 -0.195090 -0.906127

 0.382683 -0.000000 -0.923879

 0.375330 0.195090 -0.906127

 0.353553 0.382683 -0.853553

 0.318189 0.555570 -0.768178

 0.270598 0.707107 -0.653281

 0.212607 0.831470 -0.513280

 0.146447 0.923880 -0.353553

 0.074658 0.980785 -0.180240

 0.038060 -0.980785 -0.191342

 0.074658 -0.923880 -0.375330

 0.108386 -0.831470 -0.544895

 0.137950 -0.707107 -0.693520

 0.162212 -0.555570 -0.815493

 0.180240 -0.382683 -0.906127

 0.191342 -0.195090 -0.961939

 0.195090 -0.000000 -0.980785

 0.191342 0.195090 -0.961939

 0.180240 0.382683 -0.906127

 0.162212 0.555570 -0.815493

 0.137950 0.707107 -0.693520

 0.108386 0.831470 -0.544895

 0.074658 0.923880 -0.375330

 0.038060 0.980785 -0.191342

 -0.000000 -0.980785 -0.195090

 -0.000000 -0.923880 -0.382683

 -0.000000 -0.831470 -0.555570

 -0.000000 -0.707107 -0.707107

 -0.000000 -0.555570 -0.831469

 0.000000 -0.382683 -0.923879

 -0.000000 -0.195090 -0.980785

 -0.000000 -0.000000 -0.999999

 -0.000000 0.195090 -0.980785

 0.000000 0.382683 -0.923879

 -0.000000 0.555570 -0.831469

 -0.000000 0.707107 -0.707107

 -0.000000 0.831470 -0.555570

 -0.000000 0.923880 -0.382683

 -0.000000 0.980785 -0.195090

 -0.038060 -0.980785 -0.191342

 -0.074658 -0.923880 -0.375330

 -0.108386 -0.831470 -0.544895

 -0.137950 -0.707107 -0.693520

 -0.162212 -0.555570 -0.815493

 -0.180240 -0.382683 -0.906127

 -0.191342 -0.195090 -0.961939

 -0.195091 -0.000000 -0.980785

 -0.191342 0.195090 -0.961939

 -0.180240 0.382683 -0.906127

 -0.162212 0.555570 -0.815493

 -0.137950 0.707107 -0.693520

 -0.108386 0.831470 -0.544895

 -0.074658 0.923880 -0.375330

 -0.038060 0.980785 -0.191342

 -0.074658 -0.980785 -0.180240

 -0.146447 -0.923880 -0.353553

 -0.212608 -0.831470 -0.513280

 -0.270598 -0.707107 -0.653281

 -0.318190 -0.555570 -0.768177

 -0.353553 -0.382683 -0.853553

 -0.375330 -0.195090 -0.906127

 -0.382683 -0.000000 -0.923879

 -0.375330 0.195090 -0.906127

 -0.353553 0.382683 -0.853553

 -0.318190 0.555570 -0.768177

 -0.270598 0.707107 -0.653281

 -0.212608 0.831470 -0.513280

 -0.146447 0.923880 -0.353553

 -0.074658 0.980785 -0.180240

 -0.108386 -0.980785 -0.162212

 -0.212608 -0.923880 -0.318190

 -0.308658 -0.831470 -0.461939

 -0.392847 -0.707107 -0.587938

 -0.461940 -0.555570 -0.691341

 -0.513280 -0.382683 -0.768178

 -0.544895 -0.195090 -0.815493

 -0.555570 -0.000000 -0.831469

 -0.544895 0.195090 -0.815493

 -0.513280 0.382683 -0.768178

 -0.461940 0.555570 -0.691341

 -0.392847 0.707107 -0.587938

 -0.308658 0.831470 -0.461939

 -0.212608 0.923880 -0.318190

 -0.108386 0.980785 -0.162212

 -0.137950 -0.980785 -0.137950

 -0.270598 -0.923880 -0.270598

 -0.392847 -0.831470 -0.392847

 -0.500000 -0.707107 -0.500000

 -0.587938 -0.555570 -0.587937

 -0.653281 -0.382683 -0.653281

 -0.693520 -0.195090 -0.693520

 -0.707106 -0.000000 -0.707106

 -0.693520 0.195090 -0.693520

 -0.653281 0.382683 -0.653281

 -0.587938 0.555570 -0.587937

 -0.500000 0.707107 -0.500000

 -0.392847 0.831470 -0.392847

 -0.270598 0.923880 -0.270598

 -0.137950 0.980785 -0.137950

 -0.162212 -0.980785 -0.108386

 -0.318190 -0.923880 -0.212607

 -0.461940 -0.831470 -0.308658

 -0.587938 -0.707107 -0.392847

 -0.691341 -0.555570 -0.461939

 -0.768177 -0.382683 -0.513280

 -0.815493 -0.195090 -0.544895

 -0.831469 -0.000000 -0.555569

 -0.815493 0.195090 -0.544895

 -0.768177 0.382683 -0.513280

 -0.691341 0.555570 -0.461939

 -0.587938 0.707107 -0.392847

 -0.461940 0.831470 -0.308658

 -0.318190 0.923880 -0.212607

 -0.162212 0.980785 -0.108386

 -0.180240 -0.980785 -0.074658

 -0.353553 -0.923880 -0.146447

 -0.513280 -0.831470 -0.212607

 -0.653281 -0.707107 -0.270598

 -0.768177 -0.555570 -0.318189

 -0.853553 -0.382683 -0.353553

 -0.906127 -0.195090 -0.375330

 -0.923879 -0.000000 -0.382683

 -0.906127 0.195090 -0.375330

 -0.853553 0.382683 -0.353553

 -0.768177 0.555570 -0.318189

 -0.653281 0.707107 -0.270598

 -0.513280 0.831470 -0.212607

 -0.353553 0.923880 -0.146447

 -0.180240 0.980785 -0.074658

 -0.191342 -0.980785 -0.038060

 -0.375330 -0.923880 -0.074658

 -0.544895 -0.831470 -0.108386

 -0.693520 -0.707107 -0.137950

 -0.815493 -0.555570 -0.162211

 -0.906127 -0.382683 -0.180240

 -0.961939 -0.195090 -0.191341

 -0.980784 -0.000000 -0.195090

 -0.961939 0.195090 -0.191341

 -0.906127 0.382683 -0.180240

 -0.815493 0.555570 -0.162211

 -0.693520 0.707107 -0.137950

 -0.544895 0.831470 -0.108386

 -0.375330 0.923880 -0.074658

 -0.191342 0.980785 -0.038060

 -0.195090 -0.980785 0.000000

 -0.382683 -0.923880 0.000000

 -0.555570 -0.831470 0.000000

 -0.707107 -0.707107 0.000000

 -0.831469 -0.555570 0.000000

 -0.923879 -0.382683 0.000000

 -0.980785 -0.195090 0.000000

 -0.999999 -0.000000 0.000000

 -0.980785 0.195090 0.000000

 -0.923879 0.382683 0.000000

 -0.831469 0.555570 0.000000

 -0.707107 0.707107 0.000000

 -0.555570 0.831470 0.000000

 -0.382683 0.923880 0.000000

 -0.195090 0.980785 0.000000

 -0.191342 -0.980785 0.038060

 -0.375330 -0.923880 0.074658

 -0.544895 -0.831470 0.108386

 -0.693520 -0.707107 0.137950

 -0.815493 -0.555570 0.162212

 -0.906127 -0.382683 0.180240

 -0.961939 -0.195090 0.191342

 -0.980784 -0.000000 0.195091

 -0.961939 0.195090 0.191342

 -0.906127 0.382683 0.180240

 -0.815493 0.555570 0.162212

 -0.693520 0.707107 0.137950

 -0.544895 0.831470 0.108386

 -0.375330 0.923880 0.074658

 -0.191342 0.980785 0.038060

 -0.180240 -0.980785 0.074658

 -0.353553 -0.923880 0.146447

 -0.513279 -0.831470 0.212607

 -0.653281 -0.707107 0.270598

 -0.768177 -0.555570 0.318190

 -0.853553 -0.382683 0.353553

 -0.906127 -0.195090 0.375330

 -0.923878 -0.000000 0.382683

 -0.906127 0.195090 0.375330

 -0.853553 0.382683 0.353553

 -0.768177 0.555570 0.318190

 -0.653281 0.707107 0.270598

 -0.513279 0.831470 0.212607

 -0.353553 0.923880 0.146447

 -0.180240 0.980785 0.074658

 -0.162212 -0.980785 0.108386

 -0.318189 -0.923880 0.212607

 -0.461939 -0.831470 0.308658

 -0.587938 -0.707107 0.392847

 -0.691341 -0.555570 0.461940

 -0.768177 -0.382683 0.513280

 -0.815493 -0.195090 0.544895

 -0.831468 -0.000000 0.555570

 -0.815493 0.195090 0.544895

 -0.768177 0.382683 0.513280

 -0.691341 0.555570 0.461940

 -0.587938 0.707107 0.392847

 -0.461939 0.831470 0.308658

 -0.318189 0.923880 0.212607

 -0.162212 0.980785 0.108386

 -0.137950 -0.980785 0.137950

 -0.270598 -0.923880 0.270598

 -0.392847 -0.831470 0.392847

 -0.500000 -0.707107 0.500000

 -0.587937 -0.555570 0.587938

 -0.653281 -0.382683 0.653281

 -0.693519 -0.195090 0.693520

 -0.707106 -0.000000 0.707106

 -0.693519 0.195090 0.693520

 -0.653281 0.382683 0.653281

 -0.587937 0.555570 0.587938

 -0.500000 0.707107 0.500000

 -0.392847 0.831470 0.392847

 -0.270598 0.923880 0.270598

 -0.137950 0.980785 0.137950

 -0.108386 -0.980785 0.162212

 -0.212607 -0.923880 0.318190

 -0.308658 -0.831470 0.461939

 -0.392847 -0.707107 0.587938

 -0.461939 -0.555570 0.691341

 -0.513280 -0.382683 0.768177

 -0.544895 -0.195090 0.815493

 -0.555569 -0.000000 0.831469

 -0.544895 0.195090 0.815493

 -0.513280 0.382683 0.768177

 -0.461939 0.555570 0.691341

 -0.392847 0.707107 0.587938

 -0.308658 0.831470 0.461939

 -0.212607 0.923880 0.318190

 -0.108386 0.980785 0.162212

 -0.074658 -0.980785 0.180240

 -0.146446 -0.923880 0.353553

 -0.212607 -0.831470 0.513279

 -0.270598 -0.707107 0.653281

 -0.318189 -0.555570 0.768177

 -0.353553 -0.382683 0.853553

 -0.375330 -0.195090 0.906127

 -0.382683 -0.000000 0.923879

 -0.375330 0.195090 0.906127

 -0.353553 0.382683 0.853553

 -0.318189 0.555570 0.768177

 -0.270598 0.707107 0.653281

 -0.212607 0.831470 0.513279

 -0.146446 0.923880 0.353553

 -0.074658 0.980785 0.180240

 -0.038060 -0.980785 0.191342

 -0.074658 -0.923880 0.375330

 -0.108386 -0.831470 0.544895

 -0.137950 -0.707107 0.693520

 -0.162211 -0.555570 0.815493

 -0.180240 -0.382683 0.906127

 -0.191341 -0.195090 0.961939

 -0.195090 -0.000000 0.980784

 -0.191341 0.195090 0.961939

 -0.180240 0.382683 0.906127

 -0.162211 0.555570 0.815493

 -0.137950 0.707107 0.693520

 -0.108386 0.831470 0.544895

 -0.074658 0.923880 0.375330

 -0.038060 0.980785 0.191342

 0.000000 -0.980785 0.195090

 0.000000 -0.923880 0.382683

 0.000000 -0.707107 0.707107

 0.000000 -0.382683 0.923879

 0.000000 0.382683 0.923879

 0.000000 0.707107 0.707107

 0.000000 0.831470 0.555570

 0.000000 0.923880 0.382683

 0.000000 0.980785 0.195090

tris:

 1 474 9

 1 9 10

 6 477 17

 6 17 18

 475 1 10

 475 10 11

 478 6 18

 478 18 19

 2 475 11

 2 11 12

 479 478 19

 479 19 20

 476 2 12

 476 12 13

 480 479 20

 480 20 21

 3 476 13

 3 13 14

 481 480 21

 481 21 22

 4 3 14

 4 14 15

 473 0 8

 7 481 22

 5 4 15

 5 15 16

 474 473 8

 474 8 9

 477 5 16

 477 16 17

 16 15 30

 16 30 31

 9 8 23

 9 23 24

 17 16 31

 17 31 32

 10 9 24

 10 24 25

 18 17 32

 18 32 33

 11 10 25

 11 25 26

 19 18 33

 19 33 34

 12 11 26

 12 26 27

 20 19 34

 20 34 35

 13 12 27

 13 27 28

 21 20 35

 21 35 36

 14 13 28

 14 28 29

 22 21 36

 22 36 37

 15 14 29

 15 29 30

 8 0 23

 7 22 37

 35 34 49

 35 49 50

 28 27 42

 28 42 43

 36 35 50

 36 50 51

 29 28 43

 29 43 44

 37 36 51

 37 51 52

 30 29 44

 30 44 45

 23 0 38

 7 37 52

 31 30 45

 31 45 46

 24 23 38

 24 38 39

 32 31 46

 32 46 47

 25 24 39

 25 39 40

 33 32 47

 33 47 48

 26 25 40

 26 40 41

 34 33 48

 34 48 49

 27 26 41

 27 41 42

 47 46 61

 47 61 62

 40 39 54

 40 54 55

 48 47 62

 48 62 63

 41 40 55

 41 55 56

 49 48 63

 49 63 64

 42 41 56

 42 56 57

 50 49 64

 50 64 65

 43 42 57

 43 57 58

 51 50 65

 51 65 66

 44 43 58

 44 58 59

 52 51 66

 52 66 67

 45 44 59

 45 59 60

 38 0 53

 7 52 67

 46 45 60

 46 60 61

 39 38 53

 39 53 54

 66 65 80

 66 80 81

 59 58 73

 59 73 74

 67 66 81

 67 81 82

 60 59 74

 60 74 75

 53 0 68

 7 67 82

 61 60 75

 61 75 76

 54 53 68

 54 68 69

 62 61 76

 62 76 77

 55 54 69

 55 69 70

 63 62 77

 63 77 78

 56 55 70

 56 70 71

 64 63 78

 64 78 79

 57 56 71

 57 71 72

 65 64 79

 65 79 80

 58 57 72

 58 72 73

 70 69 84

 70 84 85

 78 77 92

 78 92 93

 71 70 85

 71 85 86

 79 78 93

 79 93 94

 72 71 86

 72 86 87

 80 79 94

 80 94 95

 73 72 87

 73 87 88

 81 80 95

 81 95 96

 74 73 88

 74 88 89

 82 81 96

 82 96 97

 75 74 89

 75 89 90

 68 0 83

 7 82 97

 76 75 90

 76 90 91

 69 68 83

 69 83 84

 77 76 91

 77 91 92

 89 88 103

 89 103 104

 97 96 111

 97 111 112

 90 89 104

 90 104 105

 83 0 98

 7 97 112

 91 90 105

 91 105 106

 84 83 98

 84 98 99

 92 91 106

 92 106 107

 85 84 99

 85 99 100

 93 92 107

 93 107 108

 86 85 100

 86 100 101

 94 93 108

 94 108 109

 87 86 101

 87 101 102

 95 94 109

 95 109 110

 88 87 102

 88 102 103

 96 95 110

 96 110 111

 108 107 122

 108 122 123

 101 100 115

 101 115 116

 109 108 123

 109 123 124

 102 101 116

 102 116 117

 110 109 124

 110 124 125

 103 102 117

 103 117 118

 111 110 125

 111 125 126

 104 103 118

 104 118 119

 112 111 126

 112 126 127

 105 104 119

 105 119 120

 98 0 113

 7 112 127

 106 105 120

 106 120 121

 99 98 113

 99 113 114

 107 106 121

 107 121 122

 100 99 114

 100 114 115

 127 126 141

 127 141 142

 120 119 134

 120 134 135

 113 0 128

 7 127 142

 121 120 135

 121 135 136

 114 113 128

 114 128 129

 122 121 136

 122 136 137

 115 114 129

 115 129 130

 123 122 137

 123 137 138

 116 115 130

 116 130 131

 124 123 138

 124 138 139

 117 116 131

 117 131 132

 125 124 139

 125 139 140

 118 117 132

 118 132 133

 126 125 140

 126 140 141

 119 118 133

 119 133 134

 131 130 145

 131 145 146

 139 138 153

 139 153 154

 132 131 146

 132 146 147

 140 139 154

 140 154 155

 133 132 147

 133 147 148

 141 140 155

 141 155 156

 134 133 148

 134 148 149

 142 141 156

 142 156 157

 135 134 149

 135 149 150

 128 0 143

 7 142 157

 136 135 150

 136 150 151

 129 128 143

 129 143 144

 137 136 151

 137 151 152

 130 129 144

 130 144 145

 138 137 152

 138 152 153

 150 149 164

 150 164 165

 143 0 158

 7 157 172

 151 150 165

 151 165 166

 144 143 158

 144 158 159

 152 151 166

 152 166 167

 145 144 159

 145 159 160

 153 152 167

 153 167 168

 146 145 160

 146 160 161

 154 153 168

 154 168 169

 147 146 161

 147 161 162

 155 154 169

 155 169 170

 148 147 162

 148 162 163

 156 155 170

 156 170 171

 149 148 163

 149 163 164

 157 156 171

 157 171 172

 169 168 183

 169 183 184

 162 161 176

 162 176 177

 170 169 184

 170 184 185

 163 162 177

 163 177 178

 171 170 185

 171 185 186

 164 163 178

 164 178 179

 172 171 186

 172 186 187

 165 164 179

 165 179 180

 158 0 173

 7 172 187

 166 165 180

 166 180 181

 159 158 173

 159 173 174

 167 166 181

 167 181 182

 160 159 174

 160 174 175

 168 167 182

 168 182 183

 161 160 175

 161 175 176

 7 187 202

 181 180 195

 181 195 196

 174 173 188

 174 188 189

 182 181 196

 182 196 197

 175 174 189

 175 189 190

 183 182 197

 183 197 198

 176 175 190

 176 190 191

 184 183 198

 184 198 199

 177 176 191

 177 191 192

 185 184 199

 185 199 200

 178 177 192

 178 192 193

 186 185 200

 186 200 201

 179 178 193

 179 193 194

 187 186 201

 187 201 202

 180 179 194

 180 194 195

 173 0 188

 200 199 214

 200 214 215

 193 192 207

 193 207 208

 201 200 215

 201 215 216

 194 193 208

 194 208 209

 202 201 216

 202 216 217

 195 194 209

 195 209 210

 188 0 203

 7 202 217

 196 195 210

 196 210 211

 189 188 203

 189 203 204

 197 196 211

 197 211 212

 190 189 204

 190 204 205

 198 197 212

 198 212 213

 191 190 205

 191 205 206

 199 198 213

 199 213 214

 192 191 206

 192 206 207

 204 203 218

 204 218 219

 212 211 226

 212 226 227

 205 204 219

 205 219 220

 213 212 227

 213 227 228

 206 205 220

 206 220 221

 214 213 228

 214 228 229

 207 206 221

 207 221 222

 215 214 229

 215 229 230

 208 207 222

 208 222 223

 216 215 230

 216 230 231

 209 208 223

 209 223 224

 217 216 231

 217 231 232

 210 209 224

 210 224 225

 203 0 218

 7 217 232

 211 210 225

 211 225 226

 223 222 237

 223 237 238

 231 230 245

 231 245 246

 224 223 238

 224 238 239

 232 231 246

 232 246 247

 225 224 239

 225 239 240

 218 0 233

 7 232 247

 226 225 240

 226 240 241

 219 218 233

 219 233 234

 227 226 241

 227 241 242

 220 219 234

 220 234 235

 228 227 242

 228 242 243

 221 220 235

 221 235 236

 229 228 243

 229 243 244

 222 221 236

 222 236 237

 230 229 244

 230 244 245

 242 241 256

 242 256 257

 235 234 249

 235 249 250

 243 242 257

 243 257 258

 236 235 250

 236 250 251

 244 243 258

 244 258 259

 237 236 251

 237 251 252

 245 244 259

 245 259 260

 238 237 252

 238 252 253

 246 245 260

 246 260 261

 239 238 253

 239 253 254

 247 246 261

 247 261 262

 240 239 254

 240 254 255

 233 0 248

 7 247 262

 241 240 255

 241 255 256

 234 233 248

 234 248 249

 261 260 275

 261 275 276

 254 253 268

 254 268 269

 262 261 276

 262 276 277

 255 254 269

 255 269 270

 248 0 263

 7 262 277

 256 255 270

 256 270 271

 249 248 263

 249 263 264

 257 256 271

 257 271 272

 250 249 264

 250 264 265

 258 257 272

 258 272 273

 251 250 265

 251 265 266

 259 258 273

 259 273 274

 252 251 266

 252 266 267

 260 259 274

 260 274 275

 253 252 267

 253 267 268

 265 264 279

 265 279 280

 273 272 287

 273 287 288

 266 265 280

 266 280 281

 274 273 288

 274 288 289

 267 266 281

 267 281 282

 275 274 289

 275 289 290

 268 267 282

 268 282 283

 276 275 290

 276 290 291

 269 268 283

 269 283 284

 277 276 291

 277 291 292

 270 269 284

 270 284 285

 263 0 278

 7 277 292

 271 270 285

 271 285 286

 264 263 278

 264 278 279

 272 271 286

 272 286 287

 284 283 298

 284 298 299

 292 291 306

 292 306 307

 285 284 299

 285 299 300

 278 0 293

 7 292 307

 286 285 300

 286 300 301

 279 278 293

 279 293 294

 287 286 301

 287 301 302

 280 279 294

 280 294 295

 288 287 302

 288 302 303

 281 280 295

 281 295 296

 289 288 303

 289 303 304

 282 281 296

 282 296 297

 290 289 304

 290 304 305

 283 282 297

 283 297 298

 291 290 305

 291 305 306

 303 302 317

 303 317 318

 296 295 310

 296 310 311

 304 303 318

 304 318 319

 297 296 311

 297 311 312

 305 304 319

 305 319 320

 298 297 312

 298 312 313

 306 305 320

 306 320 321

 299 298 313

 299 313 314

 307 306 321

 307 321 322

 300 299 314

 300 314 315

 293 0 308

 7 307 322

 301 300 315

 301 315 316

 294 293 308

 294 308 309

 302 301 316

 302 316 317

 295 294 309

 295 309 310

 322 321 336

 322 336 337

 315 314 329

 315 329 330

 308 0 323

 7 322 337

 316 315 330

 316 330 331

 309 308 323

 309 323 324

 317 316 331

 317 331 332

 310 309 324

 310 324 325

 318 317 332

 318 332 333

 311 310 325

 311 325 326

 319 318 333

 319 333 334

 312 311 326

 312 326 327

 320 319 334

 320 334 335

 313 312 327

 313 327 328

 321 320 335

 321 335 336

 314 313 328

 314 328 329

 334 333 348

 334 348 349

 327 326 341

 327 341 342

 335 334 349

 335 349 350

 328 327 342

 328 342 343

 336 335 350

 336 350 351

 329 328 343

 329 343 344

 337 336 351

 337 351 352

 330 329 344

 330 344 345

 323 0 338

 7 337 352

 331 330 345

 331 345 346

 324 323 338

 324 338 339

 332 331 346

 332 346 347

 325 324 339

 325 339 340

 333 332 347

 333 347 348

 326 325 340

 326 340 341

 338 0 353

 7 352 367

 346 345 360

 346 360 361

 339 338 353

 339 353 354

 347 346 361

 347 361 362

 340 339 354

 340 354 355

 348 347 362

 348 362 363

 341 340 355

 341 355 356

 349 348 363

 349 363 364

 342 341 356

 342 356 357

 350 349 364

 350 364 365

 343 342 357

 343 357 358

 351 350 365

 351 365 366

 344 343 358

 344 358 359

 352 351 366

 352 366 367

 345 344 359

 345 359 360

 357 356 371

 357 371 372

 365 364 379

 365 379 380

 358 357 372

 358 372 373

 366 365 380

 366 380 381

 359 358 373

 359 373 374

 367 366 381

 367 381 382

 360 359 374

 360 374 375

 353 0 368

 7 367 382

 361 360 375

 361 375 376

 354 353 368

 354 368 369

 362 361 376

 362 376 377

 355 354 369

 355 369 370

 363 362 377

 363 377 378

 356 355 370

 356 370 371

 364 363 378

 364 378 379

 376 375 390

 376 390 391

 369 368 383

 369 383 384

 377 376 391

 377 391 392

 370 369 384

 370 384 385

 378 377 392

 378 392 393

 371 370 385

 371 385 386

 379 378 393

 379 393 394

 372 371 386

 372 386 387

 380 379 394

 380 394 395

 373 372 387

 373 387 388

 381 380 395

 381 395 396

 374 373 388

 374 388 389

 382 381 396

 382 396 397

 375 374 389

 375 389 390

 368 0 383

 7 382 397

 395 394 409

 395 409 410

 388 387 402

 388 402 403

 396 395 410

 396 410 411

 389 388 403

 389 403 404

 397 396 411

 397 411 412

 390 389 404

 390 404 405

 383 0 398

 7 397 412

 391 390 405

 391 405 406

 384 383 398

 384 398 399

 392 391 406

 392 406 407

 385 384 399

 385 399 400

 393 392 407

 393 407 408

 386 385 400

 386 400 401

 394 393 408

 394 408 409

 387 386 401

 387 401 402

 399 398 413

 399 413 414

 407 406 421

 407 421 422

 400 399 414

 400 414 415

 408 407 422

 408 422 423

 401 400 415

 401 415 416

 409 408 423

 409 423 424

 402 401 416

 402 416 417

 410 409 424

 410 424 425

 403 402 417

 403 417 418

 411 410 425

 411 425 426

 404 403 418

 404 418 419

 412 411 426

 412 426 427

 405 404 419

 405 419 420

 398 0 413

 7 412 427

 406 405 420

 406 420 421

 418 417 432

 418 432 433

 426 425 440

 426 440 441

 419 418 433

 419 433 434

 427 426 441

 427 441 442

 420 419 434

 420 434 435

 413 0 428

 7 427 442

 421 420 435

 421 435 436

 414 413 428

 414 428 429

 422 421 436

 422 436 437

 415 414 429

 415 429 430

 423 422 437

 423 437 438

 416 415 430

 416 430 431

 424 423 438

 424 438 439

 417 416 431

 417 431 432

 425 424 439

 425 439 440

 437 436 451

 437 451 452

 430 429 444

 430 444 445

 438 437 452

 438 452 453

 431 430 445

 431 445 446

 439 438 453

 439 453 454

 432 431 446

 432 446 447

 440 439 454

 440 454 455

 433 432 447

 433 447 448

 441 440 455

 441 455 456

 434 433 448

 434 448 449

 442 441 456

 442 456 457

 435 434 449

 435 449 450

 428 0 443

 7 442 457

 436 435 450

 436 450 451

 429 428 443

 429 443 444

 456 455 470

 456 470 471

 449 448 463

 449 463 464

 457 456 471

 457 471 472

 450 449 464

 450 464 465

 443 0 458

 7 457 472

 451 450 465

 451 465 466

 444 443 458

 444 458 459

 452 451 466

 452 466 467

 445 444 459

 445 459 460

 453 452 467

 453 467 468

 446 445 460

 446 460 461

 454 453 468

 454 468 469

 447 446 461

 447 461 462

 455 454 469

 455 469 470

 448 447 462

 448 462 463

 468 467 477

 468 477 6

 461 460 1

 461 1 475

 469 468 6

 469 6 478

 462 461 475

 462 475 2

 470 469 478

 470 478 479

 463 462 2

 463 2 476

 471 470 479

 471 479 480

 464 463 476

 464 476 3

 472 471 480

 472 480 481

 465 464 3

 465 3 4

 458 0 473

 7 472 481

 466 465 4

 466 4 5

 459 458 473

 459 473 474

 467 466 5

 467 5 477

 460 459 474

 460 474 1

vector2s:

 0.750000 0.812500

 0.750000 0.875000

 0.718750 0.875000

 0.718750 0.812500

 0.750000 0.312500

 0.750000 0.375000

 0.718750 0.375000

 0.718750 0.312500

 0.750000 0.750000

 0.718750 0.750000

 0.750000 0.250000

 0.718750 0.250000

 0.750000 0.687500

 0.718750 0.687500

 0.750000 0.187500

 0.718750 0.187500

 0.750000 0.625000

 0.718750 0.625000

 0.750000 0.125000

 0.718750 0.125000

 0.750000 0.562500

 0.718750 0.562500

 0.750000 0.062500

 0.718750 0.062500

 0.750000 0.500000

 0.718750 0.500000

 0.750000 0.937500

 0.734375 1.000000

 0.718750 0.937500

 0.734375 0.000000

 0.750000 0.437500

 0.718750 0.437500

 0.687500 0.500000

 0.687500 0.437500

 0.687500 0.937500

 0.687500 0.875000

 0.687500 0.375000

 0.687500 0.812500

 0.687500 0.312500

 0.687500 0.750000

 0.687500 0.250000

 0.687500 0.687500

 0.687500 0.187500

 0.687500 0.625000

 0.687500 0.125000

 0.687500 0.562500

 0.687500 0.062500

 0.703125 1.000000

 0.703125 0.000000

 0.656250 0.250000

 0.656250 0.187500

 0.656250 0.687500

 0.656250 0.625000

 0.656250 0.125000

 0.656250 0.562500

 0.656250 0.062500

 0.656250 0.500000

 0.671875 1.000000

 0.656250 0.937500

 0.671875 0.000000

 0.656250 0.437500

 0.656250 0.875000

 0.656250 0.375000

 0.656250 0.812500

 0.656250 0.312500

 0.656250 0.750000

 0.625000 0.437500

 0.625000 0.375000

 0.625000 0.875000

 0.625000 0.812500

 0.625000 0.312500

 0.625000 0.750000

 0.625000 0.250000

 0.625000 0.687500

 0.625000 0.187500

 0.625000 0.625000

 0.625000 0.125000

 0.625000 0.562500

 0.625000 0.062500

 0.625000 0.500000

 0.640625 1.000000

 0.625000 0.937500

 0.640625 0.000000

 0.593750 0.187500

 0.593750 0.125000

 0.593750 0.625000

 0.593750 0.562500

 0.593750 0.062500

 0.593750 0.500000

 0.609375 1.000000

 0.593750 0.937500

 0.609375 0.000000

 0.593750 0.437500

 0.593750 0.875000

 0.593750 0.375000

 0.593750 0.812500

 0.593750 0.312500

 0.593750 0.750000

 0.593750 0.250000

 0.593750 0.687500

 0.562500 0.875000

 0.562500 0.812500

 0.562500 0.375000

 0.562500 0.312500

 0.562500 0.750000

 0.562500 0.250000

 0.562500 0.687500

 0.562500 0.187500

 0.562500 0.625000

 0.562500 0.125000

 0.562500 0.562500

 0.562500 0.062500

 0.562500 0.500000

 0.578125 1.000000

 0.562500 0.937500

 0.578125 0.000000

 0.562500 0.437500

 0.531250 0.625000

 0.531250 0.562500

 0.531250 0.125000

 0.531250 0.062500

 0.531250 0.500000

 0.546875 1.000000

 0.531250 0.937500

 0.546875 0.000000

 0.531250 0.437500

 0.531250 0.875000

 0.531250 0.375000

 0.531250 0.812500

 0.531250 0.312500

 0.531250 0.750000

 0.531250 0.250000

 0.531250 0.687500

 0.531250 0.187500

 0.500000 0.375000

 0.500000 0.312500

 0.500000 0.812500

 0.500000 0.750000

 0.500000 0.250000

 0.500000 0.687500

 0.500000 0.187500

 0.500000 0.625000

 0.500000 0.125000

 0.500000 0.562500

 0.500000 0.062500

 0.500000 0.500000

 0.515625 1.000000

 0.500000 0.937500

 0.515625 0.000000

 0.500000 0.437500

 0.500000 0.875000

 0.468750 0.125000

 0.468750 0.062500

 0.468750 0.562500

 0.468750 0.500000

 0.484375 1.000000

 0.468750 0.937500

 0.484375 0.000000

 0.468750 0.437500

 0.468750 0.875000

 0.468750 0.375000

 0.468750 0.812500

 0.468750 0.312500

 0.468750 0.750000

 0.468750 0.250000

 0.468750 0.687500

 0.468750 0.187500

 0.468750 0.625000

 0.437500 0.812500

 0.437500 0.750000

 0.437500 0.312500

 0.437500 0.250000

 0.437500 0.687500

 0.437500 0.187500

 0.437500 0.625000

 0.437500 0.125000

 0.437500 0.562500

 0.437500 0.062500

 0.437500 0.500000

 0.453125 1.000000

 0.437500 0.937500

 0.453125 0.000000

 0.437500 0.437500

 0.437500 0.875000

 0.437500 0.375000

 0.406250 0.562500

 0.406250 0.500000

 0.421875 1.000000

 0.406250 0.937500

 0.421875 0.000000

 0.406250 0.062500

 0.406250 0.437500

 0.406250 0.875000

 0.406250 0.375000

 0.406250 0.812500

 0.406250 0.312500

 0.406250 0.750000

 0.406250 0.250000

 0.406250 0.687500

 0.406250 0.187500

 0.406250 0.625000

 0.406250 0.125000

 0.375000 0.312500

 0.375000 0.250000

 0.375000 0.750000

 0.375000 0.687500

 0.375000 0.187500

 0.375000 0.625000

 0.375000 0.125000

 0.375000 0.562500

 0.375000 0.062500

 0.375000 0.500000

 0.390625 1.000000

 0.375000 0.937500

 0.390625 0.000000

 0.375000 0.437500

 0.375000 0.875000

 0.375000 0.375000

 0.375000 0.812500

 0.359375 0.000000

 0.343750 0.062500

 0.343750 0.500000

 0.343750 0.437500

 0.343750 0.937500

 0.343750 0.875000

 0.343750 0.375000

 0.343750 0.812500

 0.343750 0.312500

 0.343750 0.750000

 0.343750 0.250000

 0.343750 0.687500

 0.343750 0.187500

 0.343750 0.625000

 0.343750 0.125000

 0.343750 0.562500

 0.359375 1.000000

 0.312500 0.250000

 0.312500 0.187500

 0.312500 0.687500

 0.312500 0.625000

 0.312500 0.125000

 0.312500 0.562500

 0.312500 0.062500

 0.312500 0.500000

 0.328125 1.000000

 0.312500 0.937500

 0.328125 0.000000

 0.312500 0.437500

 0.312500 0.875000

 0.312500 0.375000

 0.312500 0.812500

 0.312500 0.312500

 0.312500 0.750000

 0.281250 0.937500

 0.281250 0.875000

 0.281250 0.437500

 0.281250 0.375000

 0.281250 0.812500

 0.281250 0.312500

 0.281250 0.750000

 0.281250 0.250000

 0.281250 0.687500

 0.281250 0.187500

 0.281250 0.625000

 0.281250 0.125000

 0.281250 0.562500

 0.281250 0.062500

 0.281250 0.500000

 0.296875 1.000000

 0.296875 0.000000

 0.250000 0.687500

 0.250000 0.625000

 0.250000 0.187500

 0.250000 0.125000

 0.250000 0.562500

 0.250000 0.062500

 0.250000 0.500000

 0.265625 1.000000

 0.250000 0.937500

 0.265625 0.000000

 0.250000 0.437500

 0.250000 0.875000

 0.250000 0.375000

 0.250000 0.812500

 0.250000 0.312500

 0.250000 0.750000

 0.250000 0.250000

 0.218750 0.437500

 0.218750 0.375000

 0.218750 0.875000

 0.218750 0.812500

 0.218750 0.312500

 0.218750 0.750000

 0.218750 0.250000

 0.218750 0.687500

 0.218750 0.187500

 0.218750 0.625000

 0.218750 0.125000

 0.218750 0.562500

 0.218750 0.062500

 0.218750 0.500000

 0.234375 1.000000

 0.218750 0.937500

 0.234375 0.000000

 0.187500 0.187500

 0.187500 0.125000

 0.187500 0.625000

 0.187500 0.562500

 0.187500 0.062500

 0.187500 0.500000

 0.203125 1.000000

 0.187500 0.937500

 0.203125 0.000000

 0.187500 0.437500

 0.187500 0.875000

 0.187500 0.375000

 0.187500 0.812500

 0.187500 0.312500

 0.187500 0.750000

 0.187500 0.250000

 0.187500 0.687500

 0.156250 0.875000

 0.156250 0.812500

 0.156250 0.375000

 0.156250 0.312500

 0.156250 0.750000

 0.156250 0.250000

 0.156250 0.687500

 0.156250 0.187500

 0.156250 0.625000

 0.156250 0.125000

 0.156250 0.562500

 0.156250 0.062500

 0.156250 0.500000

 0.171875 1.000000

 0.156250 0.937500

 0.171875 0.000000

 0.156250 0.437500

 0.125000 0.625000

 0.125000 0.562500

 0.125000 0.125000

 0.125000 0.062500

 0.125000 0.500000

 0.140625 1.000000

 0.125000 0.937500

 0.140625 0.000000

 0.125000 0.437500

 0.125000 0.875000

 0.125000 0.375000

 0.125000 0.812500

 0.125000 0.312500

 0.125000 0.750000

 0.125000 0.250000

 0.125000 0.687500

 0.125000 0.187500

 0.093750 0.375000

 0.093750 0.312500

 0.093750 0.812500

 0.093750 0.750000

 0.093750 0.250000

 0.093750 0.687500

 0.093750 0.187500

 0.093750 0.625000

 0.093750 0.125000

 0.093750 0.562500

 0.093750 0.062500

 0.093750 0.500000

 0.109375 1.000000

 0.093750 0.937500

 0.109375 0.000000

 0.093750 0.437500

 0.093750 0.875000

 0.062500 0.125000

 0.062500 0.062500

 0.062500 0.562500

 0.062500 0.500000

 0.078125 1.000000

 0.062500 0.937500

 0.078125 0.000000

 0.062500 0.437500

 0.062500 0.875000

 0.062500 0.375000

 0.062500 0.812500

 0.062500 0.312500

 0.062500 0.750000

 0.062500 0.250000

 0.062500 0.687500

 0.062500 0.187500

 0.062500 0.625000

 0.031250 0.312500

 0.031250 0.250000

 0.031250 0.750000

 0.031250 0.687500

 0.031250 0.187500

 0.031250 0.625000

 0.031250 0.125000

 0.031250 0.562500

 0.031250 0.062500

 0.031250 0.500000

 0.046875 1.000000

 0.031250 0.937500

 0.046875 0.000000

 0.031250 0.437500

 0.031250 0.875000

 0.031250 0.375000

 0.031250 0.812500

 0.015625 1.000000

 0.000000 0.937500

 0.015625 0.000000

 0.000000 0.062500

 0.000000 0.500000

 0.000000 0.437500

 0.000000 0.875000

 0.000000 0.375000

 0.000000 0.812500

 0.000000 0.312500

 0.000000 0.750000

 0.000000 0.250000

 0.000000 0.687500

 0.000000 0.187500

 0.000000 0.625000

 0.000000 0.125000

 0.000000 0.562500

 1.000000 0.687500

 1.000000 0.750000

 0.968750 0.750000

 0.968750 0.687500

 1.000000 0.187500

 1.000000 0.250000

 0.968750 0.250000

 0.968750 0.187500

 1.000000 0.625000

 0.968750 0.625000

 1.000000 0.125000

 0.968750 0.125000

 1.000000 0.562500

 0.968750 0.562500

 1.000000 0.062500

 0.968750 0.062500

 1.000000 0.500000

 0.968750 0.500000

 1.000000 0.937500

 0.984375 1.000000

 0.968750 0.937500

 0.984375 0.000000

 1.000000 0.437500

 0.968750 0.437500

 1.000000 0.875000

 0.968750 0.875000

 1.000000 0.375000

 0.968750 0.375000

 1.000000 0.812500

 0.968750 0.812500

 1.000000 0.312500

 0.968750 0.312500

 0.937500 0.500000

 0.937500 0.437500

 0.937500 0.937500

 0.937500 0.875000

 0.937500 0.375000

 0.937500 0.812500

 0.937500 0.312500

 0.937500 0.750000

 0.937500 0.250000

 0.937500 0.687500

 0.937500 0.187500

 0.937500 0.625000

 0.937500 0.125000

 0.937500 0.562500

 0.937500 0.062500

 0.953125 1.000000

 0.953125 0.000000

 0.906250 0.250000

 0.906250 0.187500

 0.906250 0.687500

 0.906250 0.625000

 0.906250 0.125000

 0.906250 0.562500

 0.906250 0.062500

 0.906250 0.500000

 0.921875 1.000000

 0.906250 0.937500

 0.921875 0.000000

 0.906250 0.437500

 0.906250 0.875000

 0.906250 0.375000

 0.906250 0.812500

 0.906250 0.312500

 0.906250 0.750000

 0.875000 0.937500

 0.875000 0.875000

 0.875000 0.437500

 0.875000 0.375000

 0.875000 0.812500

 0.875000 0.312500

 0.875000 0.750000

 0.875000 0.250000

 0.875000 0.687500

 0.875000 0.187500

 0.875000 0.625000

 0.875000 0.125000

 0.875000 0.562500

 0.875000 0.062500

 0.875000 0.500000

 0.890625 1.000000

 0.890625 0.000000

 0.843750 0.687500

 0.843750 0.625000

 0.843750 0.187500

 0.843750 0.125000

 0.843750 0.562500

 0.843750 0.062500

 0.843750 0.500000

 0.859375 1.000000

 0.843750 0.937500

 0.859375 0.000000

 0.843750 0.437500

 0.843750 0.875000

 0.843750 0.375000

 0.843750 0.812500

 0.843750 0.312500

 0.843750 0.750000

 0.843750 0.250000

 0.812500 0.437500

 0.812500 0.375000

 0.812500 0.875000

 0.812500 0.812500

 0.812500 0.312500

 0.812500 0.750000

 0.812500 0.250000

 0.812500 0.687500

 0.812500 0.187500

 0.812500 0.625000

 0.812500 0.125000

 0.812500 0.562500

 0.812500 0.062500

 0.812500 0.500000

 0.828125 1.000000

 0.812500 0.937500

 0.828125 0.000000

 0.781250 0.187500

 0.781250 0.125000

 0.781250 0.625000

 0.781250 0.562500

 0.781250 0.062500

 0.781250 0.500000

 0.796875 1.000000

 0.781250 0.937500

 0.796875 0.000000

 0.781250 0.437500

 0.781250 0.875000

 0.781250 0.375000

 0.781250 0.812500

 0.781250 0.312500

 0.781250 0.750000

 0.781250 0.250000

 0.781250 0.687500

 0.765625 1.000000

 0.765625 0.000000

uv:

 0 1 2

 0 2 3

 4 5 6

 4 6 7

 8 0 3

 8 3 9

 10 4 7

 10 7 11

 12 8 9

 12 9 13

 14 10 11

 14 11 15

 16 12 13

 16 13 17

 18 14 15

 18 15 19

 20 16 17

 20 17 21

 22 18 19

 22 19 23

 24 20 21

 24 21 25

 26 27 28

 29 22 23

 30 24 25

 30 25 31

 1 26 28

 1 28 2

 5 30 31

 5 31 6

 31 25 32

 31 32 33

 2 28 34

 2 34 35

 6 31 33

 6 33 36

 3 2 35

 3 35 37

 7 6 36

 7 36 38

 9 3 37

 9 37 39

 11 7 38

 11 38 40

 13 9 39

 13 39 41

 15 11 40

 15 40 42

 17 13 41

 17 41 43

 19 15 42

 19 42 44

 21 17 43

 21 43 45

 23 19 44

 23 44 46

 25 21 45

 25 45 32

 28 47 34

 48 23 46

 42 40 49

 42 49 50

 43 41 51

 43 51 52

 44 42 50

 44 50 53

 45 43 52

 45 52 54

 46 44 53

 46 53 55

 32 45 54

 32 54 56

 34 57 58

 59 46 55

 33 32 56

 33 56 60

 35 34 58

 35 58 61

 36 33 60

 36 60 62

 37 35 61

 37 61 63

 38 36 62

 38 62 64

 39 37 63

 39 63 65

 40 38 64

 40 64 49

 41 39 65

 41 65 51

 62 60 66

 62 66 67

 63 61 68

 63 68 69

 64 62 67

 64 67 70

 65 63 69

 65 69 71

 49 64 70

 49 70 72

 51 65 71

 51 71 73

 50 49 72

 50 72 74

 52 51 73

 52 73 75

 53 50 74

 53 74 76

 54 52 75

 54 75 77

 55 53 76

 55 76 78

 56 54 77

 56 77 79

 58 80 81

 82 55 78

 60 56 79

 60 79 66

 61 58 81

 61 81 68

 76 74 83

 76 83 84

 77 75 85

 77 85 86

 78 76 84

 78 84 87

 79 77 86

 79 86 88

 81 89 90

 91 78 87

 66 79 88

 66 88 92

 68 81 90

 68 90 93

 67 66 92

 67 92 94

 69 68 93

 69 93 95

 70 67 94

 70 94 96

 71 69 95

 71 95 97

 72 70 96

 72 96 98

 73 71 97

 73 97 99

 74 72 98

 74 98 83

 75 73 99

 75 99 85

 95 93 100

 95 100 101

 96 94 102

 96 102 103

 97 95 101

 97 101 104

 98 96 103

 98 103 105

 99 97 104

 99 104 106

 83 98 105

 83 105 107

 85 99 106

 85 106 108

 84 83 107

 84 107 109

 86 85 108

 86 108 110

 87 84 109

 87 109 111

 88 86 110

 88 110 112

 90 113 114

 115 87 111

 92 88 112

 92 112 116

 93 90 114

 93 114 100

 94 92 116

 94 116 102

 110 108 117

 110 117 118

 111 109 119

 111 119 120

 112 110 118

 112 118 121

 114 122 123

 124 111 120

 116 112 121

 116 121 125

 100 114 123

 100 123 126

 102 116 125

 102 125 127

 101 100 126

 101 126 128

 103 102 127

 103 127 129

 104 101 128

 104 128 130

 105 103 129

 105 129 131

 106 104 130

 106 130 132

 107 105 131

 107 131 133

 108 106 132

 108 132 117

 109 107 133

 109 133 119

 129 127 134

 129 134 135

 130 128 136

 130 136 137

 131 129 135

 131 135 138

 132 130 137

 132 137 139

 133 131 138

 133 138 140

 117 132 139

 117 139 141

 119 133 140

 119 140 142

 118 117 141

 118 141 143

 120 119 142

 120 142 144

 121 118 143

 121 143 145

 123 146 147

 148 120 144

 125 121 145

 125 145 149

 126 123 147

 126 147 150

 127 125 149

 127 149 134

 128 126 150

 128 150 136

 144 142 151

 144 151 152

 145 143 153

 145 153 154

 147 155 156

 157 144 152

 149 145 154

 149 154 158

 150 147 156

 150 156 159

 134 149 158

 134 158 160

 136 150 159

 136 159 161

 135 134 160

 135 160 162

 137 136 161

 137 161 163

 138 135 162

 138 162 164

 139 137 163

 139 163 165

 140 138 164

 140 164 166

 141 139 165

 141 165 167

 142 140 166

 142 166 151

 143 141 167

 143 167 153

 163 161 168

 163 168 169

 164 162 170

 164 170 171

 165 163 169

 165 169 172

 166 164 171

 166 171 173

 167 165 172

 167 172 174

 151 166 173

 151 173 175

 153 167 174

 153 174 176

 152 151 175

 152 175 177

 154 153 176

 154 176 178

 156 179 180

 181 152 177

 158 154 178

 158 178 182

 159 156 180

 159 180 183

 160 158 182

 160 182 184

 161 159 183

 161 183 168

 162 160 184

 162 184 170

 178 176 185

 178 185 186

 180 187 188

 189 177 190

 182 178 186

 182 186 191

 183 180 188

 183 188 192

 184 182 191

 184 191 193

 168 183 192

 168 192 194

 170 184 193

 170 193 195

 169 168 194

 169 194 196

 171 170 195

 171 195 197

 172 169 196

 172 196 198

 173 171 197

 173 197 199

 174 172 198

 174 198 200

 175 173 199

 175 199 201

 176 174 200

 176 200 185

 177 175 201

 177 201 190

 197 195 202

 197 202 203

 198 196 204

 198 204 205

 199 197 203

 199 203 206

 200 198 205

 200 205 207

 201 199 206

 201 206 208

 185 200 207

 185 207 209

 190 201 208

 190 208 210

 186 185 209

 186 209 211

 188 212 213

 214 190 210

 191 186 211

 191 211 215

 192 188 213

 192 213 216

 193 191 215

 193 215 217

 194 192 216

 194 216 218

 195 193 217

 195 217 202

 196 194 218

 196 218 204

 219 210 220

 215 211 221

 215 221 222

 216 213 223

 216 223 224

 217 215 222

 217 222 225

 218 216 224

 218 224 226

 202 217 225

 202 225 227

 204 218 226

 204 226 228

 203 202 227

 203 227 229

 205 204 228

 205 228 230

 206 203 229

 206 229 231

 207 205 230

 207 230 232

 208 206 231

 208 231 233

 209 207 232

 209 232 234

 210 208 233

 210 233 220

 211 209 234

 211 234 221

 213 235 223

 231 229 236

 231 236 237

 232 230 238

 232 238 239

 233 231 237

 233 237 240

 234 232 239

 234 239 241

 220 233 240

 220 240 242

 221 234 241

 221 241 243

 223 244 245

 246 220 242

 222 221 243

 222 243 247

 224 223 245

 224 245 248

 225 222 247

 225 247 249

 226 224 248

 226 248 250

 227 225 249

 227 249 251

 228 226 250

 228 250 252

 229 227 251

 229 251 236

 230 228 252

 230 252 238

 248 245 253

 248 253 254

 249 247 255

 249 255 256

 250 248 254

 250 254 257

 251 249 256

 251 256 258

 252 250 257

 252 257 259

 236 251 258

 236 258 260

 238 252 259

 238 259 261

 237 236 260

 237 260 262

 239 238 261

 239 261 263

 240 237 262

 240 262 264

 241 239 263

 241 263 265

 242 240 264

 242 264 266

 243 241 265

 243 265 267

 245 268 253

 269 242 266

 247 243 267

 247 267 255

 263 261 270

 263 270 271

 264 262 272

 264 272 273

 265 263 271

 265 271 274

 266 264 273

 266 273 275

 267 265 274

 267 274 276

 253 277 278

 279 266 275

 255 267 276

 255 276 280

 254 253 278

 254 278 281

 256 255 280

 256 280 282

 257 254 281

 257 281 283

 258 256 282

 258 282 284

 259 257 283

 259 283 285

 260 258 284

 260 284 286

 261 259 285

 261 285 270

 262 260 286

 262 286 272

 282 280 287

 282 287 288

 283 281 289

 283 289 290

 284 282 288

 284 288 291

 285 283 290

 285 290 292

 286 284 291

 286 291 293

 270 285 292

 270 292 294

 272 286 293

 272 293 295

 271 270 294

 271 294 296

 273 272 295

 273 295 297

 274 271 296

 274 296 298

 275 273 297

 275 297 299

 276 274 298

 276 298 300

 278 301 302

 303 275 299

 280 276 300

 280 300 287

 281 278 302

 281 302 289

 297 295 304

 297 304 305

 298 296 306

 298 306 307

 299 297 305

 299 305 308

 300 298 307

 300 307 309

 302 310 311

 312 299 308

 287 300 309

 287 309 313

 289 302 311

 289 311 314

 288 287 313

 288 313 315

 290 289 314

 290 314 316

 291 288 315

 291 315 317

 292 290 316

 292 316 318

 293 291 317

 293 317 319

 294 292 318

 294 318 320

 295 293 319

 295 319 304

 296 294 320

 296 320 306

 316 314 321

 316 321 322

 317 315 323

 317 323 324

 318 316 322

 318 322 325

 319 317 324

 319 324 326

 320 318 325

 320 325 327

 304 319 326

 304 326 328

 306 320 327

 306 327 329

 305 304 328

 305 328 330

 307 306 329

 307 329 331

 308 305 330

 308 330 332

 309 307 331

 309 331 333

 311 334 335

 336 308 332

 313 309 333

 313 333 337

 314 311 335

 314 335 321

 315 313 337

 315 337 323

 331 329 338

 331 338 339

 332 330 340

 332 340 341

 333 331 339

 333 339 342

 335 343 344

 345 332 341

 337 333 342

 337 342 346

 321 335 344

 321 344 347

 323 337 346

 323 346 348

 322 321 347

 322 347 349

 324 323 348

 324 348 350

 325 322 349

 325 349 351

 326 324 350

 326 350 352

 327 325 351

 327 351 353

 328 326 352

 328 352 354

 329 327 353

 329 353 338

 330 328 354

 330 354 340

 350 348 355

 350 355 356

 351 349 357

 351 357 358

 352 350 356

 352 356 359

 353 351 358

 353 358 360

 354 352 359

 354 359 361

 338 353 360

 338 360 362

 340 354 361

 340 361 363

 339 338 362

 339 362 364

 341 340 363

 341 363 365

 342 339 364

 342 364 366

 344 367 368

 369 341 365

 346 342 366

 346 366 370

 347 344 368

 347 368 371

 348 346 370

 348 370 355

 349 347 371

 349 371 357

 365 363 372

 365 372 373

 366 364 374

 366 374 375

 368 376 377

 378 365 373

 370 366 375

 370 375 379

 371 368 377

 371 377 380

 355 370 379

 355 379 381

 357 371 380

 357 380 382

 356 355 381

 356 381 383

 358 357 382

 358 382 384

 359 356 383

 359 383 385

 360 358 384

 360 384 386

 361 359 385

 361 385 387

 362 360 386

 362 386 388

 363 361 387

 363 387 372

 364 362 388

 364 388 374

 385 383 389

 385 389 390

 386 384 391

 386 391 392

 387 385 390

 387 390 393

 388 386 392

 388 392 394

 372 387 393

 372 393 395

 374 388 394

 374 394 396

 373 372 395

 373 395 397

 375 374 396

 375 396 398

 377 399 400

 401 373 397

 379 375 398

 379 398 402

 380 377 400

 380 400 403

 381 379 402

 381 402 404

 382 380 403

 382 403 405

 383 381 404

 383 404 389

 384 382 405

 384 405 391

 400 406 407

 408 397 409

 402 398 410

 402 410 411

 403 400 407

 403 407 412

 404 402 411

 404 411 413

 405 403 412

 405 412 414

 389 404 413

 389 413 415

 391 405 414

 391 414 416

 390 389 415

 390 415 417

 392 391 416

 392 416 418

 393 390 417

 393 417 419

 394 392 418

 394 418 420

 395 393 419

 395 419 421

 396 394 420

 396 420 422

 397 395 421

 397 421 409

 398 396 422

 398 422 410

 423 424 425

 423 425 426

 427 428 429

 427 429 430

 431 423 426

 431 426 432

 433 427 430

 433 430 434

 435 431 432

 435 432 436

 437 433 434

 437 434 438

 439 435 436

 439 436 440

 441 442 443

 444 437 438

 445 439 440

 445 440 446

 447 441 443

 447 443 448

 449 445 446

 449 446 450

 451 447 448

 451 448 452

 453 449 450

 453 450 454

 424 451 452

 424 452 425

 428 453 454

 428 454 429

 446 440 455

 446 455 456

 448 443 457

 448 457 458

 450 446 456

 450 456 459

 452 448 458

 452 458 460

 454 450 459

 454 459 461

 425 452 460

 425 460 462

 429 454 461

 429 461 463

 426 425 462

 426 462 464

 430 429 463

 430 463 465

 432 426 464

 432 464 466

 434 430 465

 434 465 467

 436 432 466

 436 466 468

 438 434 467

 438 467 469

 440 436 468

 440 468 455

 443 470 457

 471 438 469

 465 463 472

 465 472 473

 466 464 474

 466 474 475

 467 465 473

 467 473 476

 468 466 475

 468 475 477

 469 467 476

 469 476 478

 455 468 477

 455 477 479

 457 480 481

 482 469 478

 456 455 479

 456 479 483

 458 457 481

 458 481 484

 459 456 483

 459 483 485

 460 458 484

 460 484 486

 461 459 485

 461 485 487

 462 460 486

 462 486 488

 463 461 487

 463 487 472

 464 462 488

 464 488 474

 484 481 489

 484 489 490

 485 483 491

 485 491 492

 486 484 490

 486 490 493

 487 485 492

 487 492 494

 488 486 493

 488 493 495

 472 487 494

 472 494 496

 474 488 495

 474 495 497

 473 472 496

 473 496 498

 475 474 497

 475 497 499

 476 473 498

 476 498 500

 477 475 499

 477 499 501

 478 476 500

 478 500 502

 479 477 501

 479 501 503

 481 504 489

 505 478 502

 483 479 503

 483 503 491

 499 497 506

 499 506 507

 500 498 508

 500 508 509

 501 499 507

 501 507 510

 502 500 509

 502 509 511

 503 501 510

 503 510 512

 489 513 514

 515 502 511

 491 503 512

 491 512 516

 490 489 514

 490 514 517

 492 491 516

 492 516 518

 493 490 517

 493 517 519

 494 492 518

 494 518 520

 495 493 519

 495 519 521

 496 494 520

 496 520 522

 497 495 521

 497 521 506

 498 496 522

 498 522 508

 518 516 523

 518 523 524

 519 517 525

 519 525 526

 520 518 524

 520 524 527

 521 519 526

 521 526 528

 522 520 527

 522 527 529

 506 521 528

 506 528 530

 508 522 529

 508 529 531

 507 506 530

 507 530 532

 509 508 531

 509 531 533

 510 507 532

 510 532 534

 511 509 533

 511 533 535

 512 510 534

 512 534 536

 514 537 538

 539 511 535

 516 512 536

 516 536 523

 517 514 538

 517 538 525

 533 531 540

 533 540 541

 534 532 542

 534 542 543

 535 533 541

 535 541 544

 536 534 543

 536 543 545

 538 546 547

 548 535 544

 523 536 545

 523 545 549

 525 538 547

 525 547 550

 524 523 549

 524 549 551

 526 525 550

 526 550 552

 527 524 551

 527 551 553

 528 526 552

 528 552 554

 529 527 553

 529 553 555

 530 528 554

 530 554 556

 531 529 555

 531 555 540

 532 530 556

 532 556 542

 553 551 5

 553 5 4

 554 552 0

 554 0 8

 555 553 4

 555 4 10

 556 554 8

 556 8 12

 540 555 10

 540 10 14

 542 556 12

 542 12 16

 541 540 14

 541 14 18

 543 542 16

 543 16 20

 544 541 18

 544 18 22

 545 543 20

 545 20 24

 547 557 26

 558 544 22

 549 545 24

 549 24 30

 550 547 26

 550 26 1

 551 549 30

 551 30 5

 552 550 1

 552 1 0

palette:

 255 255 255 255

color:

 0 0 0

 0 0 0

 0 0 0

 0 0 0

 0 0 0

 0 0 0

 0 0 0

 0 0 0

 0 0 0

 0 0 0

 0 0 0

 0 0 0

 0 0 0

 0 0 0

 0 0 0

 0 0 0

 0 0 0

 0 0 0

 0 0 0

 0 0 0

 0 0 0

 0 0 0

 0 0 0

 0 0 0

 0 0 0

 0 0 0

 0 0 0

 0 0 0

 0 0 0

 0 0 0

 0 0 0

 0 0 0

 0 0 0

 0 0 0

 0 0 0

 0 0 0

 0 0 0

 0 0 0

 0 0 0

 0 0 0

 0 0 0

 0 0 0

 0 0 0

 0 0 0

 0 0 0

 0 0 0

 0 0 0

 0 0 0

 0 0 0

 0 0 0

 0 0 0

 0 0 0

 0 0 0

 0 0 0

 0 0 0

 0 0 0

 0 0 0

 0 0 0

 0 0 0

 0 0 0

 0 0 0

 0 0 0

 0 0 0

 0 0 0

 0 0 0

 0 0 0

 0 0 0

 0 0 0

 0 0 0

 0 0 0

 0 0 0

 0 0 0

 0 0 0

 0 0 0

 0 0 0

 0 0 0

 0 0 0

 0 0 0

 0 0 0

 0 0 0

 0 0 0

 0 0 0

 0 0 0

 0 0 0

 0 0 0

 0 0 0

 0 0 0

 0 0 0

 0 0 0

 0 0 0

 0 0 0

 0 0 0

 0 0 0

 0 0 0

 0 0 0

 0 0 0

 0 0 0

 0 0 0

 0 0 0

 0 0 0

 0 0 0

 0 0 0

 0 0 0

 0 0 0

 0 0 0

 0 0 0

 0 0 0

 0 0 0

 0 0 0

 0 0 0

 0 0 0

 0 0 0

 0 0 0

 0 0 0

 0 0 0

 0 0 0

 0 0 0

 0 0 0

 0 0 0

 0 0 0

 0 0 0

 0 0 0

 0 0 0

 0 0 0

 0 0 0

 0 0 0

 0 0 0

 0 0 0

 0 0 0

 0 0 0

 0 0 0

 0 0 0

 0 0 0

 0 0 0

 0 0 0

 0 0 0

 0 0 0

 0 0 0

 0 0 0

 0 0 0

 0 0 0

 0 0 0

 0 0 0

 0 0 0

 0 0 0

 0 0 0

 0 0 0

 0 0 0

 0 0 0

 0 0 0

 0 0 0

 0 0 0

 0 0 0

 0 0 0

 0 0 0

 0 0 0

 0 0 0

 0 0 0

 0 0 0

 0 0 0

 0 0 0

 0 0 0

 0 0 0

 0 0 0

 0 0 0

 0 0 0

 0 0 0

 0 0 0

 0 0 0

 0 0 0

 0 0 0

 0 0 0

 0 0 0

 0 0 0

 0 0 0

 0 0 0

 0 0 0

 0 0 0

 0 0 0

 0 0 0

 0 0 0

 0 0 0

 0 0 0

 0 0 0

 0 0 0

 0 0 0

 0 0 0

 0 0 0

 0 0 0

 0 0 0

 0 0 0

 0 0 0

 0 0 0

 0 0 0

 0 0 0

 0 0 0

 0 0 0

 0 0 0

 0 0 0

 0 0 0

 0 0 0

 0 0 0

 0 0 0

 0 0 0

 0 0 0

 0 0 0

 0 0 0

 0 0 0

 0 0 0

 0 0 0

 0 0 0

 0 0 0

 0 0 0

 0 0 0

 0 0 0

 0 0 0

 0 0 0

 0 0 0

 0 0 0

 0 0 0

 0 0 0

 0 0 0

 0 0 0

 0 0 0

 0 0 0

 0 0 0

 0 0 0

 0 0 0

 0 0 0

 0 0 0

 0 0 0

 0 0 0

 0 0 0

 0 0 0

 0 0 0

 0 0 0

 0 0 0

 0 0 0

 0 0 0

 0 0 0

 0 0 0

 0 0 0

 0 0 0

 0 0 0

 0 0 0

 0 0 0

 0 0 0

 0 0 0

 0 0 0

 0 0 0

 0 0 0

 0 0 0

 0 0 0

 0 0 0

 0 0 0

 0 0 0

 0 0 0

 0 0 0

 0 0 0

 0 0 0

 0 0 0

 0 0 0

 0 0 0

 0 0 0

 0 0 0

 0 0 0

 0 0 0

 0 0 0

 0 0 0

 0 0 0

 0 0 0

 0 0 0

 0 0 0

 0 0 0

 0 0 0

 0 0 0

 0 0 0

 0 0 0

 0 0 0

 0 0 0

 0 0 0

 0 0 0

 0 0 0

 0 0 0

 0 0 0

 0 0 0

 0 0 0

 0 0 0

 0 0 0

 0 0 0

 0 0 0

 0 0 0

 0 0 0

 0 0 0

 0 0 0

 0 0 0

 0 0 0

 0 0 0

 0 0 0

 0 0 0

 0 0 0

 0 0 0

 0 0 0

 0 0 0

 0 0 0

 0 0 0

 0 0 0

 0 0 0

 0 0 0

 0 0 0

 0 0 0

 0 0 0

 0 0 0

 0 0 0

 0 0 0

 0 0 0

 0 0 0

 0 0 0

 0 0 0

 0 0 0

 0 0 0

 0 0 0

 0 0 0

 0 0 0

 0 0 0

 0 0 0

 0 0 0

 0 0 0

 0 0 0

 0 0 0

 0 0 0

 0 0 0

 0 0 0

 0 0 0

 0 0 0

 0 0 0

 0 0 0

 0 0 0

 0 0 0

 0 0 0

 0 0 0

 0 0 0

 0 0 0

 0 0 0

 0 0 0

 0 0 0

 0 0 0

 0 0 0

 0 0 0

 0 0 0

 0 0 0

 0 0 0

 0 0 0

 0 0 0

 0 0 0

 0 0 0

 0 0 0

 0 0 0

 0 0 0

 0 0 0

 0 0 0

 0 0 0

 0 0 0

 0 0 0

 0 0 0

 0 0 0

 0 0 0

 0 0 0

 0 0 0

 0 0 0

 0 0 0

 0 0 0

 0 0 0

 0 0 0

 0 0 0

 0 0 0

 0 0 0

 0 0 0

 0 0 0

 0 0 0

 0 0 0

 0 0 0

 0 0 0

 0 0 0

 0 0 0

 0 0 0

 0 0 0

 0 0 0

 0 0 0

 0 0 0

 0 0 0

 0 0 0

 0 0 0

 0 0 0

 0 0 0

 0 0 0

 0 0 0

 0 0 0

 0 0 0

 0 0 0

 0 0 0

 0 0 0

 0 0 0

 0 0 0

 0 0 0

 0 0 0

 0 0 0

 0 0 0

 0 0 0

 0 0 0

 0 0 0

 0 0 0

 0 0 0

 0 0 0

 0 0 0

 0 0 0

 0 0 0

 0 0 0

 0 0 0

 0 0 0

 0 0 0

 0 0 0

 0 0 0

 0 0 0

 0 0 0

 0 0 0

 0 0 0

 0 0 0

 0 0 0

 0 0 0

 0 0 0

 0 0 0

 0 0 0

 0 0 0

 0 0 0

 0 0 0

 0 0 0

 0 0 0

 0 0 0

 0 0 0

 0 0 0

 0 0 0

 0 0 0

 0 0 0

 0 0 0

 0 0 0

 0 0 0

 0 0 0

 0 0 0

 0 0 0

 0 0 0

 0 0 0

 0 0 0

 0 0 0

 0 0 0

 0 0 0

 0 0 0

 0 0 0

 0 0 0

 0 0 0

 0 0 0

 0 0 0

 0 0 0

 0 0 0

 0 0 0

 0 0 0

 0 0 0

 0 0 0

 0 0 0

 0 0 0

 0 0 0

 0 0 0

 0 0 0

 0 0 0

 0 0 0

 0 0 0

 0 0 0

 0 0 0

 0 0 0

 0 0 0

 0 0 0

 0 0 0

 0 0 0

 0 0 0

 0 0 0

 0 0 0

 0 0 0

 0 0 0

 0 0 0

 0 0 0

 0 0 0

 0 0 0

 0 0 0

 0 0 0

 0 0 0

 0 0 0

 0 0 0

 0 0 0

 0 0 0

 0 0 0

 0 0 0

 0 0 0

 0 0 0

 0 0 0

 0 0 0

 0 0 0

 0 0 0

 0 0 0

 0 0 0

 0 0 0

 0 0 0

 0 0 0

 0 0 0

 0 0 0

 0 0 0

 0 0 0

 0 0 0

 0 0 0

 0 0 0

 0 0 0

 0 0 0

 0 0 0

 0 0 0

 0 0 0

 0 0 0

 0 0 0

 0 0 0

 0 0 0

 0 0 0

 0 0 0

 0 0 0

 0 0 0

 0 0 0

 0 0 0

 0 0 0

 0 0 0

 0 0 0

 0 0 0

 0 0 0

 0 0 0

 0 0 0

 0 0 0

 0 0 0

 0 0 0

 0 0 0

 0 0 0

 0 0 0

 0 0 0

 0 0 0

 0 0 0

 0 0 0

 0 0 0

 0 0 0

 0 0 0

 0 0 0

 0 0 0

 0 0 0

 0 0 0

 0 0 0

 0 0 0

 0 0 0

 0 0 0

 0 0 0

 0 0 0

 0 0 0

 0 0 0

 0 0 0

 0 0 0

 0 0 0

 0 0 0

 0 0 0

 0 0 0

 0 0 0

 0 0 0

 0 0 0

 0 0 0

 0 0 0

 0 0 0

 0 0 0

 0 0 0

 0 0 0

 0 0 0

 0 0 0

 0 0 0

 0 0 0

 0 0 0

 0 0 0

 0 0 0

 0 0 0

 0 0 0

 0 0 0

 0 0 0

 0 0 0

 0 0 0

 0 0 0

 0 0 0

 0 0 0

 0 0 0

 0 0 0

 0 0 0

 0 0 0

 0 0 0

 0 0 0

 0 0 0

 0 0 0

 0 0 0

 0 0 0

 0 0 0

 0 0 0

 0 0 0

 0 0 0

 0 0 0

 0 0 0

 0 0 0

 0 0 0

 0 0 0

 0 0 0

 0 0 0

 0 0 0

 0 0 0

 0 0 0

 0 0 0

 0 0 0

 0 0 0

 0 0 0

 0 0 0

 0 0 0

 0 0 0

 0 0 0

 0 0 0

 0 0 0

 0 0 0

 0 0 0

 0 0 0

 0 0 0

 0 0 0

 0 0 0

 0 0 0

 0 0 0

 0 0 0

 0 0 0

 0 0 0

 0 0 0

 0 0 0

 0 0 0

 0 0 0

 0 0 0

 0 0 0

 0 0 0

 0 0 0

 0 0 0

 0 0 0

 0 0 0

 0 0 0

 0 0 0

 0 0 0

 0 0 0

 0 0 0

 0 0 0

 0 0 0

 0 0 0

 0 0 0

 0 0 0

 0 0 0

 0 0 0

 0 0 0

 0 0 0

 0 0 0

 0 0 0

 0 0 0

 0 0 0

 0 0 0

 0 0 0

 0 0 0

 0 0 0

 0 0 0

 0 0 0

 0 0 0

 0 0 0

 0 0 0

 0 0 0

 0 0 0

 0 0 0

 0 0 0

 0 0 0

 0 0 0

 0 0 0

 0 0 0

 0 0 0

 0 0 0

 0 0 0

 0 0 0

 0 0 0

 0 0 0

 0 0 0

 0 0 0

 0 0 0

 0 0 0

 0 0 0

 0 0 0

 0 0 0

 0 0 0

 0 0 0

 0 0 0

 0 0 0

 0 0 0

 0 0 0

 0 0 0

 0 0 0

 0 0 0

 0 0 0

 0 0 0

 0 0 0

 0 0 0

 0 0 0

 0 0 0

 0 0 0

 0 0 0

 0 0 0

 0 0 0

 0 0 0

 0 0 0

 0 0 0

 0 0 0

 0 0 0

 0 0 0

 0 0 0

 0 0 0

 0 0 0

 0 0 0

 0 0 0

 0 0 0

 0 0 0

 0 0 0

 0 0 0

 0 0 0

 0 0 0

 0 0 0

 0 0 0

 0 0 0

 0 0 0

 0 0 0

 0 0 0

 0 0 0

 0 0 0

 0 0 0

 0 0 0

 0 0 0

 0 0 0

 0 0 0

 0 0 0

 0 0 0

 0 0 0

 0 0 0

 0 0 0

 0 0 0

 0 0 0

 0 0 0

 0 0 0

 0 0 0

 0 0 0

 0 0 0

 0 0 0

 0 0 0

 0 0 0

 0 0 0

 0 0 0

 0 0 0

 0 0 0

 0 0 0

 0 0 0

 0 0 0

 0 0 0

 0 0 0

 0 0 0

 0 0 0

 0 0 0

 0 0 0

 0 0 0

 0 0 0

 0 0 0

 0 0 0

 0 0 0

 0 0 0

 0 0 0

 0 0 0

 0 0 0

 0 0 0

 0 0 0

 0 0 0

 0 0 0

 0 0 0

 0 0 0

 0 0 0

 0 0 0

 0 0 0

 0 0 0

 0 0 0

 0 0 0

 0 0 0

 0 0 0

 0 0 0

 0 0 0

 0 0 0

 0 0 0

 0 0 0

 0 0 0

 0 0 0

 0 0 0

 0 0 0

 0 0 0

 0 0 0

 0 0 0

 0 0 0

 0 0 0

 0 0 0

 0 0 0

 0 0 0

 0 0 0

 0 0 0

 0 0 0

 0 0 0

 0 0 0

 0 0 0

 0 0 0

 0 0 0

 0 0 0

 0 0 0

 0 0 0

 0 0 0

 0 0 0

 0 0 0

 0 0 0

 0 0 0

 0 0 0

 0 0 0

 0 0 0

 0 0 0

 0 0 0

 0 0 0

 0 0 0

 0 0 0

 0 0 0

 0 0 0

 0 0 0

 0 0 0

 0 0 0

 0 0 0

 0 0 0

 0 0 0

 0 0 0

 0 0 0

 0 0 0

 0 0 0

 0 0 0

 0 0 0

 0 0 0

 0 0 0

 0 0 0

 0 0 0

 0 0 0

 0 0 0

 0 0 0

 0 0 0

 0 0 0

 0 0 0

 0 0 0

 0 0 0

 0 0 0

 0 0 0

 0 0 0

 0 0 0

 0 0 0

 0 0 0

 0 0 0

 0 0 0

 0 0 0

 0 0 0

 0 0 0

 0 0 0

 0 0 0

 0 0 0

 0 0 0

 0 0 0

 0 0 0

 0 0 0

 0 0 0

 0 0 0

 0 0 0

 0 0 0

 0 0 0

 0 0 0

 0 0 0

 0 0 0

 0 0 0

 0 0 0

 0 0 0

 0 0 0

 0 0 0

 0 0 0

 0 0 0

 0 0 0

 0 0 0

 0 0 0

 0 0 0

 0 0 0

 0 0 0

 0 0 0

 0 0 0

 0 0 0

 0 0 0

 0 0 0

 0 0 0

 0 0 0

 0 0 0

 0 0 0

 0 0 0

 0 0 0

 0 0 0

 0 0 0

 0 0 0

 0 0 0

 0 0 0

 0 0 0

 0 0 0

 0 0 0

 0 0 0

 0 0 0

 0 0 0

 0 0 0

 0 0 0

 0 0 0

 0 0 0

 0 0 0

 0 0 0

 0 0 0

 0 0 0

 0 0 0

 0 0 0

 0 0 0

 0 0 0

 0 0 0

 0 0 0

 0 0 0

 0 0 0

 0 0 0

 0 0 0

 0 0 0

 0 0 0

 0 0 0

 0 0 0

 0 0 0

 0 0 0

 0 0 0

 0 0 0

 0 0 0

 0 0 0

 0 0 0

 0 0 0

 0 0 0

