vectors:

 0.000000 -0.000000 -0.250000

 0.000000 -0.000000 0.250000

 0.500000 -0.000000 -0.250000

 0.500000 -0.000000 0.250000

 0.809017 -0.587785 -0.250000

 0.809017 -0.587785 0.250000

 0.154509 -0.475528 -0.250000

 0.154509 -0.475528 0.250000

 -0.309017 -0.951057 -0.250000

 -0.309017 -0.951057 0.250000

 -0.404509 -0.293893 -0.250000

 -0.404509 -0.293893 0.250000

 -1.000000 -0.000000 -0.250000

 -1.000000 -0.000000 0.250000

 -0.404509 0.293892 -0.250000

 -0.404509 0.293893 0.250000

 -0.309017 0.951056 -0.250000

 -0.309017 0.951056 0.250000

 0.154509 0.475528 -0.250000

 0.154509 0.475528 0.250000

 0.809017 0.587786 -0.250000

 0.809017 0.587786 0.250000

tris:

 2 0 20

 0 2 4

 0 4 6

 0 6 8

 0 8 10

 0 10 12

 0 12 14

 0 14 16

 0 16 18

 0 18 20

 3 2 20

 3 20 21

 2 3 5

 2 5 4

 4 5 7

 4 7 6

 6 7 9

 6 9 8

 8 9 11

 8 11 10

 10 11 13

 10 13 12

 12 13 15

 12 15 14

 14 15 17

 14 17 16

 16 17 19

 16 19 18

 18 19 21

 18 21 20

 1 3 21

 3 1 5

 5 1 7

 7 1 9

 9 1 11

 11 1 13

 13 1 15

 15 1 17

 17 1 19

 19 1 21

vector2s:

uv:

 0 0 0

 0 0 0

 0 0 0

 0 0 0

 0 0 0

 0 0 0

 0 0 0

 0 0 0

 0 0 0

 0 0 0

 0 0 0

 0 0 0

 0 0 0

 0 0 0

 0 0 0

 0 0 0

 0 0 0

 0 0 0

 0 0 0

 0 0 0

 0 0 0

 0 0 0

 0 0 0

 0 0 0

 0 0 0

 0 0 0

 0 0 0

 0 0 0

 0 0 0

 0 0 0

 0 0 0

 0 0 0

 0 0 0

 0 0 0

 0 0 0

 0 0 0

 0 0 0

 0 0 0

 0 0 0

 0 0 0

palette:

 255 255 255 255

color:

 0 0 0

 0 0 0

 0 0 0

 0 0 0

 0 0 0

 0 0 0

 0 0 0

 0 0 0

 0 0 0

 0 0 0

 0 0 0

 0 0 0

 0 0 0

 0 0 0

 0 0 0

 0 0 0

 0 0 0

 0 0 0

 0 0 0

 0 0 0

 0 0 0

 0 0 0

 0 0 0

 0 0 0

 0 0 0

 0 0 0

 0 0 0

 0 0 0

 0 0 0

 0 0 0

 0 0 0

 0 0 0

 0 0 0

 0 0 0

 0 0 0

 0 0 0

 0 0 0

 0 0 0

 0 0 0

 0 0 0

