vectors:

 -1.000000 1.000000 -1.000000

 -1.000000 -1.604993 -1.000000

 -1.000000 1.000000 1.000000

 -1.000000 -1.604993 1.000000

 1.000000 1.000000 -1.000000

 1.000000 -1.604993 -1.000000

 1.000000 1.000000 1.000000

 1.000000 -1.604993 1.000000

 -1.383869 -0.000000 -1.383869

 -1.383869 -0.000000 1.383869

 1.383869 -0.000000 1.383869

 1.383869 -0.000000 -1.383869

 -0.682328 -0.500000 -0.682328

 -0.682328 -0.500000 0.682328

 0.682328 -0.500000 0.682328

 0.682328 -0.500000 -0.682328

 -0.386565 -5.497722 0.643398

 -0.386565 -5.497722 1.847590

 0.817627 -5.497722 1.847590

 0.817627 -5.497722 0.643398

tris:

 12 1 3

 12 3 13

 13 3 7

 13 7 14

 14 7 5

 14 5 15

 15 5 1

 15 1 12

 2 6 4

 2 4 0

 5 7 18

 5 18 19

 4 11 8

 4 8 0

 6 10 11

 6 11 4

 2 9 10

 2 10 6

 0 8 9

 0 9 2

 11 15 12

 11 12 8

 10 14 15

 10 15 11

 9 13 14

 9 14 10

 8 12 13

 8 13 9

 18 17 16

 18 16 19

 3 1 16

 3 16 17

 1 5 19

 1 19 16

 7 3 17

 7 17 18

vector2s:

 0.362767 0.322636

 0.397131 0.322636

 0.397131 0.460091

 0.362767 0.460091

 0.259677 0.322636

 0.259677 0.460091

 0.328404 0.322636

 0.328404 0.460091

uv:

 0 1 2

 0 2 3

 0 1 2

 0 2 3

 0 1 2

 0 2 3

 0 1 2

 0 2 3

 4 1 2

 4 2 5

 2 1 1

 2 1 2

 4 6 7

 4 7 5

 4 6 7

 4 7 5

 4 6 7

 4 7 5

 4 6 7

 4 7 5

 6 0 3

 6 3 7

 6 0 3

 6 3 7

 6 0 3

 6 3 7

 6 0 3

 6 3 7

 4 1 2

 4 2 5

 2 1 1

 2 1 2

 2 1 1

 2 1 2

 2 1 1

 2 1 2

palette:

 255 255 255 255

color:

 0 0 0

 0 0 0

 0 0 0

 0 0 0

 0 0 0

 0 0 0

 0 0 0

 0 0 0

 0 0 0

 0 0 0

 0 0 0

 0 0 0

 0 0 0

 0 0 0

 0 0 0

 0 0 0

 0 0 0

 0 0 0

 0 0 0

 0 0 0

 0 0 0

 0 0 0

 0 0 0

 0 0 0

 0 0 0

 0 0 0

 0 0 0

 0 0 0

 0 0 0

 0 0 0

 0 0 0

 0 0 0

 0 0 0

 0 0 0

 0 0 0

 0 0 0

