vectors:

 3.215000 -0.000000 0.111000

 3.206887 -0.000000 0.110450

 3.199097 -0.000000 0.108847

 3.191703 -0.000000 0.106266

 3.184778 -0.000000 0.102778

 3.178394 -0.000000 0.098457

 3.172625 -0.000000 0.093375

 3.167543 -0.000000 0.087606

 3.163222 -0.000000 0.081222

 3.159734 -0.000000 0.074297

 3.157153 -0.000000 0.066903

 3.155550 -0.000000 0.059113

 3.155000 -0.000000 0.051000

 3.155550 -0.000000 0.042887

 3.157153 -0.000000 0.035097

 3.159734 -0.000000 0.027703

 3.163222 -0.000000 0.020778

 3.167543 -0.000000 0.014394

 3.172625 -0.000000 0.008625

 3.178394 -0.000000 0.003543

 3.184777 -0.000000 -0.000778

 3.191703 -0.000000 -0.004266

 3.199097 -0.000000 -0.006847

 3.206887 -0.000000 -0.008450

 3.215000 -0.000000 -0.009000

 3.223113 -0.000000 -0.008450

 3.230903 -0.000000 -0.006847

 3.238297 -0.000000 -0.004266

 3.245222 -0.000000 -0.000778

 3.251606 -0.000000 0.003543

 3.257375 -0.000000 0.008625

 3.262456 -0.000000 0.014394

 3.266778 -0.000000 0.020778

 3.270265 -0.000000 0.027703

 3.272847 -0.000000 0.035097

 3.274449 -0.000000 0.042887

 3.275000 -0.000000 0.051000

 3.274450 -0.000000 0.059113

 3.272847 -0.000000 0.066903

 3.270266 -0.000000 0.074297

 3.266778 -0.000000 0.081222

 3.262457 -0.000000 0.087606

 3.257375 -0.000000 0.093375

 3.251606 -0.000000 0.098457

 3.245223 -0.000000 0.102778

 3.238297 -0.000000 0.106266

 3.230903 -0.000000 0.108847

 3.223113 -0.000000 0.110450

 3.158000 -0.000000 0.543000

 3.158042 -0.000000 0.532167

 3.158167 -0.000000 0.521671

 3.158375 -0.000000 0.511516

 3.158667 -0.000000 0.501704

 3.159042 -0.000000 0.492239

 3.159500 -0.000000 0.483125

 3.160042 -0.000000 0.474365

 3.160666 -0.000000 0.465963

 3.161375 -0.000000 0.457922

 3.162166 -0.000000 0.450245

 3.163041 -0.000000 0.442937

 3.164000 -0.000000 0.436000

 3.189000 -0.000000 0.264000

 3.190504 -0.000000 0.253517

 3.192032 -0.000000 0.244056

 3.193609 -0.000000 0.235594

 3.195259 -0.000000 0.228111

 3.197006 -0.000000 0.221587

 3.198875 -0.000000 0.216000

 3.200889 -0.000000 0.211330

 3.203074 -0.000000 0.207556

 3.205453 -0.000000 0.204656

 3.208050 -0.000000 0.202611

 3.210891 -0.000000 0.201399

 3.214000 -0.000000 0.201000

 3.217108 -0.000000 0.201399

 3.219949 -0.000000 0.202611

 3.222547 -0.000000 0.204656

 3.224926 -0.000000 0.207556

 3.227110 -0.000000 0.211330

 3.229125 -0.000000 0.216000

 3.230994 -0.000000 0.221587

 3.232741 -0.000000 0.228111

 3.234390 -0.000000 0.235594

 3.235967 -0.000000 0.244056

 3.237496 -0.000000 0.253517

 3.239000 -0.000000 0.264000

 3.264000 -0.000000 0.436000

 3.264958 -0.000000 0.442937

 3.265833 -0.000000 0.450245

 3.266625 -0.000000 0.457922

 3.267334 -0.000000 0.465963

 3.267958 -0.000000 0.474365

 3.268500 -0.000000 0.483125

 3.268958 -0.000000 0.492239

 3.269333 -0.000000 0.501704

 3.269625 -0.000000 0.511516

 3.269833 -0.000000 0.521671

 3.269958 -0.000000 0.532167

 3.270000 -0.000000 0.543000

 3.269624 -0.000000 0.566709

 3.268491 -0.000000 0.588338

 3.266593 -0.000000 0.607891

 3.263926 -0.000000 0.625370

 3.260480 -0.000000 0.640781

 3.256250 -0.000000 0.654125

 3.251228 -0.000000 0.665407

 3.245407 -0.000000 0.674630

 3.238781 -0.000000 0.681797

 3.231342 -0.000000 0.686912

 3.223084 -0.000000 0.689979

 3.214000 -0.000000 0.691000

 3.204916 -0.000000 0.689979

 3.196657 -0.000000 0.686912

 3.189219 -0.000000 0.681797

 3.182593 -0.000000 0.674630

 3.176772 -0.000000 0.665407

 3.171750 -0.000000 0.654125

 3.167520 -0.000000 0.640781

 3.164074 -0.000000 0.625370

 3.161406 -0.000000 0.607891

 3.159509 -0.000000 0.588338

 3.158376 -0.000000 0.566709

 2.913000 -0.000000 0.542000

 2.746000 -0.000000 0.379000

 2.746000 -0.000000 0.369000

 2.824000 -0.000000 0.369000

 2.824000 -0.000000 0.132000

 2.825020 -0.000000 0.112210

 2.828079 -0.000000 0.093431

 2.833172 -0.000000 0.075797

 2.840296 -0.000000 0.059444

 2.849448 -0.000000 0.044509

 2.860625 -0.000000 0.031125

 2.873822 -0.000000 0.019429

 2.889037 -0.000000 0.009556

 2.906266 -0.000000 0.001641

 2.925505 -0.000000 -0.004181

 2.946751 -0.000000 -0.007773

 2.970000 -0.000000 -0.009000

 2.977625 -0.000000 -0.008734

 2.985917 -0.000000 -0.007958

 2.994750 -0.000000 -0.006703

 3.004000 -0.000000 -0.005000

 3.013542 -0.000000 -0.002880

 3.023250 -0.000000 -0.000375

 3.033000 -0.000000 0.002484

 3.042667 -0.000000 0.005667

 3.052125 -0.000000 0.009141

 3.061250 -0.000000 0.012875

 3.069917 -0.000000 0.016839

 3.078000 -0.000000 0.021000

 3.078000 -0.000000 0.104000

 3.069062 -0.000000 0.098729

 3.060241 -0.000000 0.093917

 3.051532 -0.000000 0.089563

 3.042926 -0.000000 0.085667

 3.034418 -0.000000 0.082229

 3.026000 -0.000000 0.079250

 3.017666 -0.000000 0.076729

 3.009408 -0.000000 0.074667

 3.001219 -0.000000 0.073063

 2.993093 -0.000000 0.071917

 2.985022 -0.000000 0.071229

 2.977000 -0.000000 0.071000

 2.970279 -0.000000 0.071326

 2.963232 -0.000000 0.072356

 2.956031 -0.000000 0.074172

 2.948852 -0.000000 0.076852

 2.941867 -0.000000 0.080476

 2.935250 -0.000000 0.085125

 2.929175 -0.000000 0.090878

 2.923815 -0.000000 0.097815

 2.919344 -0.000000 0.106016

 2.915935 -0.000000 0.115560

 2.913763 -0.000000 0.126528

 2.913000 -0.000000 0.139000

 2.913000 -0.000000 0.369000

 3.055000 -0.000000 0.369000

 3.055000 -0.000000 0.449000

 2.913000 -0.000000 0.449000

 2.733000 -0.000000 0.449000

 2.619000 -0.000000 0.449000

 2.491000 -0.000000 0.295000

 2.358000 -0.000000 0.449000

 2.246000 -0.000000 0.449000

 2.435000 -0.000000 0.228000

 2.246000 -0.000000 0.000000

 2.358000 -0.000000 0.000000

 2.491000 -0.000000 0.161000

 2.632000 -0.000000 0.000000

 2.746000 -0.000000 0.000000

 2.548000 -0.000000 0.228000

 2.205000 -0.000000 0.130000

 2.192019 -0.000000 0.121795

 2.179065 -0.000000 0.114194

 2.166125 -0.000000 0.107219

 2.153185 -0.000000 0.100889

 2.140231 -0.000000 0.095226

 2.127250 -0.000000 0.090250

 2.114227 -0.000000 0.085983

 2.101148 -0.000000 0.082444

 2.088000 -0.000000 0.079656

 2.074768 -0.000000 0.077639

 2.061440 -0.000000 0.076413

 2.048000 -0.000000 0.076000

 2.027230 -0.000000 0.076957

 2.007926 -0.000000 0.079819

 1.990094 -0.000000 0.084578

 1.973741 -0.000000 0.091222

 1.958874 -0.000000 0.099741

 1.945500 -0.000000 0.110125

 1.933626 -0.000000 0.122363

 1.923259 -0.000000 0.136444

 1.914406 -0.000000 0.152359

 1.907074 -0.000000 0.170097

 1.901270 -0.000000 0.189648

 1.897000 -0.000000 0.211000

 2.213000 -0.000000 0.211000

 2.211436 -0.000000 0.250731

 2.206820 -0.000000 0.286935

 2.199266 -0.000000 0.319625

 2.188889 -0.000000 0.348815

 2.175804 -0.000000 0.374519

 2.160125 -0.000000 0.396750

 2.141967 -0.000000 0.415523

 2.121444 -0.000000 0.430852

 2.098672 -0.000000 0.442750

 2.073764 -0.000000 0.451232

 2.046835 -0.000000 0.456310

 2.018000 -0.000000 0.458000

 1.987819 -0.000000 0.456111

 1.959389 -0.000000 0.450556

 1.932875 -0.000000 0.441500

 1.908444 -0.000000 0.429111

 1.886264 -0.000000 0.413556

 1.866500 -0.000000 0.395000

 1.849319 -0.000000 0.373611

 1.834889 -0.000000 0.349556

 1.823375 -0.000000 0.323000

 1.814944 -0.000000 0.294111

 1.809764 -0.000000 0.263056

 1.808000 -0.000000 0.230000

 1.809616 -0.000000 0.199249

 1.814426 -0.000000 0.169241

 1.822375 -0.000000 0.140344

 1.833408 -0.000000 0.112926

 1.847468 -0.000000 0.087355

 1.864500 -0.000000 0.064000

 1.884449 -0.000000 0.043228

 1.907259 -0.000000 0.025407

 1.932875 -0.000000 0.010906

 1.961241 -0.000000 0.000093

 1.992301 -0.000000 -0.006665

 2.026000 -0.000000 -0.009000

 2.044456 -0.000000 -0.008645

 2.061898 -0.000000 -0.007574

 2.078438 -0.000000 -0.005781

 2.094185 -0.000000 -0.003259

 2.109252 -0.000000 -0.000001

 2.123750 -0.000000 0.004000

 2.137789 -0.000000 0.008751

 2.151482 -0.000000 0.014259

 2.164938 -0.000000 0.020531

 2.178269 -0.000000 0.027574

 2.191586 -0.000000 0.035395

 2.205000 -0.000000 0.044000

 1.899000 -0.000000 0.270000

 1.902603 -0.000000 0.287099

 1.907407 -0.000000 0.302875

 1.913406 -0.000000 0.317297

 1.920592 -0.000000 0.330333

 1.928959 -0.000000 0.341953

 1.938500 -0.000000 0.352125

 1.949207 -0.000000 0.360818

 1.961074 -0.000000 0.368000

 1.974094 -0.000000 0.373641

 1.988259 -0.000000 0.377708

 2.003564 -0.000000 0.380172

 2.020000 -0.000000 0.381000

 2.035243 -0.000000 0.380115

 2.049444 -0.000000 0.377500

 2.062562 -0.000000 0.373219

 2.074556 -0.000000 0.367333

 2.085382 -0.000000 0.359906

 2.095000 -0.000000 0.351000

 2.103368 -0.000000 0.340677

 2.110445 -0.000000 0.329000

 2.116188 -0.000000 0.316031

 2.120556 -0.000000 0.301833

 2.123507 -0.000000 0.286469

 2.125000 -0.000000 0.270000

 1.601000 -0.000000 0.542000

 1.434000 -0.000000 0.379000

 1.434000 -0.000000 0.369000

 1.512000 -0.000000 0.369000

 1.512000 -0.000000 0.132000

 1.513020 -0.000000 0.112210

 1.516079 -0.000000 0.093431

 1.521172 -0.000000 0.075797

 1.528296 -0.000000 0.059444

 1.537449 -0.000000 0.044509

 1.548625 -0.000000 0.031125

 1.561822 -0.000000 0.019429

 1.577037 -0.000000 0.009556

 1.594266 -0.000000 0.001641

 1.613505 -0.000000 -0.004181

 1.634750 -0.000000 -0.007773

 1.658000 -0.000000 -0.009000

 1.665625 -0.000000 -0.008734

 1.673917 -0.000000 -0.007958

 1.682750 -0.000000 -0.006703

 1.692000 -0.000000 -0.005000

 1.701542 -0.000000 -0.002880

 1.711250 -0.000000 -0.000375

 1.721000 -0.000000 0.002484

 1.730667 -0.000000 0.005667

 1.740125 -0.000000 0.009141

 1.749250 -0.000000 0.012875

 1.757917 -0.000000 0.016839

 1.766000 -0.000000 0.021000

 1.766000 -0.000000 0.104000

 1.757061 -0.000000 0.098729

 1.748241 -0.000000 0.093917

 1.739531 -0.000000 0.089563

 1.730926 -0.000000 0.085667

 1.722418 -0.000000 0.082229

 1.714000 -0.000000 0.079250

 1.705665 -0.000000 0.076729

 1.697407 -0.000000 0.074667

 1.689219 -0.000000 0.073063

 1.681092 -0.000000 0.071917

 1.673022 -0.000000 0.071229

 1.665000 -0.000000 0.071000

 1.658279 -0.000000 0.071326

 1.651232 -0.000000 0.072356

 1.644031 -0.000000 0.074172

 1.636852 -0.000000 0.076852

 1.629867 -0.000000 0.080476

 1.623250 -0.000000 0.085125

 1.617175 -0.000000 0.090878

 1.611815 -0.000000 0.097815

 1.607344 -0.000000 0.106016

 1.603935 -0.000000 0.115560

 1.601763 -0.000000 0.126528

 1.601000 -0.000000 0.139000

 1.601000 -0.000000 0.369000

 1.743000 -0.000000 0.369000

 1.743000 -0.000000 0.449000

 1.601000 -0.000000 0.449000

 1.095000 -0.000000 0.421000

 1.083332 -0.000000 0.426980

 1.071819 -0.000000 0.432421

 1.060453 -0.000000 0.437328

 1.049222 -0.000000 0.441704

 1.038116 -0.000000 0.445552

 1.027125 -0.000000 0.448875

 1.016238 -0.000000 0.451678

 1.005444 -0.000000 0.453963

 0.994734 -0.000000 0.455734

 0.984097 -0.000000 0.456995

 0.973522 -0.000000 0.457749

 0.963000 -0.000000 0.458000

 0.941182 -0.000000 0.457051

 0.920787 -0.000000 0.454241

 0.901906 -0.000000 0.449625

 0.884630 -0.000000 0.443259

 0.869047 -0.000000 0.435199

 0.855250 -0.000000 0.425500

 0.843328 -0.000000 0.414218

 0.833370 -0.000000 0.401407

 0.825469 -0.000000 0.387125

 0.819713 -0.000000 0.371426

 0.816193 -0.000000 0.354366

 0.815000 -0.000000 0.336000

 0.819132 -0.000000 0.307516

 0.830556 -0.000000 0.282292

 0.847813 -0.000000 0.259922

 0.869445 -0.000000 0.240000

 0.893993 -0.000000 0.222120

 0.920000 -0.000000 0.205875

 0.946007 -0.000000 0.190859

 0.970556 -0.000000 0.176667

 0.992188 -0.000000 0.162891

 1.009444 -0.000000 0.149125

 1.020868 -0.000000 0.134964

 1.025000 -0.000000 0.120000

 1.024389 -0.000000 0.112313

 1.022611 -0.000000 0.105250

 1.019750 -0.000000 0.098812

 1.015889 -0.000000 0.093000

 1.011111 -0.000000 0.087812

 1.005500 -0.000000 0.083250

 0.999139 -0.000000 0.079313

 0.992111 -0.000000 0.076000

 0.984500 -0.000000 0.073313

 0.976389 -0.000000 0.071250

 0.967861 -0.000000 0.069813

 0.959000 -0.000000 0.069000

 0.949653 -0.000000 0.069397

 0.939639 -0.000000 0.070593

 0.929000 -0.000000 0.072594

 0.917778 -0.000000 0.075407

 0.906014 -0.000000 0.079041

 0.893750 -0.000000 0.083500

 0.881028 -0.000000 0.088793

 0.867889 -0.000000 0.094926

 0.854375 -0.000000 0.101906

 0.840528 -0.000000 0.109741

 0.826389 -0.000000 0.118436

 0.812000 -0.000000 0.128000

 0.812000 -0.000000 0.032000

 0.826203 -0.000000 0.024891

 0.839875 -0.000000 0.018546

 0.853109 -0.000000 0.012938

 0.866000 -0.000000 0.008037

 0.878641 -0.000000 0.003817

 0.891125 -0.000000 0.000250

 0.903547 -0.000000 -0.002692

 0.916000 -0.000000 -0.005037

 0.928578 -0.000000 -0.006812

 0.941375 -0.000000 -0.008046

 0.954485 -0.000000 -0.008766

 0.968000 -0.000000 -0.009000

 0.988768 -0.000000 -0.007911

 1.008477 -0.000000 -0.004708

 1.026984 -0.000000 0.000516

 1.044148 -0.000000 0.007667

 1.059826 -0.000000 0.016651

 1.073875 -0.000000 0.027375

 1.086153 -0.000000 0.039745

 1.096518 -0.000000 0.053667

 1.104828 -0.000000 0.069047

 1.110940 -0.000000 0.085792

 1.114711 -0.000000 0.103807

 1.116000 -0.000000 0.123000

 1.115426 -0.000000 0.134207

 1.113657 -0.000000 0.144903

 1.110625 -0.000000 0.155203

 1.106259 -0.000000 0.165222

 1.100491 -0.000000 0.175075

 1.093250 -0.000000 0.184875

 1.084468 -0.000000 0.194738

 1.074074 -0.000000 0.204778

 1.062000 -0.000000 0.215109

 1.048176 -0.000000 0.225847

 1.032532 -0.000000 0.237106

 1.015000 -0.000000 0.249000

 0.996260 -0.000000 0.260052

 0.979495 -0.000000 0.270250

 0.964641 -0.000000 0.279656

 0.951630 -0.000000 0.288333

 0.940397 -0.000000 0.296344

 0.930875 -0.000000 0.303750

 0.923000 -0.000000 0.310615

 0.916704 -0.000000 0.317000

 0.911922 -0.000000 0.322969

 0.908588 -0.000000 0.328583

 0.906636 -0.000000 0.333906

 0.906000 -0.000000 0.339000

 0.906473 -0.000000 0.344848

 0.907870 -0.000000 0.350370

 0.910156 -0.000000 0.355531

 0.913296 -0.000000 0.360296

 0.917256 -0.000000 0.364631

 0.922000 -0.000000 0.368500

 0.927494 -0.000000 0.371869

 0.933704 -0.000000 0.374704

 0.940594 -0.000000 0.376969

 0.948130 -0.000000 0.378630

 0.956277 -0.000000 0.379652

 0.965000 -0.000000 0.380000

 0.973535 -0.000000 0.379705

 0.982616 -0.000000 0.378810

 0.992203 -0.000000 0.377297

 1.002259 -0.000000 0.375148

 1.012746 -0.000000 0.372347

 1.023625 -0.000000 0.368875

 1.034858 -0.000000 0.364716

 1.046408 -0.000000 0.359852

 1.058235 -0.000000 0.354266

 1.070301 -0.000000 0.347940

 1.082569 -0.000000 0.340857

 1.095000 -0.000000 0.333000

 0.656000 -0.000000 0.462000

 0.698000 -0.000000 0.462000

 0.721000 -0.000000 0.599000

 0.721000 -0.000000 0.716000

 0.633000 -0.000000 0.716000

 0.633000 -0.000000 0.599000

 0.417000 -0.000000 0.542000

 0.250000 -0.000000 0.379000

 0.250000 -0.000000 0.369000

 0.328000 -0.000000 0.369000

 0.328000 -0.000000 0.132000

 0.329020 -0.000000 0.112210

 0.332079 -0.000000 0.093431

 0.337172 -0.000000 0.075797

 0.344296 -0.000000 0.059444

 0.353449 -0.000000 0.044509

 0.364625 -0.000000 0.031125

 0.377822 -0.000000 0.019429

 0.393037 -0.000000 0.009556

 0.410266 -0.000000 0.001641

 0.429505 -0.000000 -0.004181

 0.450751 -0.000000 -0.007773

 0.474000 -0.000000 -0.009000

 0.481625 -0.000000 -0.008734

 0.489917 -0.000000 -0.007958

 0.498750 -0.000000 -0.006703

 0.508000 -0.000000 -0.005000

 0.517542 -0.000000 -0.002880

 0.527250 -0.000000 -0.000375

 0.537000 -0.000000 0.002484

 0.546667 -0.000000 0.005667

 0.556125 -0.000000 0.009141

 0.565250 -0.000000 0.012875

 0.573917 -0.000000 0.016839

 0.582000 -0.000000 0.021000

 0.582000 -0.000000 0.104000

 0.573061 -0.000000 0.098729

 0.564241 -0.000000 0.093917

 0.555531 -0.000000 0.089563

 0.546926 -0.000000 0.085667

 0.538418 -0.000000 0.082229

 0.530000 -0.000000 0.079250

 0.521666 -0.000000 0.076729

 0.513407 -0.000000 0.074667

 0.505219 -0.000000 0.073063

 0.497093 -0.000000 0.071917

 0.489022 -0.000000 0.071229

 0.481000 -0.000000 0.071000

 0.474279 -0.000000 0.071326

 0.467232 -0.000000 0.072356

 0.460031 -0.000000 0.074172

 0.452852 -0.000000 0.076852

 0.445867 -0.000000 0.080476

 0.439250 -0.000000 0.085125

 0.433175 -0.000000 0.090878

 0.427815 -0.000000 0.097815

 0.423344 -0.000000 0.106016

 0.419935 -0.000000 0.115560

 0.417763 -0.000000 0.126528

 0.417000 -0.000000 0.139000

 0.417000 -0.000000 0.369000

 0.559000 -0.000000 0.369000

 0.559000 -0.000000 0.449000

 0.417000 -0.000000 0.449000

 0.174000 -0.000000 0.682000

 0.076000 -0.000000 0.682000

 0.076000 -0.000000 0.000000

 0.174000 -0.000000 0.000000

tris:

 111 109 110

 112 109 111

 112 108 109

 113 108 112

 113 107 108

 114 107 113

 114 106 107

 115 106 114

 115 105 106

 116 105 115

 116 104 105

 117 104 116

 117 103 104

 118 103 117

 118 102 103

 119 102 118

 119 101 102

 120 101 119

 120 100 101

 121 100 120

 121 99 100

 48 99 121

 48 98 99

 49 98 48

 49 97 98

 49 96 97

 50 96 49

 50 95 96

 51 95 50

 51 94 95

 52 94 51

 52 93 94

 53 93 52

 53 92 93

 54 92 53

 54 91 92

 55 91 54

 55 90 91

 56 90 55

 56 89 90

 57 89 56

 57 88 89

 58 88 57

 58 87 88

 59 87 58

 59 86 87

 60 86 59

 61 86 60

 61 85 86

 62 85 61

 62 84 85

 63 84 62

 63 83 84

 64 83 63

 64 82 83

 65 82 64

 65 81 82

 66 81 65

 66 80 81

 67 80 66

 67 79 80

 68 79 67

 68 78 79

 69 78 68

 69 77 78

 70 77 69

 70 76 77

 71 76 70

 71 75 76

 72 75 71

 72 74 75

 73 74 72

 1 47 0

 2 47 1

 2 46 47

 3 46 2

 3 45 46

 4 45 3

 4 44 45

 5 44 4

 5 43 44

 6 43 5

 6 42 43

 7 42 6

 7 41 42

 8 41 7

 8 40 41

 9 40 8

 9 39 40

 10 39 9

 10 38 39

 11 38 10

 11 37 38

 11 36 37

 12 36 11

 13 36 12

 13 35 36

 14 35 13

 14 34 35

 15 34 14

 15 33 34

 16 33 15

 16 32 33

 17 32 16

 17 31 32

 18 31 17

 18 30 31

 19 30 18

 19 29 30

 20 29 19

 20 28 29

 21 28 20

 21 27 28

 22 27 21

 22 26 27

 23 26 22

 23 25 26

 24 25 23

 123 179 122

 123 178 179

 123 177 178

 124 177 123

 125 177 124

 126 176 125

 176 177 125

 126 175 176

 126 174 175

 127 174 126

 127 173 174

 127 172 173

 128 172 127

 128 171 172

 152 150 151

 153 150 152

 128 170 171

 154 150 153

 129 170 128

 129 169 170

 155 150 154

 156 150 155

 129 168 169

 157 150 156

 129 167 168

 158 150 157

 129 166 167

 159 150 158

 130 166 129

 160 150 159

 130 165 166

 161 150 160

 130 164 165

 162 150 161

 130 163 164

 163 150 162

 130 150 163

 131 150 130

 132 150 131

 133 150 132

 133 149 150

 134 149 133

 134 148 149

 134 147 148

 135 147 134

 135 146 147

 135 145 146

 135 144 145

 136 144 135

 136 143 144

 136 142 143

 137 142 136

 137 141 142

 137 140 141

 138 140 137

 138 139 140

 185 183 184

 185 182 183

 182 180 181

 182 191 180

 185 191 182

 186 191 185

 186 188 191

 188 190 191

 186 187 188

 189 190 188

 230 228 229

 230 227 228

 231 227 230

 231 226 227

 232 226 231

 232 225 226

 233 225 232

 233 224 225

 234 224 233

 234 223 224

 235 223 234

 235 222 223

 236 278 235

 278 222 235

 236 277 278

 279 222 278

 236 276 277

 280 222 279

 236 275 276

 281 222 280

 281 221 222

 236 274 275

 237 274 236

 282 221 281

 237 273 274

 283 221 282

 237 272 273

 284 221 283

 237 271 272

 285 221 284

 238 271 237

 285 220 221

 238 270 271

 286 220 285

 238 269 270

 287 220 286

 239 269 238

 287 219 220

 239 268 269

 288 219 287

 239 267 268

 289 219 288

 240 267 239

 240 266 267

 289 218 219

 290 218 289

 240 290 266

 240 218 290

 241 218 240

 241 217 218

 242 216 241

 216 217 241

 242 215 216

 243 215 242

 243 214 215

 243 213 214

 244 213 243

 244 212 213

 245 212 244

 245 211 212

 193 265 192

 245 210 211

 194 265 193

 195 265 194

 246 210 245

 246 209 210

 196 265 195

 197 265 196

 246 208 209

 198 265 197

 246 207 208

 199 265 198

 247 207 246

 200 265 199

 247 206 207

 201 265 200

 247 205 206

 202 265 201

 203 265 202

 247 204 205

 204 265 203

 247 265 204

 248 265 247

 248 264 265

 249 264 248

 249 263 264

 249 262 263

 250 262 249

 250 261 262

 250 260 261

 251 260 250

 251 259 260

 251 258 259

 252 258 251

 252 257 258

 252 256 257

 252 255 256

 253 255 252

 253 254 255

 292 348 291

 292 347 348

 292 346 347

 293 346 292

 294 346 293

 295 345 294

 345 346 294

 295 344 345

 295 343 344

 296 343 295

 296 342 343

 296 341 342

 297 341 296

 297 340 341

 321 319 320

 322 319 321

 297 339 340

 323 319 322

 298 339 297

 298 338 339

 324 319 323

 325 319 324

 298 337 338

 326 319 325

 298 336 337

 327 319 326

 298 335 336

 328 319 327

 299 335 298

 329 319 328

 299 334 335

 330 319 329

 299 333 334

 331 319 330

 299 332 333

 332 319 331

 299 319 332

 300 319 299

 301 319 300

 302 319 301

 302 318 319

 303 318 302

 303 317 318

 303 316 317

 304 316 303

 304 315 316

 304 314 315

 304 313 314

 305 313 304

 305 312 313

 305 311 312

 306 311 305

 306 310 311

 306 309 310

 307 309 306

 307 308 309

 362 360 361

 362 359 360

 363 359 362

 363 358 359

 363 357 358

 364 357 363

 364 356 357

 364 355 356

 365 355 364

 365 354 355

 365 353 354

 366 353 365

 366 352 353

 366 351 352

 367 351 366

 367 350 351

 367 349 350

 368 349 367

 368 474 349

 474 475 349

 475 476 349

 476 477 349

 477 478 349

 478 479 349

 479 480 349

 480 481 349

 481 482 349

 369 472 368

 472 473 368

 473 474 368

 370 471 369

 471 472 369

 371 469 370

 469 470 370

 470 471 370

 371 468 469

 371 467 468

 371 466 467

 371 465 466

 371 464 465

 372 464 371

 372 463 464

 372 462 463

 372 461 462

 372 460 461

 373 460 372

 373 459 460

 373 458 459

 373 457 458

 374 457 373

 374 456 457

 374 455 456

 374 454 455

 374 453 454

 374 452 453

 375 452 374

 375 451 452

 375 450 451

 375 449 450

 376 449 375

 376 448 449

 376 447 448

 376 446 447

 377 446 376

 377 445 446

 378 445 377

 378 444 445

 378 443 444

 379 443 378

 379 442 443

 380 442 379

 380 441 442

 380 440 441

 381 440 380

 381 439 440

 382 439 381

 382 438 439

 382 437 438

 383 437 382

 383 436 437

 384 436 383

 384 435 436

 385 435 384

 385 434 435

 410 408 409

 385 433 434

 386 433 385

 410 407 408

 387 433 386

 410 406 407

 388 433 387

 388 432 433

 410 405 406

 389 432 388

 410 404 405

 390 432 389

 410 403 404

 391 432 390

 391 431 432

 410 402 403

 392 431 391

 393 431 392

 410 401 402

 394 431 393

 410 400 401

 395 431 394

 410 399 400

 396 431 395

 410 398 399

 397 431 396

 410 397 398

 397 430 431

 410 430 397

 410 429 430

 410 428 429

 411 428 410

 411 427 428

 412 427 411

 413 427 412

 413 426 427

 414 426 413

 415 426 414

 415 425 426

 416 425 415

 416 424 425

 417 424 416

 418 424 417

 418 423 424

 419 423 418

 420 423 419

 420 422 423

 421 422 420

 488 486 487

 488 485 486

 483 485 488

 483 484 485

 490 546 489

 490 545 546

 490 544 545

 491 544 490

 492 544 491

 493 543 492

 543 544 492

 493 542 543

 493 541 542

 494 541 493

 494 540 541

 494 539 540

 495 539 494

 495 538 539

 519 517 518

 520 517 519

 495 537 538

 521 517 520

 496 537 495

 496 536 537

 522 517 521

 523 517 522

 496 535 536

 524 517 523

 496 534 535

 525 517 524

 496 533 534

 526 517 525

 497 533 496

 527 517 526

 497 532 533

 528 517 527

 497 531 532

 529 517 528

 497 530 531

 530 517 529

 497 517 530

 498 517 497

 499 517 498

 500 517 499

 500 516 517

 501 516 500

 501 515 516

 501 514 515

 502 514 501

 502 513 514

 502 512 513

 502 511 512

 503 511 502

 503 510 511

 503 509 510

 504 509 503

 504 508 509

 504 507 508

 505 507 504

 505 506 507

 549 547 548

 549 550 547

vector2s:

 0.917355 0.000000

 0.900826 0.000000

 0.909091 0.000000

 0.925620 0.000000

 0.892562 0.000000

 0.933884 0.000000

 0.884298 0.000000

 0.942149 0.000000

 0.876033 0.000000

 0.950413 0.000000

 0.867769 0.000000

 0.958678 0.000000

 0.859504 0.000000

 0.966942 0.000000

 0.851240 0.000000

 0.975207 0.000000

 0.842975 0.000000

 0.983471 0.000000

 0.834711 0.000000

 0.991736 0.000000

 0.826446 0.000000

 1.000000 0.000000

 0.818182 0.000000

 0.396694 0.000000

 0.809917 0.000000

 0.404959 0.000000

 0.801653 0.000000

 0.793388 0.000000

 0.413223 0.000000

 0.785124 0.000000

 0.421488 0.000000

 0.776860 0.000000

 0.429752 0.000000

 0.768595 0.000000

 0.438017 0.000000

 0.760331 0.000000

 0.446281 0.000000

 0.752066 0.000000

 0.454545 0.000000

 0.743802 0.000000

 0.462810 0.000000

 0.735537 0.000000

 0.471074 0.000000

 0.727273 0.000000

 0.479339 0.000000

 0.719008 0.000000

 0.487603 0.000000

 0.710744 0.000000

 0.495868 0.000000

 0.504132 0.000000

 0.702479 0.000000

 0.512397 0.000000

 0.694215 0.000000

 0.520661 0.000000

 0.685950 0.000000

 0.528926 0.000000

 0.677686 0.000000

 0.537190 0.000000

 0.669421 0.000000

 0.545455 0.000000

 0.661157 0.000000

 0.553719 0.000000

 0.652893 0.000000

 0.561983 0.000000

 0.644628 0.000000

 0.570248 0.000000

 0.636364 0.000000

 0.578512 0.000000

 0.628099 0.000000

 0.586777 0.000000

 0.619835 0.000000

 0.595041 0.000000

 0.611570 0.000000

 0.603306 0.000000

 0.008264 0.000000

 0.388430 0.000000

 0.000000 0.000000

 0.016529 0.000000

 0.380165 0.000000

 0.024793 0.000000

 0.371901 0.000000

 0.033058 0.000000

 0.363636 0.000000

 0.041322 0.000000

 0.355372 0.000000

 0.049587 0.000000

 0.347107 0.000000

 0.057851 0.000000

 0.338843 0.000000

 0.066116 0.000000

 0.330579 0.000000

 0.074380 0.000000

 0.322314 0.000000

 0.082645 0.000000

 0.314050 0.000000

 0.090909 0.000000

 0.305785 0.000000

 0.297521 0.000000

 0.099174 0.000000

 0.107438 0.000000

 0.289256 0.000000

 0.115702 0.000000

 0.280992 0.000000

 0.123967 0.000000

 0.272727 0.000000

 0.132231 0.000000

 0.264463 0.000000

 0.140496 0.000000

 0.256198 0.000000

 0.148760 0.000000

 0.247934 0.000000

 0.157025 0.000000

 0.239669 0.000000

 0.165289 0.000000

 0.231405 0.000000

 0.173554 0.000000

 0.223140 0.000000

 0.181818 0.000000

 0.214876 0.000000

 0.190083 0.000000

 0.206612 0.000000

 0.198347 0.000000

 0.017544 0.000000

 0.982456 0.000000

 0.964912 0.000000

 0.035088 0.000000

 0.052632 0.000000

 0.070175 0.000000

 0.947368 0.000000

 0.929825 0.000000

 0.912281 0.000000

 0.087719 0.000000

 0.894737 0.000000

 0.877193 0.000000

 0.105263 0.000000

 0.859649 0.000000

 0.526316 0.000000

 0.491228 0.000000

 0.508772 0.000000

 0.543860 0.000000

 0.842105 0.000000

 0.561404 0.000000

 0.122807 0.000000

 0.824561 0.000000

 0.578947 0.000000

 0.596491 0.000000

 0.807018 0.000000

 0.614035 0.000000

 0.789474 0.000000

 0.631579 0.000000

 0.771930 0.000000

 0.649123 0.000000

 0.140351 0.000000

 0.666667 0.000000

 0.754386 0.000000

 0.684211 0.000000

 0.736842 0.000000

 0.701754 0.000000

 0.719298 0.000000

 0.157895 0.000000

 0.175439 0.000000

 0.192982 0.000000

 0.473684 0.000000

 0.210526 0.000000

 0.456140 0.000000

 0.438596 0.000000

 0.228070 0.000000

 0.421053 0.000000

 0.403509 0.000000

 0.385965 0.000000

 0.245614 0.000000

 0.368421 0.000000

 0.350877 0.000000

 0.263158 0.000000

 0.333333 0.000000

 0.315789 0.000000

 0.280702 0.000000

 0.298246 0.000000

 0.387755 0.000000

 0.367347 0.000000

 0.377551 0.000000

 0.357143 0.000000

 0.397959 0.000000

 0.346939 0.000000

 0.408163 0.000000

 0.336735 0.000000

 0.418367 0.000000

 0.326531 0.000000

 0.428571 0.000000

 0.316327 0.000000

 0.438776 0.000000

 0.306122 0.000000

 0.448980 0.000000

 0.877551 0.000000

 0.867347 0.000000

 0.887755 0.000000

 0.857143 0.000000

 0.897959 0.000000

 0.846939 0.000000

 0.908163 0.000000

 0.295918 0.000000

 0.836735 0.000000

 0.459184 0.000000

 0.918367 0.000000

 0.826531 0.000000

 0.928571 0.000000

 0.816327 0.000000

 0.938776 0.000000

 0.806122 0.000000

 0.948980 0.000000

 0.469388 0.000000

 0.285714 0.000000

 0.795918 0.000000

 0.959184 0.000000

 0.785714 0.000000

 0.969388 0.000000

 0.479592 0.000000

 0.275510 0.000000

 0.775510 0.000000

 0.979592 0.000000

 0.765306 0.000000

 0.989796 0.000000

 0.489796 0.000000

 0.755102 0.000000

 0.265306 0.000000

 0.500000 0.000000

 0.255102 0.000000

 0.510204 0.000000

 0.244898 0.000000

 0.234694 0.000000

 0.520408 0.000000

 0.224490 0.000000

 0.214286 0.000000

 0.530612 0.000000

 0.204082 0.000000

 0.540816 0.000000

 0.193878 0.000000

 0.010204 0.000000

 0.744898 0.000000

 0.183673 0.000000

 0.020408 0.000000

 0.030612 0.000000

 0.551020 0.000000

 0.173469 0.000000

 0.040816 0.000000

 0.051020 0.000000

 0.163265 0.000000

 0.061224 0.000000

 0.153061 0.000000

 0.071429 0.000000

 0.561224 0.000000

 0.081633 0.000000

 0.142857 0.000000

 0.091837 0.000000

 0.132653 0.000000

 0.102041 0.000000

 0.112245 0.000000

 0.122449 0.000000

 0.571429 0.000000

 0.734694 0.000000

 0.581633 0.000000

 0.724490 0.000000

 0.714286 0.000000

 0.591837 0.000000

 0.704082 0.000000

 0.693878 0.000000

 0.602041 0.000000

 0.683673 0.000000

 0.673469 0.000000

 0.612245 0.000000

 0.663265 0.000000

 0.653061 0.000000

 0.642857 0.000000

 0.622449 0.000000

 0.632653 0.000000

 0.097744 0.000000

 0.082707 0.000000

 0.090226 0.000000

 0.075188 0.000000

 0.067669 0.000000

 0.060150 0.000000

 0.112782 0.000000

 0.045113 0.000000

 0.120301 0.000000

 0.037594 0.000000

 0.030075 0.000000

 0.127820 0.000000

 0.022556 0.000000

 0.015038 0.000000

 0.135338 0.000000

 0.007519 0.000000

 0.939850 0.000000

 0.954887 0.000000

 0.962406 0.000000

 0.969925 0.000000

 0.977444 0.000000

 0.984962 0.000000

 0.992481 0.000000

 0.150376 0.000000

 0.924812 0.000000

 0.932331 0.000000

 0.917293 0.000000

 0.165414 0.000000

 0.902256 0.000000

 0.909774 0.000000

 0.887218 0.000000

 0.879699 0.000000

 0.872180 0.000000

 0.864662 0.000000

 0.172932 0.000000

 0.849624 0.000000

 0.834586 0.000000

 0.180451 0.000000

 0.827068 0.000000

 0.819549 0.000000

 0.812030 0.000000

 0.187970 0.000000

 0.804511 0.000000

 0.796992 0.000000

 0.781955 0.000000

 0.774436 0.000000

 0.195489 0.000000

 0.766917 0.000000

 0.759399 0.000000

 0.751880 0.000000

 0.203008 0.000000

 0.744361 0.000000

 0.729323 0.000000

 0.721804 0.000000

 0.218045 0.000000

 0.706767 0.000000

 0.225564 0.000000

 0.699248 0.000000

 0.233083 0.000000

 0.691729 0.000000

 0.240602 0.000000

 0.676692 0.000000

 0.248120 0.000000

 0.669173 0.000000

 0.661654 0.000000

 0.255639 0.000000

 0.654135 0.000000

 0.646617 0.000000

 0.270677 0.000000

 0.639098 0.000000

 0.458647 0.000000

 0.443609 0.000000

 0.451128 0.000000

 0.278196 0.000000

 0.436090 0.000000

 0.293233 0.000000

 0.624060 0.000000

 0.300752 0.000000

 0.413534 0.000000

 0.308271 0.000000

 0.406015 0.000000

 0.616541 0.000000

 0.398496 0.000000

 0.323308 0.000000

 0.330827 0.000000

 0.390977 0.000000

 0.338346 0.000000

 0.383459 0.000000

 0.345865 0.000000

 0.375940 0.000000

 0.353383 0.000000

 0.360902 0.000000

 0.609023 0.000000

 0.601504 0.000000

 0.593985 0.000000

 0.466165 0.000000

 0.586466 0.000000

 0.481203 0.000000

 0.488722 0.000000

 0.496241 0.000000

 0.503759 0.000000

 0.563910 0.000000

 0.511278 0.000000

 0.518797 0.000000

 0.556391 0.000000

 0.533835 0.000000

 0.548872 0.000000

 0.541353 0.000000

 0.600000 0.000000

 0.800000 0.000000

 0.400000 0.000000

 0.200000 0.000000

uv:

 0 1 2

 3 1 0

 3 4 1

 5 4 3

 5 6 4

 7 6 5

 7 8 6

 9 8 7

 9 10 8

 11 10 9

 11 12 10

 13 12 11

 13 14 12

 15 14 13

 15 16 14

 17 16 15

 17 18 16

 19 18 17

 19 20 18

 21 20 19

 21 22 20

 23 22 21

 23 24 22

 25 24 23

 25 26 24

 25 27 26

 28 27 25

 28 29 27

 30 29 28

 30 31 29

 32 31 30

 32 33 31

 34 33 32

 34 35 33

 36 35 34

 36 37 35

 38 37 36

 38 39 37

 40 39 38

 40 41 39

 42 41 40

 42 43 41

 44 43 42

 44 45 43

 46 45 44

 46 47 45

 48 47 46

 49 47 48

 49 50 47

 51 50 49

 51 52 50

 53 52 51

 53 54 52

 55 54 53

 55 56 54

 57 56 55

 57 58 56

 59 58 57

 59 60 58

 61 60 59

 61 62 60

 63 62 61

 63 64 62

 65 64 63

 65 66 64

 67 66 65

 67 68 66

 69 68 67

 69 70 68

 71 70 69

 71 72 70

 73 72 71

 74 75 76

 77 75 74

 77 78 75

 79 78 77

 79 80 78

 81 80 79

 81 82 80

 83 82 81

 83 84 82

 85 84 83

 85 86 84

 87 86 85

 87 88 86

 89 88 87

 89 90 88

 91 90 89

 91 92 90

 93 92 91

 93 94 92

 95 94 93

 95 96 94

 95 97 96

 98 97 95

 99 97 98

 99 100 97

 101 100 99

 101 102 100

 103 102 101

 103 104 102

 105 104 103

 105 106 104

 107 106 105

 107 108 106

 109 108 107

 109 110 108

 111 110 109

 111 112 110

 113 112 111

 113 114 112

 115 114 113

 115 116 114

 117 116 115

 117 118 116

 119 118 117

 119 120 118

 121 120 119

 122 21 76

 122 123 21

 122 124 123

 125 124 122

 126 124 125

 127 128 126

 128 124 126

 127 129 128

 127 130 129

 131 130 127

 131 132 130

 131 133 132

 134 133 131

 134 135 133

 136 137 138

 139 137 136

 134 140 135

 141 137 139

 142 140 134

 142 143 140

 144 137 141

 145 137 144

 142 146 143

 147 137 145

 142 148 146

 149 137 147

 142 150 148

 151 137 149

 152 150 142

 153 137 151

 152 154 150

 155 137 153

 152 156 154

 157 137 155

 152 158 156

 158 137 157

 152 137 158

 159 137 152

 160 137 159

 161 137 160

 161 162 137

 163 162 161

 163 164 162

 163 165 164

 166 165 163

 166 167 165

 166 168 167

 166 169 168

 170 169 166

 170 171 169

 170 172 171

 173 172 170

 173 174 172

 173 175 174

 176 175 173

 176 177 175

 38 104 82

 38 117 104

 117 76 95

 117 21 76

 38 21 117

 59 21 38

 59 43 21

 43 2 21

 59 66 43

 22 2 43

 178 179 180

 178 181 179

 182 181 178

 182 183 181

 184 183 182

 184 185 183

 186 185 184

 186 187 185

 188 187 186

 188 189 187

 190 189 188

 190 191 189

 192 193 190

 193 191 190

 192 194 193

 195 191 193

 192 196 194

 197 191 195

 192 198 196

 199 191 197

 199 200 191

 192 201 198

 202 201 192

 203 200 199

 202 204 201

 205 200 203

 202 206 204

 207 200 205

 202 208 206

 209 200 207

 210 208 202

 209 211 200

 210 212 208

 213 211 209

 210 214 212

 215 211 213

 216 214 210

 215 217 211

 216 218 214

 219 217 215

 216 220 218

 221 217 219

 222 220 216

 222 223 220

 221 224 217

 21 224 221

 222 21 223

 222 224 21

 225 224 222

 225 226 224

 227 228 225

 228 226 225

 227 229 228

 230 229 227

 230 231 229

 230 232 231

 233 232 230

 233 234 232

 235 234 233

 235 236 234

 237 238 76

 235 239 236

 240 238 237

 241 238 240

 242 239 235

 242 243 239

 244 238 241

 245 238 244

 242 246 243

 247 238 245

 242 248 246

 249 238 247

 250 248 242

 251 238 249

 250 252 248

 253 238 251

 250 254 252

 255 238 253

 256 238 255

 250 257 254

 257 238 256

 250 238 257

 258 238 250

 258 259 238

 260 259 258

 260 261 259

 260 262 261

 263 262 260

 263 264 262

 263 265 264

 266 265 263

 266 267 265

 266 268 267

 269 268 266

 269 270 268

 269 271 270

 269 272 271

 273 272 269

 273 274 272

 122 21 76

 122 123 21

 122 124 123

 125 124 122

 126 124 125

 127 128 126

 128 124 126

 127 129 128

 127 130 129

 131 130 127

 131 132 130

 131 133 132

 134 133 131

 134 135 133

 136 137 138

 139 137 136

 134 140 135

 141 137 139

 142 140 134

 142 143 140

 144 137 141

 145 137 144

 142 146 143

 147 137 145

 142 148 146

 149 137 147

 142 150 148

 151 137 149

 152 150 142

 153 137 151

 152 154 150

 155 137 153

 152 156 154

 157 137 155

 152 158 156

 158 137 157

 152 137 158

 159 137 152

 160 137 159

 161 137 160

 161 162 137

 163 162 161

 163 164 162

 163 165 164

 166 165 163

 166 167 165

 166 168 167

 166 169 168

 170 169 166

 170 171 169

 170 172 171

 173 172 170

 173 174 172

 173 175 174

 176 175 173

 176 177 175

 275 276 277

 275 278 276

 134 278 275

 134 279 278

 134 280 279

 281 280 134

 281 126 280

 281 282 126

 283 282 281

 283 284 282

 283 285 284

 286 285 283

 286 287 285

 286 288 287

 289 288 286

 289 290 288

 289 76 290

 252 76 289

 252 291 76

 291 128 76

 128 292 76

 292 293 76

 293 294 76

 294 295 76

 295 296 76

 296 297 76

 297 21 76

 298 299 252

 299 300 252

 300 291 252

 159 301 298

 301 299 298

 302 303 159

 303 304 159

 304 301 159

 302 132 303

 302 305 132

 302 306 305

 302 307 306

 302 308 307

 309 308 302

 309 196 308

 309 310 196

 309 140 310

 309 311 140

 312 311 309

 312 313 311

 312 314 313

 312 315 314

 316 315 312

 316 317 315

 316 318 317

 316 148 318

 316 319 148

 316 320 319

 321 320 316

 321 322 320

 321 323 322

 321 324 323

 325 324 321

 325 326 324

 325 156 326

 325 327 156

 163 327 325

 163 328 327

 329 328 163

 329 262 328

 329 330 262

 331 330 329

 331 332 330

 333 332 331

 333 334 332

 333 155 334

 335 155 333

 335 336 155

 337 336 335

 337 338 336

 337 339 338

 340 339 337

 340 341 339

 173 341 340

 173 342 341

 343 342 173

 343 344 342

 345 346 347

 343 149 344

 348 149 343

 345 349 346

 211 149 348

 345 188 349

 350 149 211

 350 351 149

 345 167 188

 352 351 350

 345 353 167

 354 351 352

 345 355 353

 175 351 354

 175 356 351

 345 357 355

 358 356 175

 359 356 358

 345 360 357

 361 356 359

 345 362 360

 363 356 361

 345 364 362

 365 356 363

 345 171 364

 366 356 365

 345 366 171

 366 367 356

 345 367 366

 345 368 367

 345 369 368

 370 369 345

 370 371 369

 162 371 370

 372 371 162

 372 144 371

 373 144 372

 374 144 373

 374 258 144

 375 258 374

 375 376 258

 377 376 375

 378 376 377

 378 379 376

 136 379 378

 380 379 136

 380 381 379

 382 381 380

 21 383 384

 21 385 383

 76 385 21

 76 386 385

 122 21 76

 122 123 21

 122 124 123

 125 124 122

 126 124 125

 127 128 126

 128 124 126

 127 129 128

 127 130 129

 131 130 127

 131 132 130

 131 133 132

 134 133 131

 134 135 133

 136 137 138

 139 137 136

 134 140 135

 141 137 139

 142 140 134

 142 143 140

 144 137 141

 145 137 144

 142 146 143

 147 137 145

 142 148 146

 149 137 147

 142 150 148

 151 137 149

 152 150 142

 153 137 151

 152 154 150

 155 137 153

 152 156 154

 157 137 155

 152 158 156

 158 137 157

 152 137 158

 159 137 152

 160 137 159

 161 137 160

 161 162 137

 163 162 161

 163 164 162

 163 165 164

 166 165 163

 166 167 165

 166 168 167

 166 169 168

 170 169 166

 170 171 169

 170 172 171

 173 172 170

 173 174 172

 173 175 174

 176 175 173

 176 177 175

 153 76 174

 153 21 76

palette:

 255 255 255 255

color:

 0 0 0

 0 0 0

 0 0 0

 0 0 0

 0 0 0

 0 0 0

 0 0 0

 0 0 0

 0 0 0

 0 0 0

 0 0 0

 0 0 0

 0 0 0

 0 0 0

 0 0 0

 0 0 0

 0 0 0

 0 0 0

 0 0 0

 0 0 0

 0 0 0

 0 0 0

 0 0 0

 0 0 0

 0 0 0

 0 0 0

 0 0 0

 0 0 0

 0 0 0

 0 0 0

 0 0 0

 0 0 0

 0 0 0

 0 0 0

 0 0 0

 0 0 0

 0 0 0

 0 0 0

 0 0 0

 0 0 0

 0 0 0

 0 0 0

 0 0 0

 0 0 0

 0 0 0

 0 0 0

 0 0 0

 0 0 0

 0 0 0

 0 0 0

 0 0 0

 0 0 0

 0 0 0

 0 0 0

 0 0 0

 0 0 0

 0 0 0

 0 0 0

 0 0 0

 0 0 0

 0 0 0

 0 0 0

 0 0 0

 0 0 0

 0 0 0

 0 0 0

 0 0 0

 0 0 0

 0 0 0

 0 0 0

 0 0 0

 0 0 0

 0 0 0

 0 0 0

 0 0 0

 0 0 0

 0 0 0

 0 0 0

 0 0 0

 0 0 0

 0 0 0

 0 0 0

 0 0 0

 0 0 0

 0 0 0

 0 0 0

 0 0 0

 0 0 0

 0 0 0

 0 0 0

 0 0 0

 0 0 0

 0 0 0

 0 0 0

 0 0 0

 0 0 0

 0 0 0

 0 0 0

 0 0 0

 0 0 0

 0 0 0

 0 0 0

 0 0 0

 0 0 0

 0 0 0

 0 0 0

 0 0 0

 0 0 0

 0 0 0

 0 0 0

 0 0 0

 0 0 0

 0 0 0

 0 0 0

 0 0 0

 0 0 0

 0 0 0

 0 0 0

 0 0 0

 0 0 0

 0 0 0

 0 0 0

 0 0 0

 0 0 0

 0 0 0

 0 0 0

 0 0 0

 0 0 0

 0 0 0

 0 0 0

 0 0 0

 0 0 0

 0 0 0

 0 0 0

 0 0 0

 0 0 0

 0 0 0

 0 0 0

 0 0 0

 0 0 0

 0 0 0

 0 0 0

 0 0 0

 0 0 0

 0 0 0

 0 0 0

 0 0 0

 0 0 0

 0 0 0

 0 0 0

 0 0 0

 0 0 0

 0 0 0

 0 0 0

 0 0 0

 0 0 0

 0 0 0

 0 0 0

 0 0 0

 0 0 0

 0 0 0

 0 0 0

 0 0 0

 0 0 0

 0 0 0

 0 0 0

 0 0 0

 0 0 0

 0 0 0

 0 0 0

 0 0 0

 0 0 0

 0 0 0

 0 0 0

 0 0 0

 0 0 0

 0 0 0

 0 0 0

 0 0 0

 0 0 0

 0 0 0

 0 0 0

 0 0 0

 0 0 0

 0 0 0

 0 0 0

 0 0 0

 0 0 0

 0 0 0

 0 0 0

 0 0 0

 0 0 0

 0 0 0

 0 0 0

 0 0 0

 0 0 0

 0 0 0

 0 0 0

 0 0 0

 0 0 0

 0 0 0

 0 0 0

 0 0 0

 0 0 0

 0 0 0

 0 0 0

 0 0 0

 0 0 0

 0 0 0

 0 0 0

 0 0 0

 0 0 0

 0 0 0

 0 0 0

 0 0 0

 0 0 0

 0 0 0

 0 0 0

 0 0 0

 0 0 0

 0 0 0

 0 0 0

 0 0 0

 0 0 0

 0 0 0

 0 0 0

 0 0 0

 0 0 0

 0 0 0

 0 0 0

 0 0 0

 0 0 0

 0 0 0

 0 0 0

 0 0 0

 0 0 0

 0 0 0

 0 0 0

 0 0 0

 0 0 0

 0 0 0

 0 0 0

 0 0 0

 0 0 0

 0 0 0

 0 0 0

 0 0 0

 0 0 0

 0 0 0

 0 0 0

 0 0 0

 0 0 0

 0 0 0

 0 0 0

 0 0 0

 0 0 0

 0 0 0

 0 0 0

 0 0 0

 0 0 0

 0 0 0

 0 0 0

 0 0 0

 0 0 0

 0 0 0

 0 0 0

 0 0 0

 0 0 0

 0 0 0

 0 0 0

 0 0 0

 0 0 0

 0 0 0

 0 0 0

 0 0 0

 0 0 0

 0 0 0

 0 0 0

 0 0 0

 0 0 0

 0 0 0

 0 0 0

 0 0 0

 0 0 0

 0 0 0

 0 0 0

 0 0 0

 0 0 0

 0 0 0

 0 0 0

 0 0 0

 0 0 0

 0 0 0

 0 0 0

 0 0 0

 0 0 0

 0 0 0

 0 0 0

 0 0 0

 0 0 0

 0 0 0

 0 0 0

 0 0 0

 0 0 0

 0 0 0

 0 0 0

 0 0 0

 0 0 0

 0 0 0

 0 0 0

 0 0 0

 0 0 0

 0 0 0

 0 0 0

 0 0 0

 0 0 0

 0 0 0

 0 0 0

 0 0 0

 0 0 0

 0 0 0

 0 0 0

 0 0 0

 0 0 0

 0 0 0

 0 0 0

 0 0 0

 0 0 0

 0 0 0

 0 0 0

 0 0 0

 0 0 0

 0 0 0

 0 0 0

 0 0 0

 0 0 0

 0 0 0

 0 0 0

 0 0 0

 0 0 0

 0 0 0

 0 0 0

 0 0 0

 0 0 0

 0 0 0

 0 0 0

 0 0 0

 0 0 0

 0 0 0

 0 0 0

 0 0 0

 0 0 0

 0 0 0

 0 0 0

 0 0 0

 0 0 0

 0 0 0

 0 0 0

 0 0 0

 0 0 0

 0 0 0

 0 0 0

 0 0 0

 0 0 0

 0 0 0

 0 0 0

 0 0 0

 0 0 0

 0 0 0

 0 0 0

 0 0 0

 0 0 0

 0 0 0

 0 0 0

 0 0 0

 0 0 0

 0 0 0

 0 0 0

 0 0 0

 0 0 0

 0 0 0

 0 0 0

 0 0 0

 0 0 0

 0 0 0

 0 0 0

 0 0 0

 0 0 0

 0 0 0

 0 0 0

 0 0 0

 0 0 0

 0 0 0

 0 0 0

 0 0 0

 0 0 0

 0 0 0

 0 0 0

 0 0 0

 0 0 0

 0 0 0

 0 0 0

 0 0 0

 0 0 0

 0 0 0

 0 0 0

 0 0 0

 0 0 0

 0 0 0

 0 0 0

 0 0 0

 0 0 0

 0 0 0

 0 0 0

 0 0 0

 0 0 0

 0 0 0

 0 0 0

 0 0 0

 0 0 0

 0 0 0

 0 0 0

 0 0 0

 0 0 0

 0 0 0

 0 0 0

 0 0 0

 0 0 0

 0 0 0

 0 0 0

 0 0 0

 0 0 0

 0 0 0

 0 0 0

 0 0 0

 0 0 0

 0 0 0

 0 0 0

 0 0 0

 0 0 0

 0 0 0

 0 0 0

 0 0 0

 0 0 0

 0 0 0

 0 0 0

 0 0 0

 0 0 0

 0 0 0

 0 0 0

 0 0 0

 0 0 0

 0 0 0

 0 0 0

 0 0 0

 0 0 0

 0 0 0

 0 0 0

 0 0 0

 0 0 0

 0 0 0

 0 0 0

 0 0 0

 0 0 0

 0 0 0

 0 0 0

 0 0 0

 0 0 0

 0 0 0

 0 0 0

 0 0 0

 0 0 0

 0 0 0

 0 0 0

 0 0 0

 0 0 0

 0 0 0

 0 0 0

 0 0 0

 0 0 0

 0 0 0

 0 0 0

 0 0 0

 0 0 0

 0 0 0

 0 0 0

 0 0 0

 0 0 0

 0 0 0

 0 0 0

 0 0 0

 0 0 0

 0 0 0

 0 0 0

 0 0 0

 0 0 0

 0 0 0

 0 0 0

 0 0 0

 0 0 0

 0 0 0

 0 0 0

 0 0 0

 0 0 0

 0 0 0

 0 0 0

 0 0 0

 0 0 0

 0 0 0

 0 0 0

 0 0 0

 0 0 0

 0 0 0

 0 0 0

 0 0 0

 0 0 0

 0 0 0

 0 0 0

 0 0 0

 0 0 0

 0 0 0

 0 0 0

 0 0 0

 0 0 0

 0 0 0

 0 0 0

 0 0 0

 0 0 0

 0 0 0

 0 0 0

 0 0 0

 0 0 0

 0 0 0

