vectors:

 -4.820513 0.004267 1.526479

 -3.303503 -3.377126 2.427043

 -4.820513 0.004267 7.065061

 -3.303503 -3.377126 6.164495

 4.828899 0.004267 1.526479

 3.311886 -3.377126 2.427043

 4.828899 0.004267 7.065061

 3.311886 -3.377126 6.164495

 0.004192 -5.143476 4.295770

 -3.303503 -2.534121 2.427043

 -3.303503 -2.534121 6.164495

 3.311886 -2.534121 6.164495

 3.311886 -2.534121 2.427043

 -4.036276 -2.955623 2.013052

 -4.036276 -2.955623 6.578486

 4.044662 -2.955623 6.578486

 4.044662 -2.955623 2.013052

 -3.303503 -0.777935 6.164495

 3.311886 -0.777935 6.164495

 3.311886 -0.777935 2.427043

 -3.303503 -0.777935 2.427043

 -9.337678 -0.018843 2.119052

 -8.844572 -2.006505 2.648425

 -9.337678 -0.018843 5.374760

 -8.844572 -2.006505 4.845387

 -6.107727 -0.018843 2.119052

 -6.600834 -2.006505 2.648425

 -6.107727 -0.018843 5.374760

 -6.600834 -2.006505 4.845387

 -7.722703 -3.044806 3.746906

 -8.844572 -1.510966 2.648425

 -8.844572 -1.510966 4.845387

 -6.600834 -1.510966 4.845387

 -6.600834 -1.510966 2.648425

 -9.093107 -1.758735 2.405072

 -9.093107 -1.758735 5.088741

 -6.352299 -1.758735 5.088741

 -6.352299 -1.758735 2.405072

 -8.844572 -0.478640 4.845387

 -6.600834 -0.478640 4.845387

 -6.600834 -0.478640 2.648425

 -8.844572 -0.478640 2.648425

 6.403269 -0.478640 -4.925332

 8.647008 -0.478640 -4.925332

 8.647008 -0.478640 -2.728370

 6.403269 -0.478640 -2.728370

 8.895542 -1.758735 -5.168685

 8.895542 -1.758735 -2.485016

 6.154735 -1.758735 -2.485016

 6.154735 -1.758735 -5.168685

 8.647008 -1.510966 -4.925332

 8.647008 -1.510966 -2.728370

 6.403269 -1.510966 -2.728370

 6.403269 -1.510966 -4.925332

 7.525139 -3.044806 -3.826851

 8.647008 -2.006505 -2.728370

 9.140115 -0.018843 -2.198997

 8.647008 -2.006505 -4.925332

 9.140115 -0.018843 -5.454705

 6.403269 -2.006505 -2.728370

 5.910163 -0.018843 -2.198997

 6.403269 -2.006505 -4.925332

 5.910163 -0.018843 -5.454705

 6.346820 -0.478640 2.648425

 8.590558 -0.478640 2.648425

 8.590558 -0.478640 4.845387

 6.346820 -0.478640 4.845387

 8.839093 -1.758735 2.405072

 8.839093 -1.758735 5.088741

 6.098285 -1.758735 5.088741

 6.098285 -1.758735 2.405072

 8.590558 -1.510966 2.648425

 8.590558 -1.510966 4.845387

 6.346820 -1.510966 4.845387

 6.346820 -1.510966 2.648425

 7.468689 -3.044806 3.746906

 8.590558 -2.006505 4.845387

 9.083666 -0.018843 5.374760

 8.590558 -2.006505 2.648425

 9.083666 -0.018843 2.119052

 6.346820 -2.006505 4.845387

 5.853714 -0.018843 5.374760

 6.346820 -2.006505 2.648425

 5.853714 -0.018843 2.119052

 -9.281229 -0.018843 -5.454705

 -8.788123 -2.006505 -4.925332

 -9.281229 -0.018843 -2.198997

 -8.788123 -2.006505 -2.728370

 -6.051277 -0.018843 -5.454705

 -6.544384 -2.006505 -4.925332

 -6.051277 -0.018843 -2.198997

 -6.544384 -2.006505 -2.728370

 -7.666254 -3.044806 -3.826851

 -8.788123 -1.510966 -4.925332

 -8.788123 -1.510966 -2.728370

 -6.544384 -1.510966 -2.728370

 -6.544384 -1.510966 -4.925332

 -9.036657 -1.758735 -5.168685

 -9.036657 -1.758735 -2.485016

 -6.295849 -1.758735 -2.485016

 -6.295849 -1.758735 -5.168685

 -8.788123 -0.478640 -2.728370

 -6.544384 -0.478640 -2.728370

 -6.544384 -0.478640 -4.925332

 -8.788123 -0.478640 -4.925332

 -4.820513 0.004267 4.295770

 -3.303503 -2.534121 4.295769

 -3.303503 -0.777935 4.295769

tris:

 34 22 24

 34 24 35

 13 1 3

 13 3 14

 14 3 7

 14 7 15

 15 7 5

 15 5 16

 5 7 8

 3 1 8

 8 1 5

 7 3 8

 18 11 12

 18 12 19

 17 10 11

 17 11 18

 107 106 10

 107 10 17

 11 15 16

 11 16 12

 10 14 15

 10 15 11

 13 10 106

 13 106 9

 105 107 17

 105 17 2

 2 17 18

 2 18 6

 6 18 19

 6 19 4

 35 24 28

 35 28 36

 36 28 26

 36 26 37

 37 26 22

 37 22 34

 26 28 29

 24 22 29

 22 26 29

 28 24 29

 40 33 30

 40 30 41

 39 32 33

 39 33 40

 38 31 32

 38 32 39

 41 30 31

 41 31 38

 33 37 34

 33 34 30

 32 36 37

 32 37 33

 31 35 36

 31 36 32

 30 34 35

 30 35 31

 21 41 38

 21 38 23

 23 38 39

 23 39 27

 27 39 40

 27 40 25

 25 40 41

 25 41 21

 56 44 43

 56 43 58

 52 48 47

 52 47 51

 50 46 49

 50 49 53

 62 42 45

 62 45 60

 57 55 54

 61 57 54

 45 52 51

 45 51 44

 43 50 53

 43 53 42

 60 45 44

 60 44 56

 51 47 46

 51 46 50

 53 49 48

 53 48 52

 58 43 42

 58 42 62

 47 55 57

 47 57 46

 49 61 59

 49 59 48

 46 57 61

 46 61 49

 48 59 55

 48 55 47

 44 51 50

 44 50 43

 42 53 52

 42 52 45

 55 59 54

 59 61 54

 77 65 64

 77 64 79

 73 69 68

 73 68 72

 71 67 70

 71 70 74

 83 63 66

 83 66 81

 78 76 75

 82 78 75

 66 73 72

 66 72 65

 64 71 74

 64 74 63

 81 66 65

 81 65 77

 72 68 67

 72 67 71

 74 70 69

 74 69 73

 79 64 63

 79 63 83

 68 76 78

 68 78 67

 70 82 80

 70 80 69

 67 78 82

 67 82 70

 69 80 76

 69 76 68

 65 72 71

 65 71 64

 63 74 73

 63 73 66

 76 80 75

 80 82 75

 97 85 87

 97 87 98

 98 87 91

 98 91 99

 99 91 89

 99 89 100

 100 89 85

 100 85 97

 89 91 92

 87 85 92

 85 89 92

 91 87 92

 103 96 93

 103 93 104

 102 95 96

 102 96 103

 101 94 95

 101 95 102

 104 93 94

 104 94 101

 96 100 97

 96 97 93

 95 99 100

 95 100 96

 94 98 99

 94 99 95

 93 97 98

 93 98 94

 84 104 101

 84 101 86

 86 101 102

 86 102 90

 90 102 103

 90 103 88

 88 103 104

 88 104 84

 19 20 0

 19 0 4

 16 13 9

 16 9 12

 12 9 20

 12 20 19

 5 1 13

 5 13 16

 13 14 10

 0 20 107

 0 107 105

 20 9 106

 20 106 107

vector2s:

 0.035662 0.288478

 0.052422 0.304888

 0.052422 0.453040

 0.035662 0.469451

 0.008529 0.298589

 0.028908 0.314476

 0.028908 0.457897

 0.008529 0.473783

 0.212883 0.457897

 0.233262 0.473783

 0.212883 0.314476

 0.233262 0.298589

 0.120895 0.386186

 0.690997 0.248998

 0.690997 0.498429

 0.314640 0.498429

 0.314640 0.248998

 0.998401 0.248998

 0.998401 0.498429

 0.250585 0.498429

 0.250585 0.248998

 0.795325 0.248998

 0.795325 0.498429

 0.576856 0.498429

 0.576856 0.248998

 0.157575 0.255448

 0.157575 0.297370

 0.119606 0.297370

 0.119606 0.255448

 0.224505 0.255448

 0.224505 0.297370

 0.052676 0.297370

 0.028756 0.297370

 0.028756 0.255448

 0.052676 0.255448

 0.377872 0.570875

 0.378786 0.595000

 0.343088 0.595844

 0.319455 0.574439

 0.342424 0.683647

 0.319339 0.705736

 0.414852 0.684417

 0.434155 0.708123

 0.203729 0.453040

 0.220488 0.469451

 0.203729 0.304888

 0.220488 0.288478

 0.128075 0.378965

 0.771698 0.253474

 0.771698 0.498390

 0.253999 0.498390

 0.253999 0.253474

 0.998006 0.253474

 0.998006 0.498390

 0.576741 0.498390

 0.576741 0.253474

 0.340311 0.712602

 0.334453 0.692096

 0.410954 0.692096

 0.405096 0.712602

 0.045314 0.458520

 0.029866 0.473967

 0.200220 0.473967

 0.184773 0.458520

 0.184773 0.319060

 0.200220 0.303613

 0.029866 0.303613

 0.045314 0.319060

 0.115043 0.388790

 0.415182 0.594680

 0.435888 0.572171

 0.997212 0.498429

 0.252745 0.498429

 0.252744 0.248998

 0.997212 0.248998

 0.053857 0.292833

 0.008775 0.292833

 0.020283 0.258965

 1.002168 0.248998

 1.002168 0.498429

uv:

 0 1 2

 0 2 3

 4 5 6

 4 6 7

 7 6 8

 7 8 9

 9 8 10

 9 10 11

 10 8 12

 6 5 12

 12 5 10

 8 6 12

 13 14 15

 13 15 16

 17 18 19

 17 19 20

 21 22 23

 21 23 24

 25 26 27

 25 27 28

 29 30 26

 29 26 25

 31 32 33

 31 33 34

 35 36 37

 35 37 38

 38 37 39

 38 39 40

 40 39 41

 40 41 42

 3 2 43

 3 43 44

 44 43 45

 44 45 46

 46 45 1

 46 1 0

 45 43 47

 2 1 47

 1 45 47

 43 2 47

 48 49 50

 48 50 51

 52 53 54

 52 54 55

 48 49 50

 48 50 51

 52 53 54

 52 54 55

 45 46 0

 45 0 1

 43 44 46

 43 46 45

 2 3 44

 2 44 43

 1 0 3

 1 3 2

 56 57 58

 56 58 59

 56 57 58

 56 58 59

 56 57 58

 56 58 59

 56 57 58

 56 58 59

 56 57 58

 56 58 59

 60 61 62

 60 62 63

 64 65 66

 64 66 67

 56 57 58

 56 58 59

 64 63 68

 67 64 68

 48 49 50

 48 50 51

 48 49 50

 48 50 51

 56 57 58

 56 58 59

 63 62 65

 63 65 64

 67 66 61

 67 61 60

 56 57 58

 56 58 59

 62 63 64

 62 64 65

 66 67 60

 66 60 61

 65 64 67

 65 67 66

 61 60 63

 61 63 62

 52 53 54

 52 54 55

 52 53 54

 52 54 55

 63 60 68

 60 67 68

 56 57 58

 56 58 59

 2 3 44

 2 44 43

 45 46 0

 45 0 1

 56 57 58

 56 58 59

 45 43 47

 1 45 47

 48 49 50

 48 50 51

 48 49 50

 48 50 51

 56 57 58

 56 58 59

 43 44 46

 43 46 45

 1 0 3

 1 3 2

 56 57 58

 56 58 59

 44 43 45

 44 45 46

 0 1 2

 0 2 3

 46 45 1

 46 1 0

 3 2 43

 3 43 44

 52 53 54

 52 54 55

 52 53 54

 52 54 55

 43 2 47

 2 1 47

 66 67 60

 66 60 61

 61 60 63

 61 63 62

 62 63 64

 62 64 65

 65 64 67

 65 67 66

 64 63 68

 60 67 68

 67 64 68

 63 60 68

 48 49 50

 48 50 51

 52 53 54

 52 54 55

 48 49 50

 48 50 51

 52 53 54

 52 54 55

 64 65 66

 64 66 67

 63 62 65

 63 65 64

 60 61 62

 60 62 63

 67 66 61

 67 61 60

 56 57 58

 56 58 59

 56 57 58

 56 58 59

 56 57 58

 56 58 59

 56 57 58

 56 58 59

 41 69 70

 41 70 42

 27 31 34

 27 34 28

 71 72 73

 71 73 74

 10 5 4

 10 4 11

 75 76 77

 70 69 36

 70 36 35

 78 79 22

 78 22 21

palette:

 255 255 255 255

 198 198 198 255

 112 112 112 255

 194 194 194 255

 99 99 99 255

 233 233 233 255

 51 51 51 255

 60 60 60 255

 107 107 107 255

 138 138 138 255

 159 159 159 255

 226 226 226 255

 134 134 134 255

 188 188 188 255

color:

 0 0 0

 0 0 0

 0 0 0

 0 0 0

 0 0 0

 0 0 0

 0 0 0

 0 0 0

 0 0 1

 0 0 1

 1 0 0

 0 0 1

 2 3 0

 2 0 0

 4 5 3

 4 3 2

 6 7 5

 6 5 4

 3 0 0

 3 0 0

 5 0 0

 5 0 3

 0 5 7

 0 7 0

 8 6 4

 8 4 9

 9 4 2

 9 2 10

 10 2 0

 10 0 10

 0 0 0

 0 0 0

 0 0 0

 0 0 0

 0 0 0

 0 0 0

 0 0 11

 0 0 11

 0 0 11

 0 0 11

 12 3 3

 12 3 12

 12 3 3

 12 3 12

 12 3 3

 12 3 12

 12 3 3

 12 3 12

 3 0 0

 3 0 3

 3 0 0

 3 0 3

 3 0 0

 3 0 3

 3 0 0

 3 0 3

 13 12 12

 13 12 13

 13 12 12

 13 12 13

 13 12 12

 13 12 13

 13 12 12

 13 12 13

 13 12 12

 13 12 13

 3 0 0

 3 0 3

 3 0 0

 3 0 3

 13 12 12

 13 12 13

 0 0 11

 0 0 11

 12 3 3

 12 3 12

 12 3 3

 12 3 12

 13 12 12

 13 12 13

 3 0 0

 3 0 3

 3 0 0

 3 0 3

 13 12 12

 13 12 13

 0 0 0

 0 0 0

 0 0 0

 0 0 0

 0 0 0

 0 0 0

 0 0 0

 0 0 0

 12 3 3

 12 3 12

 12 3 3

 12 3 12

 0 0 11

 0 0 11

 13 12 12

 13 12 13

 3 0 0

 3 0 3

 3 0 0

 3 0 3

 13 12 12

 13 12 13

 0 0 11

 0 0 11

 12 3 3

 12 3 12

 12 3 3

 12 3 12

 13 12 12

 13 12 13

 3 0 0

 3 0 3

 3 0 0

 3 0 3

 13 12 12

 13 12 13

 0 0 0

 0 0 0

 0 0 0

 0 0 0

 0 0 0

 0 0 0

 0 0 0

 0 0 0

 12 3 3

 12 3 12

 12 3 3

 12 3 12

 0 0 11

 0 0 11

 0 0 0

 0 0 0

 0 0 0

 0 0 0

 0 0 0

 0 0 0

 0 0 0

 0 0 0

 0 0 11

 0 0 11

 0 0 11

 0 0 11

 12 3 3

 12 3 12

 12 3 3

 12 3 12

 12 3 3

 12 3 12

 12 3 3

 12 3 12

 3 0 0

 3 0 3

 3 0 0

 3 0 3

 3 0 0

 3 0 3

 3 0 0

 3 0 3

 13 12 12

 13 12 13

 13 12 12

 13 12 13

 13 12 12

 13 12 13

 13 12 12

 13 12 13

 0 0 9

 0 9 10

 0 0 0

 0 0 0

 0 0 0

 0 0 0

 0 0 0

 0 0 0

 0 0 5

 9 0 6

 9 6 8

 0 0 7

 0 7 6

