vectors:

 -2.518019 1.543213 1.013234

 -1.624547 -0.448322 1.543638

 -2.518019 1.543213 4.275287

 -1.624547 -0.448322 3.744881

 3.165186 1.543213 1.013234

 2.271712 -0.448322 1.543638

 3.165186 1.543213 4.275287

 2.271712 -0.448322 3.744881

 -1.624547 0.048182 1.543638

 -1.624547 0.048182 3.744881

 2.271712 0.048182 3.744881

 2.271712 0.048182 1.543638

 -2.056128 -0.200070 1.299810

 -2.056128 -0.200070 3.988709

 2.703294 -0.200070 3.988709

 2.703294 -0.200070 1.299810

 -1.624547 1.082520 3.744881

 2.271712 1.082520 3.744881

 2.271712 1.082520 1.543638

 -1.624547 1.082520 1.543638

 -0.812875 -0.246640 1.349083

 -0.222212 -0.246640 1.349083

 -0.156785 -0.808281 1.242312

 -0.156785 -0.808281 1.929330

 -0.878302 -0.808281 1.929330

 -0.878302 -0.808281 1.242312

 -0.222212 -0.699573 1.349083

 -0.222212 -0.699573 1.810033

 -0.812875 -0.699573 1.810033

 -0.812875 -0.699573 1.349083

 -0.222212 -0.916989 2.041177

 -0.222212 -0.916989 1.349083

 -0.812875 -0.916989 2.041177

 -0.812875 -0.916989 1.349083

 -2.518019 1.543213 2.644260

 -1.624547 0.048182 2.644260

 -1.624547 1.082520 2.644260

 -6.291603 1.543213 4.224775

 -5.761198 -0.448322 3.331304

 -3.029550 1.543213 4.224776

 -3.559955 -0.448322 3.331304

 -6.291602 1.543213 -1.458429

 -5.761197 -0.448322 -0.564955

 -3.029550 1.543213 -1.458428

 -3.559954 -0.448322 -0.564955

 -5.761198 0.048182 3.331304

 -3.559955 0.048182 3.331304

 -3.559954 0.048182 -0.564955

 -5.761197 0.048182 -0.564955

 -6.005026 -0.200070 3.762885

 -3.316127 -0.200070 3.762885

 -3.316127 -0.200070 -0.996537

 -6.005025 -0.200070 -0.996538

 -3.559955 1.082520 3.331304

 -3.559954 1.082520 -0.564955

 -5.761197 1.082520 -0.564955

 -5.761198 1.082520 3.331304

 -4.660576 1.543213 4.224775

 -4.660576 0.048182 3.331304

 -4.660576 1.082520 3.331304

 -0.611598 -1.363518 2.511879

 1.258754 -1.363518 2.511879

 1.258754 -1.363518 2.776641

 -0.611598 -1.363518 2.776641

 -4.792957 -1.363518 2.414171

 -4.792957 -1.363518 0.352174

 -4.528195 -1.363518 0.352174

 -4.528195 -1.363518 2.414171

 -0.488458 -1.327678 1.783575

 -0.488458 -1.327678 2.477472

 -0.546629 -1.327678 2.477472

 -0.546629 -1.327678 1.783575

 0.787125 -0.246640 1.349083

 1.377788 -0.246640 1.349083

 1.443215 -0.808281 1.242312

 1.443215 -0.808281 1.929330

 0.721698 -0.808281 1.929330

 0.721698 -0.808281 1.242312

 1.377788 -0.699573 1.349083

 1.377788 -0.699573 1.810033

 0.787125 -0.699573 1.810033

 0.787125 -0.699573 1.349083

 1.377788 -0.916989 2.041177

 1.377788 -0.916989 1.349083

 0.787125 -0.916989 2.041177

 0.787125 -0.916989 1.349083

 1.111542 -1.327678 1.783575

 1.111542 -1.327678 2.477472

 1.053371 -1.327678 2.477472

 1.053371 -1.327678 1.783575

 1.377797 -0.246640 3.917831

 0.787135 -0.246640 3.917830

 0.721708 -0.808281 4.024602

 0.721708 -0.808281 3.337583

 1.443225 -0.808281 3.337583

 1.443224 -0.808281 4.024602

 0.787135 -0.699573 3.917830

 0.787135 -0.699573 3.456880

 1.377797 -0.699573 3.456881

 1.377797 -0.699573 3.917831

 0.787135 -0.916989 3.225736

 0.787135 -0.916989 3.917830

 1.377797 -0.916989 3.225736

 1.377797 -0.916989 3.917831

 1.053381 -1.327678 3.483339

 1.053381 -1.327678 2.789442

 1.111552 -1.327678 2.789442

 1.111552 -1.327678 3.483339

 -0.222202 -0.246640 3.917830

 -0.812865 -0.246640 3.917830

 -0.878292 -0.808281 4.024601

 -0.878292 -0.808281 3.337583

 -0.156776 -0.808281 3.337583

 -0.156776 -0.808281 4.024602

 -0.812865 -0.699573 3.917830

 -0.812865 -0.699573 3.456880

 -0.222202 -0.699573 3.456880

 -0.222202 -0.699573 3.917830

 -0.812865 -0.916989 3.225736

 -0.812865 -0.916989 3.917830

 -0.222202 -0.916989 3.225736

 -0.222202 -0.916989 3.917830

 -0.546619 -1.327678 3.483338

 -0.546619 -1.327678 2.789441

 -0.488448 -1.327678 2.789441

 -0.488448 -1.327678 3.483338

 -2.512344 1.342474 -0.654868

 -2.317207 0.234818 -0.459731

 -2.512344 1.342474 0.287384

 -2.317207 0.234818 0.092249

 -1.570091 1.342474 -0.654868

 -1.765228 0.234818 -0.459731

 -1.570091 1.342474 0.287384

 -1.765228 0.234818 0.092249

 -2.857811 -0.212998 -1.000337

 -2.857811 -0.212998 0.632850

 -1.224624 -0.212998 0.632850

 -1.224624 -0.212998 -1.000337

 -2.574419 -1.542513 -0.716945

 -2.574419 -1.542513 0.349457

 -1.508017 -1.542513 0.349457

 -1.508017 -1.542513 -0.716945

 -2.041218 -2.321698 -0.183744

 -2.192899 0.924050 -0.335423

 -2.192899 0.924050 -0.032059

 -1.889536 0.924050 -0.032059

 -1.889536 0.924050 -0.335423

 -2.307818 -1.932106 -0.450344

 -2.237242 0.391591 -0.379766

 -2.237242 0.391591 0.012284

 -1.845192 0.391591 0.012284

 -1.845192 0.391591 -0.379766

 -2.141137 0.657820 -0.083821

 -1.941298 0.657820 -0.083821

 -1.941298 0.657820 -0.283660

 -2.141137 0.657820 -0.283660

 -2.299224 1.133262 0.074265

 -1.783211 1.133262 0.074265

 -1.783211 1.133262 -0.441748

 -2.299224 1.133262 -0.441748

 1.669200 1.342474 -0.760730

 1.864336 0.234818 -0.565593

 1.669200 1.342474 0.181522

 1.864336 0.234818 -0.013613

 2.611452 1.342474 -0.760730

 2.416316 0.234818 -0.565593

 2.611452 1.342474 0.181522

 2.416316 0.234818 -0.013613

 1.323732 -0.212998 -1.106199

 1.323732 -0.212998 0.526989

 2.956920 -0.212998 0.526989

 2.956920 -0.212998 -1.106199

 1.607125 -1.542513 -0.822806

 1.607125 -1.542513 0.243595

 2.673527 -1.542513 0.243595

 2.673527 -1.542513 -0.822806

 2.140326 -2.321698 -0.289605

 1.988644 0.924050 -0.441285

 1.988644 0.924050 -0.137921

 2.292008 0.924050 -0.137921

 2.292008 0.924050 -0.441285

 1.873725 -1.932106 -0.556206

 1.944301 0.391591 -0.485628

 1.944301 0.391591 -0.093578

 2.336351 0.391591 -0.093578

 2.336351 0.391591 -0.485628

 2.040407 0.657820 -0.189683

 2.240245 0.657820 -0.189683

 2.240245 0.657820 -0.389522

 2.040407 0.657820 -0.389522

 1.882319 1.133262 -0.031597

 2.398333 1.133262 -0.031597

 2.398333 1.133262 -0.547610

 1.882319 1.133262 -0.547610

tris:

 12 1 3

 12 3 13

 13 3 7

 13 7 14

 14 7 5

 14 5 15

 17 10 11

 17 11 18

 16 9 10

 16 10 17

 36 35 9

 36 9 16

 10 14 15

 10 15 11

 9 13 14

 9 14 10

 12 9 35

 12 35 8

 34 36 16

 34 16 2

 2 16 17

 2 17 6

 6 17 18

 6 18 4

 26 22 25

 26 25 29

 21 26 29

 21 29 20

 27 23 22

 27 22 26

 29 25 24

 29 24 28

 23 30 31

 23 31 22

 25 33 32

 25 32 24

 22 31 33

 22 33 25

 21 27 26

 20 29 28

 18 19 0

 18 0 4

 15 12 8

 15 8 11

 11 8 19

 11 19 18

 5 1 12

 5 12 15

 12 13 9

 0 19 36

 0 36 34

 19 8 35

 19 35 36

 49 38 40

 49 40 50

 50 40 44

 50 44 51

 51 44 42

 51 42 52

 54 47 48

 54 48 55

 53 46 47

 53 47 54

 59 58 46

 59 46 53

 47 51 52

 47 52 48

 46 50 51

 46 51 47

 49 46 58

 49 58 45

 57 59 53

 57 53 39

 39 53 54

 39 54 43

 43 54 55

 43 55 41

 55 56 37

 55 37 41

 52 49 45

 52 45 48

 48 45 56

 48 56 55

 42 38 49

 42 49 52

 49 50 46

 37 56 59

 37 59 57

 56 45 58

 56 58 59

 60 61 62

 60 62 63

 64 65 66

 64 66 67

 61 60 1

 61 1 5

 7 3 63

 7 63 62

 5 7 62

 5 62 61

 3 1 60

 3 60 63

 65 64 38

 65 38 42

 44 40 67

 44 67 66

 42 44 66

 42 66 65

 40 38 64

 40 64 67

 68 69 70

 68 70 71

 32 33 71

 32 71 70

 31 30 69

 31 69 68

 33 31 68

 33 68 71

 78 74 77

 78 77 81

 73 78 81

 73 81 72

 79 75 74

 79 74 78

 81 77 76

 81 76 80

 75 82 83

 75 83 74

 77 85 84

 77 84 76

 74 83 85

 74 85 77

 73 79 78

 72 81 80

 86 87 88

 86 88 89

 84 85 89

 84 89 88

 83 82 87

 83 87 86

 85 83 86

 85 86 89

 96 92 95

 96 95 99

 91 96 99

 91 99 90

 97 93 92

 97 92 96

 99 95 94

 99 94 98

 93 100 101

 93 101 92

 95 103 102

 95 102 94

 92 101 103

 92 103 95

 91 97 96

 90 99 98

 104 105 106

 104 106 107

 102 103 107

 102 107 106

 101 100 105

 101 105 104

 103 101 104

 103 104 107

 114 110 113

 114 113 117

 109 114 117

 109 117 108

 115 111 110

 115 110 114

 117 113 112

 117 112 116

 111 118 119

 111 119 110

 113 121 120

 113 120 112

 110 119 121

 110 121 113

 109 115 114

 108 117 116

 122 123 124

 122 124 125

 120 121 125

 120 125 124

 119 118 123

 119 123 122

 121 119 122

 121 122 125

 148 127 129

 148 129 149

 149 129 133

 149 133 150

 150 133 131

 150 131 151

 151 131 127

 151 127 148

 154 151 148

 154 148 155

 127 131 137

 127 137 134

 137 136 140

 137 140 141

 133 129 135

 133 135 136

 131 133 136

 131 136 137

 129 127 134

 129 134 135

 141 140 142

 135 134 138

 135 138 139

 134 137 141

 134 141 138

 136 135 139

 136 139 140

 139 138 147

 139 147 142

 138 141 142

 138 142 147

 140 139 142

 158 146 143

 158 143 159

 157 145 146

 157 146 158

 156 144 145

 156 145 157

 159 143 144

 159 144 156

 153 150 151

 153 151 154

 152 149 150

 152 150 153

 155 148 149

 155 149 152

 143 155 152

 143 152 144

 144 152 153

 144 153 145

 145 153 154

 145 154 146

 146 154 155

 146 155 143

 126 159 156

 126 156 128

 128 156 157

 128 157 132

 132 157 158

 132 158 130

 130 158 159

 130 159 126

 182 161 163

 182 163 183

 183 163 167

 183 167 184

 184 167 165

 184 165 185

 185 165 161

 185 161 182

 188 185 182

 188 182 189

 161 165 171

 161 171 168

 171 170 174

 171 174 175

 167 163 169

 167 169 170

 165 167 170

 165 170 171

 163 161 168

 163 168 169

 175 174 176

 169 168 172

 169 172 173

 168 171 175

 168 175 172

 170 169 173

 170 173 174

 173 172 181

 173 181 176

 172 175 176

 172 176 181

 174 173 176

 192 180 177

 192 177 193

 191 179 180

 191 180 192

 190 178 179

 190 179 191

 193 177 178

 193 178 190

 187 184 185

 187 185 188

 186 183 184

 186 184 187

 189 182 183

 189 183 186

 177 189 186

 177 186 178

 178 186 187

 178 187 179

 179 187 188

 179 188 180

 180 188 189

 180 189 177

 160 193 190

 160 190 162

 162 190 191

 162 191 166

 166 191 192

 166 192 164

 164 192 193

 164 193 160

vector2s:

 0.578638 0.320863

 0.597780 0.331678

 0.597780 0.429309

 0.578638 0.440123

 0.770589 0.429309

 0.789732 0.440123

 0.770589 0.331678

 0.789732 0.320863

 0.690997 0.248998

 0.690997 0.498429

 0.314640 0.498429

 0.314640 0.248998

 0.998401 0.248998

 0.998401 0.498429

 0.250585 0.498429

 0.250585 0.248998

 0.795325 0.248998

 0.795325 0.498429

 0.576856 0.498429

 0.576856 0.248998

 0.597780 0.380493

 0.602307 0.787490

 0.603475 0.818303

 0.557879 0.819381

 0.527695 0.792042

 0.557031 0.931527

 0.527547 0.959740

 0.649540 0.932511

 0.674194 0.962789

 0.203729 0.304888

 0.220488 0.288478

 0.035662 0.288478

 0.052422 0.304888

 0.999508 0.253474

 0.999508 0.498390

 0.809562 0.498390

 0.809562 0.253474

 0.203729 0.453040

 0.220488 0.469451

 0.035662 0.469451

 0.052422 0.453040

 0.998006 0.253474

 0.998006 0.498390

 0.576741 0.498390

 0.649961 0.817895

 0.676407 0.789144

 0.997212 0.498429

 0.252745 0.498429

 0.252744 0.248998

 0.997212 0.248998

 1.002168 0.248998

 1.002168 0.498429

 0.635895 0.484018

 0.646376 0.465467

 0.740993 0.465467

 0.751474 0.484018

 0.740993 0.297991

 0.751474 0.279440

 0.646376 0.297991

 0.635895 0.279440

 0.693684 0.465467

 0.642707 0.374622

 0.725662 0.374622

 0.725662 0.386365

 0.642707 0.386365

 0.687993 0.426045

 0.687993 0.337413

 0.699375 0.337413

 0.699375 0.426045

 0.135526 0.371669

 0.135526 0.386260

 0.120625 0.386260

 0.120625 0.371669

 0.930068 0.669040

 0.930068 0.677010

 0.904458 0.677010

 0.904458 0.669040

 0.930068 0.655504

 0.904458 0.655504

 0.836711 0.852336

 0.944539 0.852336

 0.944539 0.960164

 0.836711 0.960164

 0.944539 0.906250

 0.890625 0.906250

 0.930068 0.624447

 0.930068 0.641968

 0.904458 0.641968

 0.904458 0.624447

 0.930068 0.606926

 0.904458 0.606926

uv:

 0 1 2

 0 2 3

 3 2 4

 3 4 5

 5 4 6

 5 6 7

 8 9 10

 8 10 11

 12 13 14

 12 14 15

 16 17 18

 16 18 19

 4 5 7

 4 7 6

 2 3 5

 2 5 4

 0 2 20

 0 20 1

 21 22 23

 21 23 24

 24 23 25

 24 25 26

 26 25 27

 26 27 28

 29 30 31

 29 31 32

 33 34 35

 33 35 36

 37 38 30

 37 30 29

 32 31 39

 32 39 40

 38 37 29

 38 29 30

 31 32 40

 31 40 39

 30 29 32

 30 32 31

 41 42 43

 41 42 43

 27 44 45

 27 45 28

 7 0 1

 7 1 6

 46 47 48

 46 48 49

 6 1 0

 6 0 7

 0 3 2

 45 44 22

 45 22 21

 50 51 17

 50 17 16

 52 53 54

 52 54 55

 55 54 56

 55 56 57

 57 56 58

 57 58 59

 8 9 10

 8 10 11

 12 13 14

 12 14 15

 16 17 18

 16 18 19

 56 57 59

 56 59 58

 54 55 57

 54 57 56

 52 54 60

 52 60 53

 21 22 23

 21 23 24

 24 23 25

 24 25 26

 26 25 27

 26 27 28

 27 44 45

 27 45 28

 59 52 53

 59 53 58

 46 47 48

 46 48 49

 58 53 52

 58 52 59

 52 55 54

 45 44 22

 45 22 21

 50 51 17

 50 17 16

 61 62 63

 61 63 64

 65 66 67

 65 67 68

 62 61 1

 62 1 6

 4 2 64

 4 64 63

 6 4 63

 6 63 62

 2 1 61

 2 61 64

 66 65 53

 66 53 58

 56 54 68

 56 68 67

 58 56 67

 58 67 66

 54 53 65

 54 65 68

 69 70 71

 69 71 72

 40 32 72

 40 72 71

 29 37 70

 29 70 69

 32 29 69

 32 69 72

 29 30 31

 29 31 32

 33 34 35

 33 35 36

 37 38 30

 37 30 29

 32 31 39

 32 39 40

 38 37 29

 38 29 30

 31 32 40

 31 40 39

 30 29 32

 30 32 31

 41 42 43

 41 42 43

 69 70 71

 69 71 72

 40 32 72

 40 72 71

 29 37 70

 29 70 69

 32 29 69

 32 69 72

 29 30 31

 29 31 32

 33 34 35

 33 35 36

 37 38 30

 37 30 29

 32 31 39

 32 39 40

 38 37 29

 38 29 30

 31 32 40

 31 40 39

 30 29 32

 30 32 31

 41 42 43

 41 42 43

 69 70 71

 69 71 72

 40 32 72

 40 72 71

 29 37 70

 29 70 69

 32 29 69

 32 69 72

 29 30 31

 29 31 32

 33 34 35

 33 35 36

 37 38 30

 37 30 29

 32 31 39

 32 39 40

 38 37 29

 38 29 30

 31 32 40

 31 40 39

 30 29 32

 30 32 31

 41 42 43

 41 42 43

 69 70 71

 69 71 72

 40 32 72

 40 72 71

 29 37 70

 29 70 69

 32 29 69

 32 69 72

 73 74 75

 73 75 76

 73 74 75

 73 75 76

 73 74 75

 73 75 76

 73 74 75

 73 75 76

 77 73 76

 77 76 78

 79 80 81

 79 81 82

 79 80 81

 79 81 82

 79 80 81

 79 81 82

 79 80 81

 79 81 82

 79 80 81

 79 81 82

 79 80 81

 79 80 81

 79 81 82

 79 80 81

 79 81 82

 79 80 81

 79 81 82

 79 80 83

 79 83 81

 79 80 81

 79 81 84

 79 80 81

 85 86 87

 85 87 88

 85 86 87

 85 87 88

 85 86 87

 85 87 88

 85 86 87

 85 87 88

 77 73 76

 77 76 78

 77 73 76

 77 76 78

 77 73 76

 77 76 78

 86 77 78

 86 78 87

 86 77 78

 86 78 87

 86 77 78

 86 78 87

 86 77 78

 86 78 87

 89 85 88

 89 88 90

 89 85 88

 89 88 90

 89 85 88

 89 88 90

 89 85 88

 89 88 90

 73 74 75

 73 75 76

 73 74 75

 73 75 76

 73 74 75

 73 75 76

 73 74 75

 73 75 76

 77 73 76

 77 76 78

 79 80 81

 79 81 82

 79 80 81

 79 81 82

 79 80 81

 79 81 82

 79 80 81

 79 81 82

 79 80 81

 79 81 82

 79 80 81

 79 80 81

 79 81 82

 79 80 81

 79 81 82

 79 80 81

 79 81 82

 79 80 83

 79 83 81

 79 80 81

 79 81 84

 79 80 81

 85 86 87

 85 87 88

 85 86 87

 85 87 88

 85 86 87

 85 87 88

 85 86 87

 85 87 88

 77 73 76

 77 76 78

 77 73 76

 77 76 78

 77 73 76

 77 76 78

 86 77 78

 86 78 87

 86 77 78

 86 78 87

 86 77 78

 86 78 87

 86 77 78

 86 78 87

 89 85 88

 89 88 90

 89 85 88

 89 88 90

 89 85 88

 89 88 90

 89 85 88

 89 88 90

palette:

 131 138 115 255

 163 116 6 255

 255 202 23 255

 33 33 33 255

 206 206 206 255

 253 253 253 255

 105 105 105 255

 16 16 16 255

 255 255 255 255

 0 0 0 255

 214 214 214 255

 25 25 25 255

 76 76 76 255

 119 119 119 255

 231 231 231 255

 214 154 13 255

 116 116 116 255

 152 152 152 255

 121 85 0 255

 103 69 0 255

 161 114 6 255

 53 53 53 255

 255 0 0 255

 114 112 105 255

 105 103 96 255

 149 149 141 255

 87 85 79 255

 116 81 0 255

 139 99 2 255

 109 77 0 255

 41 53 25 255

 244 255 214 255

 246 246 246 255

color:

 0 0 0

 0 0 0

 0 0 1

 0 1 2

 2 1 1

 2 1 2

 3 4 5

 3 5 6

 7 8 4

 7 4 3

 9 9 8

 9 8 7

 4 2 2

 4 2 5

 8 0 2

 8 2 4

 0 8 9

 0 9 10

 11 9 7

 11 7 12

 12 7 3

 12 3 13

 13 3 6

 13 6 13

 14 15 15

 14 15 14

 16 14 14

 16 14 16

 17 18 15

 17 15 14

 14 15 18

 14 18 17

 18 19 20

 18 20 15

 15 20 19

 15 19 18

 15 20 20

 15 20 15

 16 17 14

 16 14 17

 6 21 12

 6 12 13

 2 0 10

 2 10 5

 5 10 21

 5 21 6

 1 0 0

 1 0 2

 0 0 8

 12 21 9

 12 9 11

 21 10 9

 21 9 9

 22 22 22

 22 22 22

 22 22 22

 22 22 22

 22 22 22

 22 22 22

 3 23 24

 3 24 6

 7 25 23

 7 23 3

 9 9 25

 9 25 7

 23 22 22

 23 22 24

 25 22 22

 25 22 23

 22 25 9

 22 9 26

 11 9 7

 11 7 12

 12 7 3

 12 3 13

 13 3 6

 13 6 13

 6 21 12

 6 12 13

 22 22 26

 22 26 24

 24 26 21

 24 21 6

 22 22 22

 22 22 22

 22 22 25

 12 21 9

 12 9 11

 21 26 9

 21 9 9

 27 27 27

 27 27 27

 22 22 22

 22 22 22

 27 27 0

 27 0 1

 1 0 27

 1 27 27

 1 1 27

 1 27 27

 0 0 27

 0 27 27

 22 22 22

 22 22 22

 22 22 22

 22 22 22

 22 22 22

 22 22 22

 22 22 22

 22 22 22

 28 29 29

 28 29 28

 19 20 28

 19 28 29

 20 19 29

 20 29 28

 20 20 28

 20 28 28

 14 15 15

 14 15 14

 16 14 14

 16 14 16

 17 18 15

 17 15 14

 14 15 18

 14 18 17

 18 19 20

 18 20 15

 15 20 19

 15 19 18

 15 20 20

 15 20 15

 16 17 14

 16 14 17

 28 29 29

 28 29 28

 19 20 28

 19 28 29

 20 19 29

 20 29 28

 20 20 28

 20 28 28

 14 15 15

 14 15 14

 16 14 14

 16 14 16

 17 18 15

 17 15 14

 14 15 18

 14 18 17

 18 19 20

 18 20 15

 15 20 19

 15 19 18

 15 20 20

 15 20 15

 16 17 14

 16 14 17

 28 29 29

 28 29 28

 19 20 28

 19 28 29

 20 19 29

 20 29 28

 20 20 28

 20 28 28

 14 15 15

 14 15 14

 16 14 14

 16 14 16

 17 18 15

 17 15 14

 14 15 18

 14 18 17

 18 19 20

 18 20 15

 15 20 19

 15 19 18

 15 20 20

 15 20 15

 16 17 14

 16 14 17

 28 29 29

 28 29 28

 19 20 28

 19 28 29

 20 19 29

 20 29 28

 20 20 28

 20 28 28

 30 30 30

 30 30 30

 30 30 30

 30 30 30

 30 30 30

 30 30 30

 30 30 30

 30 30 30

 8 30 30

 8 30 8

 30 30 0

 30 0 0

 0 0 31

 0 31 31

 30 30 0

 30 0 0

 30 30 0

 30 0 0

 30 30 0

 30 0 0

 31 31 31

 0 0 31

 0 31 31

 0 0 31

 0 31 31

 0 0 31

 0 31 31

 31 31 31

 31 31 31

 31 31 31

 31 31 31

 31 31 31

 32 8 8

 32 8 32

 32 8 8

 32 8 32

 32 8 8

 32 8 32

 32 8 8

 32 8 32

 8 30 30

 8 30 8

 8 30 30

 8 30 8

 8 30 30

 8 30 8

 8 8 8

 8 8 8

 8 8 8

 8 8 8

 8 8 8

 8 8 8

 8 8 8

 8 8 8

 30 32 32

 30 32 30

 30 32 32

 30 32 30

 30 32 32

 30 32 30

 30 32 32

 30 32 30

 30 30 30

 30 30 30

 30 30 30

 30 30 30

 30 30 30

 30 30 30

 30 30 30

 30 30 30

 8 30 30

 8 30 8

 30 30 0

 30 0 0

 0 0 31

 0 31 31

 30 30 0

 30 0 0

 30 30 0

 30 0 0

 30 30 0

 30 0 0

 31 31 31

 0 0 31

 0 31 31

 0 0 31

 0 31 31

 0 0 31

 0 31 31

 31 31 31

 31 31 31

 31 31 31

 31 31 31

 31 31 31

 32 8 8

 32 8 32

 32 8 8

 32 8 32

 32 8 8

 32 8 32

 32 8 8

 32 8 32

 8 30 30

 8 30 8

 8 30 30

 8 30 8

 8 30 30

 8 30 8

 8 8 8

 8 8 8

 8 8 8

 8 8 8

 8 8 8

 8 8 8

 8 8 8

 8 8 8

 30 32 32

 30 32 30

 30 32 32

 30 32 30

 30 32 32

 30 32 30

 30 32 32

 30 32 30

